Raw Data (#.=61)
log.afreq  log.sfreq  log.loss  storage   
==========================================
-0.773248 -1.57143 -1.02929 2.3854
-0.630391 -1.42857 -1.03713 2.366
-0.487532 -1.28571 -1.03489 2.3468
-0.344674 -1.14285 -0.985004 2.3266
-0.20182 -1 -0.995278 2.3044
-0.0589614 -0.857141 -1.04123 2.2848
0.083893 -0.714285 -1.00182 2.265
0.226752 -0.571428 -0.977759 2.2433
0.369609 -0.428571 -0.982943 2.2214
0.512468 -0.285712 -0.968078 2.1994
0.655326 -0.142855 -0.963705 2.1765
0.79818 0 -0.955554 2.1538
0.941039 0.142859 -0.958444 2.1303
1.08389 0.285715 -0.954989 2.1076
1.22675 0.428572 -0.954668 2.0839
1.36961 0.571429 -0.97678 2.0615
1.51247 0.714288 -0.963263 2.0391
1.65533 0.857145 -0.977592 2.0164
1.79818 1 -1.00477 1.9952
1.94104 1.14286 -1.0156 1.9747
2.08389 1.28571 -1.03366 1.9549
2.22675 1.42857 -1.05664 1.936
2.36961 1.57143 -1.08553 1.9182
2.51247 1.71429 -1.11611 1.9016
2.65533 1.85715 -1.14525 1.8861
2.79818 2 -1.17428 1.8716
2.94104 2.14286 -1.20922 1.8581
3.08389 2.28571 -1.24402 1.8457
3.22675 2.42857 -1.27929 1.8342
3.36961 2.57143 -1.31976 1.8237
3.51247 2.71429 -1.35827 1.8141
3.65533 2.85715 -1.39357 1.8053
3.79818 3 -1.43572 1.7972
3.94104 3.14286 -1.47434 1.7899
4.08389 3.28571 -1.50667 1.7831
4.22675 3.42857 -1.55086 1.7769
4.36961 3.57143 -1.59531 1.7713
4.51247 3.71429 -1.62725 1.7662
4.65533 3.85715 -1.65623 1.7614
4.79818 4 -1.7004 1.757
4.94104 4.14286 -1.73205 1.753
5.08389 4.28571 -1.75262 1.7492
5.22675 4.42857 -1.7753 1.7456
5.36961 4.57143 -1.80969 1.7422
5.51247 4.71429 -1.8433 1.7391
5.65533 4.85715 -1.83839 1.7361
5.79818 5 -1.86712 1.7331
5.94104 5.14286 -1.89166 1.7304
6.08389 5.28571 -1.90492 1.7277
6.22675 5.42857 -1.92549 1.7252
6.36961 5.57143 -1.98873 1.7228
6.51247 5.71429 -1.88685 1.7206
6.65533 5.85715 -2.31298 1.7188
6.79818 6 -2.6745 1.7212
6.94104 6.14286 -2.21017 1.7193
7.08389 6.28571 -2.9787 1.7197
7.22675 6.42857 -1.68642 1.7206
7.36961 6.57143 -1.73711 1.7268
7.51247 6.71429 -1.37431 1.7301
7.65533 6.85715 -1.19764 1.7443
7.79818 7 -2.28565 1.7504


Cubic Spline Interpolation (Global Range)
log.afreq  log.sfreq  f  df  d2f         
=========================================
-0.773248 -1.57143 -1.02929 -0.0288306 -0.364791
-0.764677 -1.56286 -1.02955 -0.0319573 -0.364791
-0.756105 -1.55429 -1.02984 -0.0350841 -0.364791
-0.747534 -1.54571 -1.03015 -0.0382109 -0.364791
-0.738962 -1.53714 -1.03049 -0.0413377 -0.364791
-0.730391 -1.52857 -1.03086 -0.0444645 -0.364791
-0.721819 -1.52 -1.03126 -0.0475912 -0.364791
-0.713248 -1.51143 -1.03168 -0.050718 -0.364791
-0.704677 -1.50286 -1.03213 -0.0538448 -0.364791
-0.696105 -1.49429 -1.0326 -0.0569716 -0.364791
-0.687534 -1.48571 -1.0331 -0.0600984 -0.364791
-0.678962 -1.47714 -1.03363 -0.0632251 -0.364791
-0.670391 -1.46857 -1.03419 -0.0663519 -0.364791
-0.661819 -1.46 -1.03477 -0.0694787 -0.364791
-0.653248 -1.45143 -1.03538 -0.0726055 -0.364791
-0.644677 -1.44286 -1.03601 -0.0757323 -0.364791
-0.636105 -1.43429 -1.03668 -0.078859 -0.364791
-0.627534 -1.42571 -1.03737 -0.0818386 -0.261739
-0.618962 -1.41714 -1.03807 -0.0827572 0.0474067
-0.610391 -1.40857 -1.03878 -0.0810259 0.356553
-0.601819 -1.4 -1.03945 -0.0766448 0.665699
-0.593248 -1.39143 -1.04008 -0.0696139 0.974844
-0.584677 -1.38286 -1.04064 -0.0599332 1.28399
-0.576105 -1.37429 -1.0411 -0.0476027 1.59314
-0.567534 -1.36571 -1.04145 -0.0326223 1.90228
-0.558962 -1.35714 -1.04165 -0.0149921 2.21143
-0.550391 -1.34857 -1.0417 0.00528789 2.52057
-0.541819 -1.34 -1.04156 0.0282177 2.82972
-0.533248 -1.33143 -1.04121 0.0537974 3.13887
-0.524677 -1.32286 -1.04063 0.0820269 3.44801
-0.516105 -1.31429 -1.03979 0.112906 3.75716
-0.507534 -1.30571 -1.03868 0.146435 4.0663
-0.498962 -1.29714 -1.03728 0.182614 4.37545
-0.490391 -1.28857 -1.03555 0.221443 4.6846
-0.481819 -1.28 -1.03347 0.261241 4.40522
-0.473248 -1.27143 -1.03108 0.29654 3.83132
-0.464677 -1.26286 -1.02841 0.32692 3.25741
-0.456105 -1.25429 -1.02549 0.352381 2.6835
-0.447534 -1.24571 -1.02238 0.372923 2.1096
-0.438962 -1.23714 -1.01911 0.388546 1.53569
-0.430391 -1.22857 -1.01573 0.399249 0.961781
-0.421819 -1.22 -1.01228 0.405034 0.387874
-0.413248 -1.21143 -1.0088 0.405899 -0.186033
-0.404677 -1.20286 -1.00534 0.401844 -0.75994
-0.396105 -1.19429 -1.00193 0.392871 -1.33385
-0.387534 -1.18571 -0.998616 0.378978 -1.90775
-0.378962 -1.17714 -0.995445 0.360167 -2.48166
-0.370391 -1.16857 -0.992456 0.336436 -3.05557
-0.361819 -1.16 -0.989691 0.307786 -3.62947
-0.353248 -1.15143 -0.987194 0.274216 -4.20338
-0.344677 -1.14286 -0.985005 0.235728 -4.77729
-0.336105 -1.13429 -0.983159 0.195141 -4.6928
-0.327534 -1.12571 -0.981657 0.15528 -4.60811
-0.318962 -1.11714 -0.980495 0.116144 -4.52342
-0.310391 -1.10857 -0.979664 0.0777351 -4.43873
-0.30182 -1.1 -0.97916 0.0400518 -4.35404
-0.293248 -1.09143 -0.978975 0.0030944 -4.26935
-0.284677 -1.08286 -0.979105 -0.0331371 -4.18466
-0.276105 -1.07429 -0.979541 -0.0686427 -4.09997
-0.267534 -1.06571 -0.980279 -0.103422 -4.01529
-0.258962 -1.05714 -0.981312 -0.137476 -3.9306
-0.250391 -1.04857 -0.982634 -0.170804 -3.84591
-0.24182 -1.04 -0.984238 -0.203406 -3.76122
-0.233248 -1.03143 -0.986119 -0.235282 -3.67653
-0.224677 -1.02286 -0.98827 -0.266432 -3.59184
-0.216105 -1.01429 -0.990684 -0.296856 -3.50715
-0.207534 -1.00571 -0.993357 -0.326555 -3.42246
-0.198962 -0.997142 -0.99628 -0.35525 -3.14363
-0.190391 -0.988571 -0.999432 -0.379336 -2.47662
-0.18182 -0.979999 -1.00277 -0.397706 -1.80961
-0.173248 -0.971428 -1.00623 -0.410358 -1.1426
-0.164677 -0.962857 -1.00978 -0.417294 -0.475595
-0.156105 -0.954285 -1.01337 -0.418511 0.191413
-0.147534 -0.945714 -1.01694 -0.414012 0.858421
-0.138962 -0.937142 -1.02045 -0.403796 1.52543
-0.130391 -0.928571 -1.02385 -0.387862 2.19244
-0.12182 -0.919999 -1.02708 -0.366211 2.85945
-0.113248 -0.911428 -1.03011 -0.338843 3.52645
-0.104677 -0.902857 -1.03288 -0.305758 4.19346
-0.0961052 -0.894285 -1.03534 -0.266955 4.86047
-0.0875338 -0.885714 -1.03744 -0.222435 5.52748
-0.0789624 -0.877142 -1.03913 -0.172198 6.19449
-0.0703909 -0.868571 -1.04037 -0.116244 6.8615
-0.0618195 -0.859999 -1.04111 -0.0545725 7.52851
-0.0532481 -0.851428 -1.0413 0.010371 7.33949
-0.0446767 -0.842857 -1.04095 0.0706352 6.72217
-0.0361052 -0.834285 -1.0401 0.125608 6.10484
-0.0275338 -0.825714 -1.03881 0.17529 5.48751
-0.0189624 -0.817142 -1.03711 0.21968 4.87018
-0.0103909 -0.808571 -1.03506 0.258778 4.25285
-0.00181951 -0.799999 -1.03269 0.292586 3.63553
0.00675192 -0.791428 -1.03006 0.321102 3.0182
0.0153233 -0.782857 -1.0272 0.344326 2.40087
0.0238948 -0.774285 -1.02417 0.36226 1.78354
0.0324662 -0.765714 -1.02101 0.374901 1.16622
0.0410376 -0.757142 -1.01776 0.382252 0.548888
0.0496091 -0.748571 -1.01447 0.384311 -0.0684401
0.0581805 -0.739999 -1.01118 0.381079 -0.685768
0.0667519 -0.731428 -1.00795 0.372555 -1.3031
0.0753233 -0.722857 -1.00481 0.35874 -1.92042
0.0838948 -0.714285 -1.00182 0.339633 -2.53762
0.0924662 -0.705714 -0.998997 0.317991 -2.51237
0.101038 -0.697142 -0.996364 0.296564 -2.48712
0.109609 -0.688571 -0.993913 0.275354 -2.46187
0.11818 -0.679999 -0.991643 0.254361 -2.43662
0.126752 -0.671428 -0.989552 0.233584 -2.41137
0.135323 -0.662857 -0.987638 0.213023 -2.38612
0.143895 -0.654285 -0.985899 0.192679 -2.36087
0.152466 -0.645714 -0.984334 0.172551 -2.33562
0.161038 -0.637142 -0.98294 0.15264 -2.31037
0.169609 -0.628571 -0.981717 0.132945 -2.28512
0.17818 -0.619999 -0.980661 0.113466 -2.25987
0.186752 -0.611428 -0.979771 0.0942041 -2.23462
0.195323 -0.602857 -0.979045 0.0751585 -2.20936
0.203895 -0.594285 -0.978482 0.0563293 -2.18411
0.212466 -0.585714 -0.978079 0.0377166 -2.15886
0.221038 -0.577142 -0.977835 0.0193202 -2.13361
0.229609 -0.568571 -0.977747 0.00125756 -2.02629
0.23818 -0.559999 -0.977807 -0.0149471 -1.75479
0.246752 -0.551428 -0.977997 -0.0288246 -1.4833
0.255323 -0.542857 -0.978295 -0.0403751 -1.21181
0.263895 -0.534285 -0.978682 -0.0495986 -0.940322
0.272466 -0.525714 -0.979138 -0.0564949 -0.66883
0.281038 -0.517142 -0.979644 -0.0610642 -0.397339
0.289609 -0.508571 -0.980179 -0.0633065 -0.125848
0.29818 -0.499999 -0.980723 -0.0632216 0.145643
0.306752 -0.491428 -0.981256 -0.0608097 0.417134
0.315323 -0.482857 -0.981758 -0.0560708 0.688625
0.323895 -0.474285 -0.98221 -0.0490047 0.960116
0.332466 -0.465714 -0.982592 -0.0396116 1.23161
0.341038 -0.457142 -0.982883 -0.0278915 1.5031
0.349609 -0.448571 -0.983063 -0.0138442 1.77459
0.35818 -0.439999 -0.983113 0.00253008 2.04608
0.366752 -0.431428 -0.983013 0.0212314 2.31757
0.375323 -0.422857 -0.982745 0.0412823 2.2469
0.383895 -0.414285 -0.982311 0.0595053 2.00515
0.392466 -0.405714 -0.98173 0.0756562 1.7634
0.401038 -0.397142 -0.98102 0.0897349 1.52164
0.409609 -0.388571 -0.980198 0.101742 1.27989
0.41818 -0.379999 -0.979282 0.111676 1.03814
0.426752 -0.371428 -0.97829 0.119538 0.796389
0.435323 -0.362857 -0.977239 0.125328 0.554637
0.443895 -0.354285 -0.976147 0.129046 0.312886
0.452466 -0.345714 -0.975032 0.130692 0.0711342
0.461038 -0.337142 -0.973912 0.130266 -0.170617
0.469609 -0.328571 -0.972805 0.127767 -0.412369
0.47818 -0.319999 -0.971728 0.123197 -0.654121
0.486752 -0.311428 -0.970699 0.116554 -0.895872
0.495323 -0.302857 -0.969736 0.107839 -1.13762
0.503895 -0.294285 -0.968856 0.0970516 -1.37938
0.512466 -0.285714 -0.968078 0.0841923 -1.62113
0.521038 -0.277142 -0.967414 0.0709682 -1.46442
0.529609 -0.268571 -0.966858 0.059088 -1.30762
0.53818 -0.259999 -0.966397 0.0485518 -1.15083
0.546752 -0.251428 -0.966022 0.0393595 -0.994036
0.555323 -0.242857 -0.965719 0.0315112 -0.837242
0.563895 -0.234285 -0.965478 0.0250068 -0.680448
0.572466 -0.225714 -0.965286 0.0198464 -0.523654
0.581038 -0.217142 -0.965133 0.0160299 -0.36686
0.589609 -0.208571 -0.965008 0.0135573 -0.210066
0.59818 -0.199999 -0.964897 0.0124288 -0.0532717
0.606752 -0.191428 -0.964791 0.0126441 0.103522
0.615323 -0.182857 -0.964677 0.0142034 0.260316
0.623895 -0.174285 -0.964543 0.0171067 0.41711
0.632466 -0.165714 -0.96438 0.0213539 0.573904
0.641038 -0.157142 -0.964173 0.026945 0.730698
0.649609 -0.148571 -0.963914 0.0338801 0.887492
0.65818 -0.139999 -0.963589 0.0420211 0.947544
0.666752 -0.131428 -0.963196 0.0495699 0.813839
0.675323 -0.122857 -0.962742 0.0559726 0.680134
0.683895 -0.114285 -0.962239 0.0612293 0.546429
0.692466 -0.105714 -0.961696 0.06534 0.412724
0.701038 -0.0971423 -0.961123 0.0683046 0.279019
0.709609 -0.0885709 -0.960528 0.0701232 0.145314
0.71818 -0.0799994 -0.959924 0.0707957 0.0116091
0.726752 -0.071428 -0.959318 0.0703222 -0.122096
0.735323 -0.0628566 -0.958721 0.0687026 -0.255801
0.743895 -0.0542852 -0.958144 0.065937 -0.389506
0.752466 -0.0457137 -0.957594 0.0620254 -0.523211
0.761038 -0.0371423 -0.957084 0.0569677 -0.656916
0.769609 -0.0285709 -0.956621 0.050764 -0.790621
0.77818 -0.0199994 -0.956217 0.0434142 -0.924326
0.786752 -0.011428 -0.95588 0.0349184 -1.05803
0.795323 -0.00285659 -0.955621 0.0252765 -1.19174
0.803895 0.00571484 -0.955449 0.0149655 -1.15856
0.812466 0.0142863 -0.955362 0.00553467 -1.04196
0.821038 0.0228577 -0.955351 -0.00289673 -0.925365
0.829609 0.0314291 -0.955409 -0.0103287 -0.808768
0.83818 0.0400006 -0.955526 -0.0167613 -0.692171
0.846752 0.048572 -0.955693 -0.0221945 -0.575574
0.855323 0.0571434 -0.955903 -0.0266283 -0.458977
0.863895 0.0657148 -0.956147 -0.0300627 -0.34238
0.872466 0.0742863 -0.956416 -0.0324977 -0.225783
0.881038 0.0828577 -0.956701 -0.0339333 -0.109186
0.889609 0.0914291 -0.956995 -0.0343695 0.00741078
0.89818 0.100001 -0.957287 -0.0338062 0.124008
0.906752 0.108572 -0.957571 -0.0322436 0.240605
0.915323 0.117143 -0.957837 -0.0296816 0.357202
0.923895 0.125715 -0.958077 -0.0261202 0.473799
0.932466 0.134286 -0.958282 -0.0215593 0.590396
0.941038 0.142858 -0.958444 -0.0159991 0.706993
0.949609 0.151429 -0.958555 -0.0100504 0.681018
0.95818 0.160001 -0.958617 -0.00432448 0.655021
0.966752 0.168572 -0.95863 0.00117857 0.629023
0.975323 0.177143 -0.958597 0.00645877 0.603025
0.983895 0.185715 -0.95852 0.0115161 0.577027
0.992466 0.194286 -0.958401 0.0163507 0.55103
1.00104 0.202858 -0.95824 0.0209624 0.525032
1.00961 0.211429 -0.958042 0.0253512 0.499034
1.01818 0.220001 -0.957807 0.0295172 0.473036
1.02675 0.228572 -0.957536 0.0334604 0.447038
1.03532 0.237143 -0.957234 0.0371807 0.421041
1.04389 0.245715 -0.9569 0.0406782 0.395043
1.05247 0.254286 -0.956537 0.0439529 0.369045
1.06104 0.262858 -0.956147 0.0470047 0.343047
1.06961 0.271429 -0.955732 0.0498337 0.31705
1.07818 0.280001 -0.955293 0.0524399 0.291052
1.08675 0.288572 -0.954833 0.0547498 0.21375
1.09532 0.297143 -0.954358 0.0558113 0.0339318
1.10389 0.305715 -0.953881 0.0553315 -0.145886
1.11247 0.314286 -0.953414 0.0533104 -0.325704
1.12104 0.322858 -0.952972 0.049748 -0.505521
1.12961 0.331429 -0.952566 0.0446443 -0.685339
1.13818 0.340001 -0.952211 0.0379994 -0.865157
1.14675 0.348572 -0.951919 0.0298131 -1.04497
1.15532 0.357143 -0.951704 0.0200855 -1.22479
1.16389 0.365715 -0.951579 0.00881665 -1.40461
1.17247 0.374286 -0.951557 -0.00399351 -1.58443
1.18104 0.382858 -0.951652 -0.018345 -1.76425
1.18961 0.391429 -0.951876 -0.0342377 -1.94406
1.19818 0.400001 -0.952243 -0.0516718 -2.12388
1.20675 0.408572 -0.952766 -0.0706471 -2.3037
1.21532 0.417143 -0.953459 -0.0911638 -2.48352
1.22389 0.425715 -0.954334 -0.113222 -2.66333
1.23247 0.434286 -0.955402 -0.135707 -2.45339
1.24104 0.442858 -0.95665 -0.155001 -2.04854
1.24961 0.451429 -0.958049 -0.170825 -1.6437
1.25818 0.460001 -0.959569 -0.183179 -1.23885
1.26675 0.468572 -0.961179 -0.192063 -0.834004
1.27532 0.477143 -0.962851 -0.197476 -0.429159
1.28389 0.485715 -0.964555 -0.19942 -0.0243138
1.29247 0.494286 -0.96626 -0.197893 0.380532
1.30104 0.502858 -0.967937 -0.192896 0.785377
1.30961 0.511429 -0.969557 -0.184429 1.19022
1.31818 0.520001 -0.971089 -0.172492 1.59507
1.32675 0.528572 -0.972504 -0.157085 1.99991
1.33532 0.537143 -0.973772 -0.138208 2.40476
1.34389 0.545715 -0.974863 -0.115861 2.8096
1.35247 0.554286 -0.975748 -0.0900435 3.21445
1.36104 0.562858 -0.976397 -0.0607561 3.61929
1.36961 0.571429 -0.97678 -0.0279985 4.02414
1.37818 0.580001 -0.976877 0.00471404 3.60879
1.38675 0.588572 -0.976709 0.0338664 3.19344
1.39532 0.597143 -0.976307 0.0594587 2.77809
1.40389 0.605715 -0.9757 0.0814908 2.36274
1.41247 0.614286 -0.97492 0.0999627 1.94739
1.42104 0.622858 -0.973997 0.114875 1.53204
1.42961 0.631429 -0.972961 0.126226 1.11668
1.43818 0.640001 -0.971843 0.134018 0.701334
1.44675 0.648572 -0.970674 0.138249 0.285984
1.45532 0.657143 -0.969483 0.13892 -0.129367
1.46389 0.665715 -0.968302 0.136031 -0.544717
1.47247 0.674286 -0.967161 0.129582 -0.960068
1.48104 0.682858 -0.966091 0.119573 -1.37542
1.48961 0.691429 -0.965122 0.106004 -1.79077
1.49818 0.700001 -0.964284 0.0888742 -2.20612
1.50675 0.708572 -0.963608 0.0681845 -2.62147
1.51532 0.717143 -0.963125 0.0441973 -2.85286
1.52389 0.725715 -0.962849 0.0203309 -2.71596
1.53247 0.734286 -0.962773 -0.00236208 -2.57907
1.54104 0.742858 -0.962887 -0.0238817 -2.44218
1.54961 0.751429 -0.963179 -0.044228 -2.30528
1.55818 0.76 -0.963641 -0.0634009 -2.16839
1.56675 0.768572 -0.964263 -0.0814004 -2.0315
1.57532 0.777143 -0.965033 -0.0982265 -1.8946
1.58389 0.785715 -0.965943 -0.113879 -1.75771
1.59247 0.794286 -0.966982 -0.128359 -1.62082
1.60104 0.802858 -0.96814 -0.141665 -1.48392
1.60961 0.811429 -0.969408 -0.153797 -1.34703
1.61818 0.82 -0.970774 -0.164757 -1.21013
1.62675 0.828572 -0.972229 -0.174542 -1.07324
1.63532 0.837143 -0.973762 -0.183155 -0.936347
1.64389 0.845715 -0.975365 -0.190594 -0.799453
1.65247 0.854286 -0.977026 -0.19686 -0.662559
1.66104 0.862858 -0.978736 -0.201961 -0.528767
1.66961 0.871429 -0.980485 -0.205927 -0.396528
1.67818 0.88 -0.982263 -0.208759 -0.26429
1.68675 0.888572 -0.984061 -0.210457 -0.132051
1.69532 0.897143 -0.985868 -0.211022 0.000188093
1.70389 0.905715 -0.987675 -0.210454 0.132427
1.71247 0.914286 -0.989472 -0.208752 0.264666
1.72104 0.922858 -0.99125 -0.205917 0.396905
1.72961 0.931429 -0.992999 -0.201948 0.529143
1.73818 0.94 -0.994709 -0.196846 0.661382
1.74675 0.948572 -0.996371 -0.19061 0.793621
1.75532 0.957143 -0.997974 -0.183241 0.92586
1.76389 0.965715 -0.999509 -0.174738 1.0581
1.77247 0.974286 -1.00097 -0.165102 1.19034
1.78104 0.982858 -1.00234 -0.154333 1.32258
1.78961 0.991429 -1.00361 -0.142429 1.45482
1.79818 1 -1.00477 -0.129393 1.58704
1.80675 1.00857 -1.00583 -0.116435 1.43651
1.81532 1.01714 -1.00677 -0.104767 1.28598
1.82389 1.02571 -1.00763 -0.0943894 1.13545
1.83247 1.03429 -1.0084 -0.0853021 0.984922
1.84104 1.04286 -1.00909 -0.077505 0.834393
1.84961 1.05143 -1.00973 -0.0709982 0.683863
1.85818 1.06 -1.01031 -0.0657817 0.533334
1.86675 1.06857 -1.01086 -0.0618554 0.382804
1.87532 1.07714 -1.01138 -0.0592193 0.232275
1.88389 1.08571 -1.01188 -0.0578735 0.0817454
1.89247 1.09429 -1.01237 -0.057818 -0.0687841
1.90104 1.10286 -1.01287 -0.0590527 -0.219314
1.90961 1.11143 -1.01339 -0.0615776 -0.369843
1.91818 1.12 -1.01393 -0.0653928 -0.520373
1.92675 1.12857 -1.01451 -0.0704983 -0.670902
1.93532 1.13714 -1.01514 -0.076894 -0.821432
1.94389 1.14571 -1.01584 -0.0844828 -0.903924
1.95247 1.15429 -1.01659 -0.0920007 -0.85024
1.96104 1.16286 -1.01741 -0.0990584 -0.796556
1.96961 1.17143 -1.01829 -0.105656 -0.742872
1.97818 1.18 -1.01922 -0.111793 -0.689188
1.98675 1.18857 -1.0202 -0.117471 -0.635504
1.99532 1.19714 -1.02123 -0.122688 -0.581819
2.00389 1.20571 -1.02231 -0.127445 -0.528135
2.01247 1.21429 -1.02342 -0.131741 -0.474451
2.02104 1.22286 -1.02456 -0.135578 -0.420767
2.02961 1.23143 -1.02574 -0.138955 -0.367083
2.03818 1.24 -1.02694 -0.141871 -0.313399
2.04675 1.24857 -1.02817 -0.144327 -0.259715
2.05532 1.25714 -1.02942 -0.146323 -0.206031
2.06389 1.26571 -1.03068 -0.147859 -0.152347
2.07247 1.27429 -1.03195 -0.148935 -0.0986625
2.08104 1.28286 -1.03323 -0.14955 -0.0449784
2.08961 1.29143 -1.03451 -0.149853 -0.0426944
2.09818 1.3 -1.0358 -0.150319 -0.0660875
2.10675 1.30857 -1.03709 -0.150986 -0.0894807
2.11532 1.31714 -1.03839 -0.151853 -0.112874
2.12389 1.32571 -1.03969 -0.152921 -0.136267
2.13247 1.33429 -1.04101 -0.154189 -0.15966
2.14104 1.34286 -1.04234 -0.155658 -0.183053
2.14961 1.35143 -1.04368 -0.157327 -0.206447
2.15818 1.36 -1.04504 -0.159197 -0.22984
2.16675 1.36857 -1.04641 -0.161267 -0.253233
2.17532 1.37714 -1.0478 -0.163538 -0.276626
2.18389 1.38571 -1.04921 -0.166009 -0.300019
2.19247 1.39429 -1.05065 -0.168681 -0.323413
2.20104 1.40286 -1.05211 -0.171554 -0.346806
2.20961 1.41143 -1.05359 -0.174626 -0.370199
2.21818 1.42 -1.0551 -0.1779 -0.393592
2.22675 1.42857 -1.05664 -0.181374 -0.416985
2.23532 1.43714 -1.05821 -0.184851 -0.394505
2.24389 1.44571 -1.05981 -0.188137 -0.372023
2.25247 1.45429 -1.06143 -0.191229 -0.349542
2.26104 1.46286 -1.06308 -0.194129 -0.32706
2.26961 1.47143 -1.06476 -0.196836 -0.304579
2.27818 1.48 -1.06646 -0.19935 -0.282097
2.28675 1.48857 -1.06818 -0.201672 -0.259616
2.29532 1.49714 -1.06992 -0.203801 -0.237134
2.30389 1.50571 -1.07167 -0.205737 -0.214653
2.31247 1.51429 -1.07344 -0.20748 -0.192171
2.32104 1.52286 -1.07523 -0.209031 -0.16969
2.32961 1.53143 -1.07702 -0.210389 -0.147208
2.33818 1.54 -1.07883 -0.211555 -0.124727
2.34675 1.54857 -1.08065 -0.212528 -0.102245
2.35532 1.55714 -1.08248 -0.213308 -0.0797639
2.36389 1.56571 -1.08431 -0.213895 -0.0572824
2.37247 1.57429 -1.08614 -0.214297 -0.0396544
2.38104 1.58286 -1.08798 -0.214602 -0.0317334
2.38961 1.59143 -1.08982 -0.214841 -0.0238124
2.39818 1.6 -1.09166 -0.215011 -0.0158915
2.40675 1.60857 -1.09351 -0.215113 -0.00797049
2.41532 1.61714 -1.09535 -0.215147 -4.95163e-05
2.42389 1.62571 -1.09719 -0.215114 0.00787145
2.43247 1.63429 -1.09904 -0.215012 0.0157924
2.44104 1.64286 -1.10088 -0.214843 0.0237134
2.44961 1.65143 -1.10272 -0.214606 0.0316344
2.45818 1.66 -1.10456 -0.214301 0.0395553
2.46675 1.66857 -1.10639 -0.213928 0.0474763
2.47532 1.67714 -1.10823 -0.213487 0.0553973
2.48389 1.68571 -1.11005 -0.212978 0.0633183
2.49247 1.69429 -1.11188 -0.212401 0.0712392
2.50104 1.70286 -1.11369 -0.211757 0.0791602
2.50961 1.71143 -1.11551 -0.211044 0.0870812
2.51818 1.72 -1.11731 -0.210277 0.0904606
2.52675 1.72857 -1.11911 -0.209497 0.0915669
2.53532 1.73714 -1.1209 -0.208707 0.0926733
2.54389 1.74571 -1.12269 -0.207908 0.0937797
2.55247 1.75429 -1.12447 -0.2071 0.094886
2.56104 1.76286 -1.12624 -0.206282 0.0959924
2.56961 1.77143 -1.128 -0.205454 0.0970987
2.57818 1.78 -1.12976 -0.204617 0.0982051
2.58675 1.78857 -1.13151 -0.203771 0.0993115
2.59532 1.79714 -1.13325 -0.202915 0.100418
2.60389 1.80571 -1.13499 -0.202049 0.101524
2.61247 1.81429 -1.13672 -0.201174 0.102631
2.62104 1.82286 -1.13844 -0.20029 0.103737
2.62961 1.83143 -1.14015 -0.199396 0.104843
2.63818 1.84 -1.14186 -0.198492 0.10595
2.64675 1.84857 -1.14355 -0.19758 0.107056
2.65532 1.85714 -1.14524 -0.196657 0.108162
2.66389 1.86571 -1.14693 -0.195884 0.0721787
2.67247 1.87429 -1.1486 -0.19542 0.036183
2.68104 1.88286 -1.15028 -0.195264 0.000187418
2.68961 1.89143 -1.15195 -0.195417 -0.0358082
2.69818 1.9 -1.15363 -0.195878 -0.0718038
2.70675 1.90857 -1.15531 -0.196648 -0.107799
2.71532 1.91714 -1.157 -0.197726 -0.143795
2.72389 1.92571 -1.1587 -0.199113 -0.179791
2.73247 1.93429 -1.16041 -0.200808 -0.215786
2.74104 1.94286 -1.16214 -0.202812 -0.251782
2.74961 1.95143 -1.16389 -0.205124 -0.287778
2.75818 1.96 -1.16566 -0.207745 -0.323773
2.76675 1.96857 -1.16745 -0.210675 -0.359769
2.77532 1.97714 -1.16927 -0.213913 -0.395764
2.78389 1.98571 -1.17112 -0.217459 -0.43176
2.79247 1.99429 -1.173 -0.221314 -0.467756
2.80104 2.00286 -1.17492 -0.225443 -0.479482
2.80961 2.01143 -1.17687 -0.229395 -0.442681
2.81818 2.02 -1.17885 -0.233032 -0.405879
2.82675 2.02857 -1.18086 -0.236353 -0.369078
2.83532 2.03714 -1.1829 -0.239359 -0.332276
2.84389 2.04571 -1.18496 -0.242049 -0.295475
2.85247 2.05429 -1.18705 -0.244424 -0.258673
2.86104 2.06286 -1.18915 -0.246484 -0.221872
2.86961 2.07143 -1.19127 -0.248228 -0.18507
2.87818 2.08 -1.19341 -0.249656 -0.148269
2.88675 2.08857 -1.19555 -0.25077 -0.111467
2.89532 2.09714 -1.1977 -0.251567 -0.0746657
2.90389 2.10571 -1.19986 -0.252049 -0.0378642
2.91247 2.11429 -1.20202 -0.252216 -0.00106271
2.92104 2.12286 -1.20419 -0.252068 0.0357388
2.92961 2.13143 -1.20634 -0.251604 0.0725403
2.93818 2.14 -1.2085 -0.250824 0.109342
2.94675 2.14857 -1.21064 -0.249808 0.118513
2.95532 2.15714 -1.21278 -0.248812 0.113859
2.96389 2.16571 -1.21491 -0.247856 0.109204
2.97247 2.17429 -1.21703 -0.24694 0.10455
2.98104 2.18286 -1.21914 -0.246064 0.0998953
2.98961 2.19143 -1.22125 -0.245228 0.0952409
2.99818 2.2 -1.22335 -0.244431 0.0905864
3.00675 2.20857 -1.22544 -0.243675 0.0859319
3.01532 2.21714 -1.22752 -0.242958 0.0812775
3.02389 2.22571 -1.2296 -0.242281 0.076623
3.03247 2.23429 -1.23168 -0.241645 0.0719685
3.04104 2.24286 -1.23375 -0.241048 0.0673141
3.04961 2.25143 -1.23581 -0.240491 0.0626596
3.05818 2.26 -1.23787 -0.239974 0.0580052
3.06675 2.26857 -1.23992 -0.239496 0.0533507
3.07532 2.27714 -1.24198 -0.239059 0.0486962
3.08389 2.28571 -1.24402 -0.238662 0.0440371
3.09247 2.29429 -1.24607 -0.238407 0.0153826
3.10104 2.30286 -1.24811 -0.238398 -0.0132719
3.10961 2.31143 -1.25015 -0.238634 -0.0419264
3.11818 2.32 -1.2522 -0.239117 -0.070581
3.12675 2.32857 -1.25425 -0.239844 -0.0992355
3.13532 2.33714 -1.25631 -0.240818 -0.12789
3.14389 2.34571 -1.25838 -0.242037 -0.156545
3.15247 2.35429 -1.26046 -0.243501 -0.185199
3.16104 2.36286 -1.26256 -0.245212 -0.213854
3.16961 2.37143 -1.26467 -0.247167 -0.242508
3.17818 2.38 -1.2668 -0.249369 -0.271163
3.18675 2.38857 -1.26894 -0.251816 -0.299817
3.19532 2.39714 -1.27111 -0.254509 -0.328472
3.20389 2.40571 -1.27331 -0.257447 -0.357126
3.21247 2.41429 -1.27553 -0.260631 -0.385781
3.22104 2.42286 -1.27778 -0.26406 -0.414435
3.22961 2.43143 -1.28006 -0.267705 -0.421634
3.23818 2.44 -1.28236 -0.271166 -0.385915
3.24675 2.44857 -1.2847 -0.27432 -0.350197
3.25532 2.45714 -1.28707 -0.277169 -0.314479
3.26389 2.46571 -1.28945 -0.279711 -0.278761
3.27247 2.47429 -1.29186 -0.281948 -0.243043
3.28104 2.48286 -1.29429 -0.283878 -0.207324
3.28961 2.49143 -1.29673 -0.285502 -0.171606
3.29818 2.5 -1.29918 -0.28682 -0.135888
3.30675 2.50857 -1.30164 -0.287831 -0.10017
3.31532 2.51714 -1.30411 -0.288537 -0.0644513
3.32389 2.52571 -1.30659 -0.288936 -0.0287331
3.33247 2.53429 -1.30907 -0.289029 0.00698514
3.34104 2.54286 -1.31154 -0.288817 0.0427034
3.34961 2.55143 -1.31402 -0.288297 0.0784216
3.35818 2.56 -1.31648 -0.287472 0.11414
3.36675 2.56857 -1.31894 -0.286341 0.149858
3.37532 2.57714 -1.32139 -0.284948 0.169726
3.38389 2.58571 -1.32383 -0.283442 0.181669
3.39247 2.59429 -1.32625 -0.281834 0.193612
3.40104 2.60286 -1.32866 -0.280123 0.205555
3.40961 2.61143 -1.33105 -0.27831 0.217497
3.41818 2.62 -1.33343 -0.276395 0.22944
3.42675 2.62857 -1.33579 -0.274377 0.241383
3.43532 2.63714 -1.33813 -0.272257 0.253326
3.44389 2.64571 -1.34046 -0.270034 0.265268
3.45247 2.65429 -1.34276 -0.267709 0.277211
3.46104 2.66286 -1.34505 -0.265282 0.289154
3.46961 2.67143 -1.34731 -0.262753 0.301097
3.47818 2.68 -1.34955 -0.260121 0.313039
3.48675 2.68857 -1.35177 -0.257386 0.324982
3.49532 2.69714 -1.35396 -0.254549 0.336925
3.50389 2.70571 -1.35613 -0.25161 0.348868
3.51247 2.71429 -1.35827 -0.248569 0.36081
3.52104 2.72286 -1.36039 -0.245738 0.299655
3.52961 2.73143 -1.36249 -0.243432 0.238483
3.53818 2.74 -1.36457 -0.24165 0.177311
3.54675 2.74857 -1.36663 -0.240392 0.116139
3.55532 2.75714 -1.36869 -0.239659 0.0549665
3.56389 2.76571 -1.37074 -0.23945 -0.00620565
3.57247 2.77429 -1.3728 -0.239765 -0.0673778
3.58104 2.78286 -1.37485 -0.240605 -0.12855
3.58961 2.79143 -1.37692 -0.241969 -0.189722
3.59818 2.8 -1.379 -0.243857 -0.250894
3.60675 2.80857 -1.3811 -0.24627 -0.312066
3.61532 2.81714 -1.38323 -0.249207 -0.373238
3.62389 2.82571 -1.38538 -0.252668 -0.43441
3.63247 2.83429 -1.38756 -0.256654 -0.495582
3.64104 2.84286 -1.38978 -0.261164 -0.556755
3.64961 2.85143 -1.39204 -0.266198 -0.617927
3.65818 2.86 -1.39434 -0.271702 -0.640392
3.66675 2.86857 -1.3967 -0.276955 -0.585329
3.67532 2.87714 -1.39909 -0.281736 -0.530266
3.68389 2.88571 -1.40152 -0.286045 -0.475203
3.69247 2.89429 -1.40399 -0.289882 -0.420141
3.70104 2.90286 -1.40649 -0.293248 -0.365078
3.70961 2.91143 -1.40902 -0.296141 -0.310015
3.71818 2.92 -1.41157 -0.298562 -0.254952
3.72675 2.92857 -1.41414 -0.300512 -0.19989
3.73532 2.93714 -1.41672 -0.301989 -0.144827
3.74389 2.94571 -1.41931 -0.302994 -0.0897642
3.75247 2.95429 -1.42191 -0.303528 -0.0347014
3.76104 2.96286 -1.42451 -0.303589 0.0203613
3.76961 2.97143 -1.42711 -0.303179 0.0754241
3.77818 2.98 -1.42971 -0.302296 0.130487
3.78675 2.98857 -1.43229 -0.300942 0.18555
3.79532 2.99714 -1.43487 -0.299115 0.240612
3.80389 3.00571 -1.43742 -0.296876 0.274991
3.81247 3.01429 -1.43996 -0.294416 0.299031
3.82104 3.02286 -1.44247 -0.29175 0.32307
3.82961 3.03143 -1.44496 -0.288878 0.347109
3.83818 3.04 -1.44742 -0.285799 0.371148
3.84675 3.04857 -1.44985 -0.282515 0.395187
3.85532 3.05714 -1.45226 -0.279025 0.419226
3.86389 3.06571 -1.45464 -0.275328 0.443266
3.87247 3.07429 -1.45698 -0.271426 0.467305
3.88104 3.08286 -1.45929 -0.267317 0.491344
3.88961 3.09143 -1.46156 -0.263003 0.515383
3.89818 3.1 -1.4638 -0.258482 0.539422
3.90675 3.10857 -1.46599 -0.253756 0.563461
3.91532 3.11714 -1.46815 -0.248823 0.587501
3.92389 3.12571 -1.47026 -0.243684 0.61154
3.93247 3.13429 -1.47232 -0.238339 0.635579
3.94104 3.14286 -1.47434 -0.232789 0.659618
3.94961 3.15143 -1.47632 -0.227573 0.55727
3.95818 3.16 -1.47825 -0.223235 0.4549
3.96675 3.16857 -1.48015 -0.219775 0.35253
3.97532 3.17714 -1.48202 -0.217192 0.25016
3.98389 3.18571 -1.48387 -0.215487 0.14779
3.99247 3.19429 -1.48571 -0.214658 0.0454205
4.00104 3.20286 -1.48755 -0.214708 -0.0569495
4.00961 3.21143 -1.4894 -0.215635 -0.159319
4.01818 3.22 -1.49125 -0.217439 -0.261689
4.02675 3.22857 -1.49313 -0.220121 -0.364059
4.03532 3.23714 -1.49503 -0.22368 -0.466429
4.04389 3.24571 -1.49696 -0.228117 -0.568799
4.05247 3.25429 -1.49894 -0.233431 -0.671169
4.06104 3.26286 -1.50097 -0.239623 -0.773539
4.06961 3.27143 -1.50305 -0.246692 -0.875909
4.07818 3.28 -1.5052 -0.254638 -0.978279
4.08675 3.28857 -1.50742 -0.263382 -1.02477
4.09532 3.29714 -1.50971 -0.271887 -0.959603
4.10389 3.30571 -1.51208 -0.279833 -0.894435
4.11247 3.31429 -1.51451 -0.28722 -0.829267
4.12104 3.32286 -1.517 -0.294049 -0.764099
4.12961 3.33143 -1.51955 -0.300319 -0.698931
4.13818 3.34 -1.52215 -0.30603 -0.633763
4.14675 3.34857 -1.52479 -0.311183 -0.568595
4.15532 3.35714 -1.52748 -0.315778 -0.503426
4.16389 3.36571 -1.53021 -0.319813 -0.438258
4.17247 3.37429 -1.53296 -0.323291 -0.37309
4.18104 3.38286 -1.53575 -0.326209 -0.307922
4.18961 3.39143 -1.53855 -0.328569 -0.242754
4.19818 3.4 -1.54138 -0.330371 -0.177586
4.20675 3.40857 -1.54421 -0.331614 -0.112417
4.21532 3.41714 -1.54706 -0.332298 -0.0472493
4.22389 3.42571 -1.54991 -0.332424 0.0179188
4.23247 3.43429 -1.55276 -0.332027 0.0705211
4.24104 3.44286 -1.5556 -0.331224 0.11684
4.24961 3.45143 -1.55843 -0.330024 0.163158
4.25818 3.46 -1.56126 -0.328427 0.209477
4.26675 3.46857 -1.56406 -0.326433 0.255795
4.27532 3.47714 -1.56685 -0.324042 0.302114
4.28389 3.48571 -1.56962 -0.321253 0.348432
4.29247 3.49429 -1.57236 -0.318068 0.394751
4.30104 3.50286 -1.57507 -0.314486 0.44107
4.30961 3.51143 -1.57775 -0.310507 0.487388
4.31818 3.52 -1.58039 -0.306131 0.533707
4.32675 3.52857 -1.58299 -0.301358 0.580025
4.33532 3.53714 -1.58556 -0.296188 0.626344
4.34389 3.54571 -1.58807 -0.290621 0.672662
4.35247 3.55429 -1.59054 -0.284656 0.718981
4.36104 3.56286 -1.59295 -0.278295 0.765299
4.36961 3.57143 -1.59531 -0.271537 0.811618
4.37818 3.58 -1.5976 -0.264689 0.786368
4.38675 3.58857 -1.59984 -0.258056 0.761116
4.39532 3.59714 -1.60203 -0.251641 0.735865
4.40389 3.60571 -1.60416 -0.245442 0.710613
4.41247 3.61429 -1.60624 -0.239459 0.685362
4.42104 3.62286 -1.60826 -0.233693 0.660111
4.42961 3.63143 -1.61024 -0.228143 0.634859
4.43818 3.64 -1.61218 -0.222809 0.609608
4.44675 3.64857 -1.61406 -0.217692 0.584357
4.45532 3.65714 -1.61591 -0.212792 0.559105
4.46389 3.66571 -1.61771 -0.208108 0.533854
4.47247 3.67429 -1.61948 -0.20364 0.508602
4.48104 3.68286 -1.6212 -0.199389 0.483351
4.48961 3.69143 -1.6229 -0.195354 0.4581
4.49818 3.7 -1.62455 -0.191536 0.432848
4.50675 3.70857 -1.62618 -0.187934 0.407597
4.51532 3.71714 -1.62778 -0.18459 0.35289
4.52389 3.72571 -1.62935 -0.182053 0.239211
4.53247 3.73429 -1.6309 -0.180489 0.125532
4.54104 3.74286 -1.63244 -0.179901 0.0118528
4.54961 3.75143 -1.63399 -0.180286 -0.101826
4.55818 3.76 -1.63554 -0.181646 -0.215505
4.56675 3.76857 -1.6371 -0.183981 -0.329184
4.57532 3.77714 -1.63869 -0.187289 -0.442863
4.58389 3.78571 -1.64032 -0.191573 -0.556543
4.59247 3.79429 -1.64198 -0.19683 -0.670222
4.60104 3.80286 -1.64369 -0.203062 -0.783901
4.60961 3.81143 -1.64546 -0.210268 -0.89758
4.61818 3.82 -1.6473 -0.218449 -1.01126
4.62675 3.82857 -1.64921 -0.227604 -1.12494
4.63532 3.83714 -1.65121 -0.237734 -1.23862
4.64389 3.84571 -1.65329 -0.248838 -1.3523
4.65247 3.85429 -1.65547 -0.260916 -1.46598
4.66104 3.86286 -1.65776 -0.273449 -1.39751
4.66961 3.87143 -1.66016 -0.284743 -1.23784
4.67818 3.88 -1.66264 -0.294669 -1.07818
4.68675 3.88857 -1.66521 -0.303226 -0.918508
4.69532 3.89714 -1.66784 -0.310415 -0.75884
4.70389 3.90571 -1.67052 -0.316235 -0.599171
4.71247 3.91429 -1.67325 -0.320686 -0.439503
4.72104 3.92286 -1.67602 -0.323769 -0.279835
4.72961 3.93143 -1.6788 -0.325483 -0.120167
4.73818 3.94 -1.68159 -0.325829 0.0395018
4.74675 3.94857 -1.68438 -0.324806 0.19917
4.75532 3.95714 -1.68716 -0.322415 0.358838
4.76389 3.96571 -1.6899 -0.318655 0.518507
4.77247 3.97429 -1.69261 -0.313526 0.678175
4.78104 3.98286 -1.69528 -0.307029 0.837843
4.78961 3.99143 -1.69787 -0.299163 0.997512
4.79818 4 -1.7004 -0.289929 1.15717
4.80675 4.00857 -1.70284 -0.280164 1.12124
4.81532 4.01714 -1.7052 -0.270707 1.0853
4.82389 4.02571 -1.70748 -0.261559 1.04937
4.83247 4.03429 -1.70969 -0.252718 1.01343
4.84104 4.04286 -1.71182 -0.244186 0.977495
4.84961 4.05143 -1.71388 -0.235961 0.94156
4.85818 4.06 -1.71586 -0.228045 0.905624
4.86675 4.06857 -1.71779 -0.220436 0.869688
4.87532 4.07714 -1.71964 -0.213136 0.833753
4.88389 4.08571 -1.72144 -0.206143 0.797817
4.89247 4.09429 -1.72318 -0.199459 0.761882
4.90104 4.10286 -1.72486 -0.193083 0.725946
4.90961 4.11143 -1.72649 -0.187014 0.690011
4.91818 4.12 -1.72807 -0.181254 0.654075
4.92675 4.12857 -1.7296 -0.175801 0.618139
4.93532 4.13714 -1.73108 -0.170657 0.582204
4.94389 4.14571 -1.73252 -0.165823 0.544378
4.95247 4.15429 -1.73393 -0.161336 0.502769
4.96104 4.16286 -1.73529 -0.157205 0.46116
4.96961 4.17143 -1.73662 -0.15343 0.419551
4.97818 4.18 -1.73792 -0.150012 0.377942
4.98675 4.18857 -1.73919 -0.146951 0.336333
4.99532 4.19714 -1.74044 -0.144247 0.294724
5.00389 4.20571 -1.74167 -0.141899 0.253114
5.01247 4.21429 -1.74288 -0.139907 0.211505
5.02104 4.22286 -1.74407 -0.138273 0.169896
5.02961 4.23143 -1.74525 -0.136995 0.128287
5.03818 4.24 -1.74642 -0.136074 0.086678
5.04675 4.24857 -1.74758 -0.135509 0.0450689
5.05532 4.25714 -1.74874 -0.135301 0.00345981
5.06389 4.26571 -1.7499 -0.13545 -0.0381493
5.07247 4.27429 -1.75106 -0.135955 -0.0797584
5.08104 4.28286 -1.75223 -0.136817 -0.121368
5.08961 4.29143 -1.75341 -0.138013 -0.155181
5.09818 4.3 -1.7546 -0.139472 -0.185101
5.10675 4.30857 -1.7558 -0.141187 -0.215021
5.11532 4.31714 -1.75702 -0.143158 -0.24494
5.12389 4.32571 -1.75826 -0.145385 -0.27486
5.13247 4.33429 -1.75951 -0.14787 -0.30478
5.14104 4.34286 -1.76079 -0.15061 -0.334699
5.14961 4.35143 -1.7621 -0.153607 -0.364619
5.15818 4.36 -1.76343 -0.156861 -0.394538
5.16675 4.36857 -1.76479 -0.160371 -0.424458
5.17532 4.37714 -1.76618 -0.164137 -0.454378
5.18389 4.38571 -1.7676 -0.16816 -0.484297
5.19247 4.39429 -1.76906 -0.17244 -0.514217
5.20104 4.40286 -1.77056 -0.176975 -0.544137
5.20961 4.41143 -1.77209 -0.181768 -0.574056
5.21818 4.42 -1.77367 -0.186816 -0.603976
5.22675 4.42857 -1.7753 -0.192121 -0.633895
5.23532 4.43714 -1.77697 -0.197591 -0.642377
5.24389 4.44571 -1.77869 -0.203134 -0.650857
5.25247 4.45429 -1.78045 -0.208749 -0.659338
5.26104 4.46286 -1.78226 -0.214437 -0.667818
5.26961 4.47143 -1.78413 -0.220197 -0.676299
5.27818 4.48 -1.78604 -0.22603 -0.68478
5.28675 4.48857 -1.788 -0.231936 -0.69326
5.29532 4.49714 -1.79002 -0.237915 -0.701741
5.30389 4.50571 -1.79208 -0.243966 -0.710222
5.31247 4.51429 -1.7942 -0.25009 -0.718702
5.32104 4.52286 -1.79637 -0.256287 -0.727183
5.32961 4.53143 -1.79859 -0.262556 -0.735663
5.33818 4.54 -1.80087 -0.268898 -0.744144
5.34675 4.54857 -1.8032 -0.275313 -0.752625
5.35532 4.55714 -1.80559 -0.2818 -0.761105
5.36389 4.56571 -1.80803 -0.28836 -0.769586
5.37247 4.57429 -1.81053 -0.294853 -0.680385
5.38104 4.58286 -1.81308 -0.299466 -0.395806
5.38961 4.59143 -1.81566 -0.301639 -0.111226
5.39818 4.6 -1.81825 -0.301372 0.173353
5.40675 4.60857 -1.82082 -0.298667 0.457932
5.41532 4.61714 -1.82336 -0.293522 0.742511
5.42389 4.62571 -1.82584 -0.285938 1.02709
5.43247 4.63429 -1.82825 -0.275915 1.31167
5.44104 4.64286 -1.83057 -0.263452 1.59625
5.44961 4.65143 -1.83276 -0.248551 1.88083
5.45818 4.66 -1.83482 -0.23121 2.16541
5.46675 4.66857 -1.83672 -0.211429 2.44999
5.47532 4.67714 -1.83844 -0.18921 2.73456
5.48389 4.68571 -1.83996 -0.164551 3.01914
5.49247 4.69429 -1.84125 -0.137453 3.30372
5.50104 4.70286 -1.84231 -0.107916 3.5883
5.50961 4.71143 -1.84309 -0.0759394 3.87288
5.51818 4.72 -1.8436 -0.0429496 3.6582
5.52675 4.72857 -1.84384 -0.0135847 3.19362
5.53532 4.73714 -1.84385 0.0117981 2.72904
5.54389 4.74571 -1.84365 0.0331989 2.26447
5.55247 4.75429 -1.84329 0.0506176 1.79989
5.56104 4.76286 -1.84279 0.0640542 1.33531
5.56961 4.77143 -1.8422 0.0735087 0.870737
5.57818 4.78 -1.84155 0.0789811 0.40616
5.58675 4.78857 -1.84086 0.0804714 -0.0584173
5.59532 4.79714 -1.84018 0.0779797 -0.522994
5.60389 4.80571 -1.83953 0.0715058 -0.987571
5.61247 4.81429 -1.83896 0.0610499 -1.45215
5.62104 4.82286 -1.8385 0.0466118 -1.91673
5.62961 4.83143 -1.83818 0.0281917 -2.3813
5.63818 4.84 -1.83803 0.00578951 -2.84588
5.64675 4.84857 -1.83809 -0.0205948 -3.31046
5.65532 4.85714 -1.83839 -0.0509612 -3.77503
5.66389 4.86571 -1.83896 -0.0820302 -3.47415
5.67247 4.87429 -1.83979 -0.110518 -3.17301
5.68104 4.88286 -1.84085 -0.136425 -2.87188
5.68961 4.89143 -1.84212 -0.15975 -2.57074
5.69818 4.9 -1.84358 -0.180494 -2.2696
5.70675 4.90857 -1.84521 -0.198658 -1.96846
5.71532 4.91714 -1.84698 -0.21424 -1.66732
5.72389 4.92571 -1.84887 -0.22724 -1.36619
5.73247 4.93429 -1.85087 -0.23766 -1.06505
5.74104 4.94286 -1.85294 -0.245498 -0.763909
5.74961 4.95143 -1.85507 -0.250755 -0.462771
5.75818 4.96 -1.85723 -0.253431 -0.161633
5.76675 4.96857 -1.85941 -0.253526 0.139505
5.77532 4.97714 -1.86157 -0.25104 0.440643
5.78389 4.98571 -1.8637 -0.245972 0.741781
5.79247 4.99429 -1.86578 -0.238324 1.04292
5.80104 5.00286 -1.86778 -0.228272 1.2195
5.80961 5.01143 -1.86969 -0.21813 1.14699
5.81818 5.02 -1.87152 -0.208609 1.07449
5.82675 5.02857 -1.87327 -0.19971 1.00198
5.83532 5.03714 -1.87495 -0.191432 0.929479
5.84389 5.04571 -1.87656 -0.183776 0.856974
5.85247 5.05429 -1.8781 -0.176741 0.784469
5.86104 5.06286 -1.87959 -0.170328 0.711965
5.86961 5.07143 -1.88102 -0.164536 0.63946
5.87818 5.08 -1.88241 -0.159366 0.566955
5.88675 5.08857 -1.88376 -0.154817 0.49445
5.89532 5.09714 -1.88507 -0.150889 0.421946
5.90389 5.10571 -1.88634 -0.147583 0.349441
5.91247 5.11429 -1.8876 -0.144899 0.276936
5.92104 5.12286 -1.88883 -0.142836 0.204431
5.92961 5.13143 -1.89005 -0.141394 0.131927
5.93818 5.14 -1.89126 -0.140574 0.0594219
5.94675 5.14857 -1.89246 -0.140021 0.111014
5.95532 5.15714 -1.89365 -0.138583 0.224706
5.96389 5.16571 -1.89483 -0.136169 0.338398
5.97247 5.17429 -1.89598 -0.132781 0.45209
5.98104 5.18286 -1.8971 -0.128419 0.565783
5.98961 5.19143 -1.89818 -0.123082 0.679475
5.99818 5.2 -1.89921 -0.116771 0.793167
6.00675 5.20857 -1.90018 -0.109485 0.906859
6.01532 5.21714 -1.90109 -0.101225 1.02055
6.02389 5.22571 -1.90191 -0.09199 1.13424
6.03247 5.23429 -1.90266 -0.0817807 1.24794
6.04104 5.24286 -1.90331 -0.0705968 1.36163
6.04961 5.25143 -1.90387 -0.0584385 1.47532
6.05818 5.26 -1.90431 -0.0453056 1.58901
6.06675 5.26857 -1.90464 -0.0311983 1.7027
6.07532 5.27714 -1.90484 -0.0161164 1.8164
6.08389 5.28571 -1.90492 -6.00263e-05 1.92994
6.09247 5.29429 -1.90485 0.0134386 1.21973
6.10104 5.30286 -1.9047 0.0208496 0.509514
6.10961 5.31143 -1.90451 0.0221731 -0.200699
6.11818 5.32 -1.90434 0.017409 -0.910912
6.12675 5.32857 -1.90423 0.00655745 -1.62113
6.13532 5.33714 -1.90424 -0.0103817 -2.33134
6.14389 5.34571 -1.90443 -0.0334083 -3.04155
6.15247 5.35429 -1.90483 -0.0625226 -3.75176
6.16104 5.36286 -1.90552 -0.0977243 -4.46198
6.16961 5.37143 -1.90653 -0.139014 -5.17219
6.17818 5.38 -1.90792 -0.18639 -5.8824
6.18675 5.38857 -1.90974 -0.239855 -6.59262
6.19532 5.39714 -1.91205 -0.299407 -7.30283
6.20389 5.40571 -1.91489 -0.365046 -8.01304
6.21247 5.41429 -1.91832 -0.436773 -8.72326
6.22104 5.42286 -1.92239 -0.514588 -9.43347
6.22961 5.43143 -1.92716 -0.59715 -9.20582
6.23818 5.44 -1.93259 -0.667041 -7.10213
6.24675 5.44857 -1.93854 -0.718901 -4.99845
6.25532 5.45714 -1.94486 -0.752729 -2.89476
6.26389 5.46571 -1.9514 -0.768525 -0.791072
6.27247 5.47429 -1.95799 -0.76629 1.31262
6.28104 5.48286 -1.96448 -0.746023 3.4163
6.28961 5.49143 -1.97072 -0.707725 5.51999
6.29818 5.5 -1.97656 -0.651395 7.62368
6.30675 5.50857 -1.98184 -0.577033 9.72736
6.31532 5.51714 -1.9864 -0.48464 11.8311
6.32389 5.52571 -1.9901 -0.374215 13.9347
6.33247 5.53429 -1.99277 -0.245759 16.0384
6.34104 5.54286 -1.99426 -0.099271 18.1421
6.34961 5.55143 -1.99442 0.0652486 20.2458
6.35818 5.56 -1.99309 0.2478 22.3495
6.36675 5.56857 -1.99012 0.448383 24.4532
6.37532 5.57714 -1.98537 0.655297 22.4618
6.38389 5.58571 -1.97898 0.830517 18.4227
6.39247 5.59429 -1.97123 0.971115 14.3836
6.40104 5.60286 -1.96243 1.07709 10.3445
6.40961 5.61143 -1.95287 1.14845 6.30539
6.41818 5.62 -1.94284 1.18518 2.26629
6.42675 5.62857 -1.93265 1.1873 -1.77282
6.43532 5.63714 -1.92259 1.15479 -5.81192
6.44389 5.64571 -1.91295 1.08767 -9.85102
6.45247 5.65429 -1.90404 0.985919 -13.8901
6.46104 5.66286 -1.89615 0.84955 -17.9292
6.46961 5.67143 -1.88957 0.678561 -21.9683
6.47818 5.68 -1.88461 0.472951 -26.0074
6.48675 5.68857 -1.88157 0.232719 -30.0465
6.49532 5.69714 -1.88072 -0.0421328 -34.0856
6.50389 5.70571 -1.88239 -0.351606 -38.1247
6.51247 5.71429 -1.88685 -0.6957 -42.1638
6.52104 5.72286 -1.89434 -1.04929 -40.3391
6.52961 5.73143 -1.90479 -1.38723 -38.5129
6.53818 5.74 -1.91808 -1.70951 -36.6867
6.54675 5.74857 -1.93405 -2.01614 -34.8606
6.55532 5.75714 -1.95259 -2.30712 -33.0344
6.56389 5.76571 -1.97356 -2.58245 -31.2083
6.57247 5.77429 -1.99682 -2.84212 -29.3821
6.58104 5.78286 -2.02224 -3.08614 -27.5559
6.58961 5.79143 -2.04968 -3.31451 -25.7298
6.59818 5.8 -2.07901 -3.52722 -23.9036
6.60675 5.80857 -2.1101 -3.72428 -22.0774
6.61532 5.81714 -2.14281 -3.90569 -20.2513
6.62389 5.82571 -2.17701 -4.07145 -18.4251
6.63247 5.83429 -2.21257 -4.22155 -16.599
6.64104 5.84286 -2.24934 -4.356 -14.7728
6.64961 5.85143 -2.28719 -4.4748 -12.9466
6.65818 5.86 -2.326 -4.5754 -9.33486
6.66675 5.86857 -2.36547 -4.6246 -2.14641
6.67532 5.87714 -2.4051 -4.61219 5.04203
6.68389 5.88571 -2.44436 -4.53817 12.2305
6.69247 5.89429 -2.48272 -4.40253 19.4189
6.70104 5.90286 -2.51966 -4.20527 26.6074
6.70961 5.91143 -2.55464 -3.9464 33.7958
6.71818 5.92 -2.58714 -3.62591 40.9843
6.72675 5.92857 -2.61662 -3.24381 48.1727
6.73532 5.93714 -2.64257 -2.8001 55.3612
6.74389 5.94571 -2.66445 -2.29476 62.5496
6.75247 5.95429 -2.68173 -1.72782 69.7381
6.76104 5.96286 -2.69389 -1.09925 76.9265
6.76961 5.97143 -2.7004 -0.409077 84.1149
6.77818 5.98 -2.70073 0.342716 91.3034
6.78675 5.98857 -2.69435 1.15612 98.4918
6.79532 5.99714 -2.68073 2.03115 105.68
6.80389 6.00571 -2.65944 2.92142 96.6419
6.81247 6.01429 -2.63106 3.67628 79.491
6.82104 6.02286 -2.59684 4.28413 62.3402
6.82961 6.03143 -2.55804 4.74497 45.1894
6.83818 6.04 -2.51592 5.0588 28.0385
6.84675 6.04857 -2.47174 5.22563 10.8877
6.85532 6.05714 -2.42675 5.24545 -6.26318
6.86389 6.06571 -2.38223 5.11826 -23.414
6.87247 6.07429 -2.33943 4.84406 -40.5649
6.88104 6.08286 -2.29961 4.42286 -57.7157
6.88961 6.09143 -2.26403 3.85465 -74.8666
6.89818 6.1 -2.23395 3.13943 -92.0174
6.90675 6.10857 -2.21063 2.27721 -109.168
6.91532 6.11714 -2.19533 1.26798 -126.319
6.92389 6.12571 -2.18932 0.111739 -143.47
6.93247 6.13429 -2.19384 -1.19151 -160.621
6.94104 6.14286 -2.21016 -2.64176 -177.772
6.94961 6.15143 -2.23903 -4.05801 -152.679
6.95818 6.16 -2.27911 -5.25911 -127.578
6.96675 6.16857 -2.32857 -6.24507 -102.478
6.97532 6.17714 -2.38556 -7.01588 -77.3772
6.98389 6.18571 -2.44823 -7.57154 -52.2765
6.99247 6.19429 -2.51474 -7.91205 -27.1759
7.00104 6.20286 -2.58325 -8.03741 -2.07529
7.00961 6.21143 -2.65191 -7.94762 23.0253
7.01818 6.22 -2.71888 -7.64269 48.126
7.02675 6.22857 -2.78231 -7.12261 73.2266
7.03532 6.23714 -2.84037 -6.38738 98.3272
7.04389 6.24571 -2.8912 -5.437 123.428
7.05247 6.25429 -2.93296 -4.27147 148.528
7.06104 6.26286 -2.96381 -2.89079 173.629
7.06961 6.27143 -2.9819 -1.29497 198.73
7.07818 6.28 -2.98539 0.516 223.83
7.08675 6.28857 -2.97246 2.51817 232.173
7.09532 6.29714 -2.94266 4.40044 207.024
7.10389 6.30571 -2.89764 6.06716 181.876
7.11247 6.31429 -2.83926 7.51832 156.728
7.12104 6.32286 -2.76937 8.75392 131.58
7.12961 6.33143 -2.68981 9.77397 106.432
7.13818 6.34 -2.60243 10.5785 81.2837
7.14675 6.34857 -2.50908 11.1674 56.1356
7.15532 6.35714 -2.41161 11.5408 30.9874
7.16389 6.36571 -2.31186 11.6986 5.8393
7.17247 6.37429 -2.21168 11.6409 -19.3088
7.18104 6.38286 -2.11291 11.3676 -44.457
7.18961 6.39143 -2.01742 10.8788 -69.6051
7.19818 6.4 -1.92704 10.1744 -94.7533
7.20675 6.40857 -1.84362 9.25444 -119.901
7.21532 6.41714 -1.76901 8.11893 -145.05
7.22389 6.42571 -1.70505 6.76787 -170.198
7.23247 6.43429 -1.65345 5.27858 -168.281
7.24104 6.44286 -1.6142 3.90239 -152.83
7.24961 6.45143 -1.58618 2.65863 -137.379
7.25818 6.46 -1.56825 1.54732 -121.928
7.26675 6.46857 -1.55927 0.568439 -106.477
7.27532 6.47714 -1.55812 -0.278 -91.0257
7.28389 6.48571 -1.56366 -0.992002 -75.5746
7.29247 6.49429 -1.57475 -1.57356 -60.1235
7.30104 6.50286 -1.59026 -2.02269 -44.6724
7.30961 6.51143 -1.60905 -2.33938 -29.2213
7.31818 6.52 -1.62998 -2.52363 -13.7701
7.32675 6.52857 -1.65193 -2.57544 1.68098
7.33532 6.53714 -1.67375 -2.49481 17.1321
7.34389 6.54571 -1.69432 -2.28174 32.5832
7.35247 6.55429 -1.71249 -1.93624 48.0343
7.36104 6.56286 -1.72713 -1.4583 63.4855
7.36961 6.57143 -1.73711 -0.847918 78.9366
7.37818 6.58 -1.74155 -0.195624 73.2648
7.38675 6.58857 -1.74061 0.408051 67.5925
7.39532 6.59714 -1.73469 0.963105 61.9202
7.40389 6.60571 -1.72423 1.46954 56.2479
7.41247 6.61429 -1.70964 1.92736 50.5757
7.42104 6.62286 -1.69133 2.33655 44.9034
7.42961 6.63143 -1.66972 2.69713 39.2311
7.43818 6.64 -1.64523 3.00908 33.5588
7.44675 6.64857 -1.61828 3.27242 27.8865
7.45532 6.65714 -1.58928 3.48714 22.2142
7.46389 6.66571 -1.55864 3.65324 16.5419
7.47247 6.67429 -1.52679 3.77071 10.8696
7.48104 6.68286 -1.49414 3.83957 5.19733
7.48961 6.69143 -1.4611 3.85981 -0.474963
7.49818 6.7 -1.42811 3.83143 -6.14725
7.50675 6.70857 -1.39556 3.75443 -11.8195
7.51532 6.71714 -1.36388 3.62992 -16.7145
7.52389 6.72571 -1.33343 3.47234 -20.053
7.53247 6.73429 -1.30444 3.28615 -23.3916
7.54104 6.74286 -1.27717 3.07135 -26.7302
7.54961 6.75143 -1.25187 2.82792 -30.0687
7.55818 6.76 -1.22878 2.55588 -33.4073
7.56675 6.76857 -1.20814 2.25523 -36.7458
7.57532 6.77714 -1.1902 1.92595 -40.0844
7.58389 6.78571 -1.1752 1.56806 -43.4229
7.59247 6.79429 -1.1634 1.18156 -46.7615
7.60104 6.80286 -1.15503 0.766439 -50.1
7.60961 6.81143 -1.15034 0.322702 -53.4386
7.61818 6.82 -1.14958 -0.149651 -56.7772
7.62675 6.82857 -1.15299 -0.650621 -60.1157
7.63532 6.83714 -1.16081 -1.18021 -63.4543
7.64389 6.84571 -1.1733 -1.73841 -66.7928
7.65247 6.85429 -1.1907 -2.32523 -70.1314
7.66104 6.86286 -1.21323 -2.93431 -71.2454
7.66961 6.87143 -1.241 -3.54498 -71.2454
7.67818 6.88 -1.274 -4.15566 -71.2454
7.68675 6.88857 -1.31224 -4.76633 -71.2454
7.69532 6.89714 -1.35571 -5.37701 -71.2454
7.70389 6.90571 -1.40442 -5.98768 -71.2454
7.71247 6.91429 -1.45836 -6.59836 -71.2454
7.72104 6.92286 -1.51753 -7.20903 -71.2454
7.72961 6.93143 -1.58194 -7.8197 -71.2454
7.73818 6.94 -1.65158 -8.43038 -71.2454
7.74675 6.94857 -1.72646 -9.04105 -71.2454
7.75532 6.95714 -1.80657 -9.65173 -71.2454
7.76389 6.96571 -1.89192 -10.2624 -71.2454
7.77247 6.97429 -1.9825 -10.8731 -71.2454
7.78104 6.98286 -2.07832 -11.4838 -71.2454
7.78961 6.99143 -2.17936 -12.0944 -71.2454
7.79818 7 -2.28565 -12.7051 -71.2454


