Raw Data (#.=61)
log.afreq  log.sfreq  log.loss  storage   
==========================================
-0.773248 -1.57143 -0.902046 2.5297
-0.630391 -1.42857 -0.900039 2.5034
-0.487532 -1.28571 -0.9351 2.4777
-0.344674 -1.14285 -0.935882 2.4541
-0.20182 -1 -0.912848 2.4287
-0.0589614 -0.857141 -0.915318 2.4034
0.083893 -0.714285 -0.912622 2.3777
0.226752 -0.571428 -0.920997 2.3524
0.369609 -0.428571 -0.915901 2.3272
0.512468 -0.285712 -0.892565 2.3012
0.655326 -0.142855 -0.900877 2.2742
0.79818 0 -0.895416 2.2483
0.941039 0.142859 -0.889327 2.2209
1.08389 0.285715 -0.894788 2.1945
1.22675 0.428572 -0.888745 2.1673
1.36961 0.571429 -0.892926 2.1406
1.51247 0.714288 -0.896785 2.1137
1.65533 0.857145 -0.906585 2.0876
1.79818 1 -0.913159 2.0617
1.94104 1.14286 -0.917386 2.0364
2.08389 1.28571 -0.935215 2.0113
2.22675 1.42857 -0.966264 1.988
2.36961 1.57143 -0.985361 1.9658
2.51247 1.71429 -1.01284 1.9448
2.65533 1.85715 -1.03959 1.9251
2.79818 2 -1.07048 1.9066
2.94104 2.14286 -1.10436 1.8895
3.08389 2.28571 -1.13562 1.8736
3.22675 2.42857 -1.17377 1.8589
3.36961 2.57143 -1.21265 1.8455
3.51247 2.71429 -1.25172 1.8332
3.65533 2.85715 -1.28969 1.822
3.79818 3 -1.33061 1.8117
3.94104 3.14286 -1.37021 1.8024
4.08389 3.28571 -1.40697 1.7938
4.22675 3.42857 -1.44854 1.786
4.36961 3.57143 -1.49656 1.7789
4.51247 3.71429 -1.53958 1.7726
4.65533 3.85715 -1.5618 1.7667
4.79818 4 -1.60668 1.7612
4.94104 4.14286 -1.64552 1.7563
5.08389 4.28571 -1.6802 1.7517
5.22675 4.42857 -1.70078 1.7475
5.36961 4.57143 -1.73627 1.7434
5.51247 4.71429 -1.77017 1.7398
5.65533 4.85715 -1.77239 1.7362
5.79818 5 -1.80271 1.7328
5.94104 5.14286 -1.83382 1.7296
6.08389 5.28571 -1.84089 1.7266
6.22675 5.42857 -1.86662 1.7236
6.36961 5.57143 -1.94235 1.721
6.51247 5.71429 -1.81755 1.7184
6.65533 5.85715 -2.4509 1.7162
6.79818 6 -2.97499 1.7184
6.94104 6.14286 -2.10922 1.7162
7.08389 6.28571 -4.43005 1.7163
7.22675 6.42857 -1.71251 1.717
7.36961 6.57143 -1.76841 1.7229
7.51247 6.71429 -1.38333 1.726
7.65533 6.85715 -1.2145 1.7399
7.79818 7 -1.98279 1.7452


Cubic Spline Interpolation (Global Range)
log.afreq  log.sfreq  f  df  d2f         
=========================================
-0.773248 -1.57143 -0.902046 0.209347 -2.73417
-0.764677 -1.56286 -0.900352 0.185911 -2.73417
-0.756105 -1.55429 -0.898859 0.162475 -2.73417
-0.747534 -1.54571 -0.897567 0.139039 -2.73417
-0.738962 -1.53714 -0.896475 0.115604 -2.73417
-0.730391 -1.52857 -0.895585 0.092168 -2.73417
-0.721819 -1.52 -0.894895 0.0687323 -2.73417
-0.713248 -1.51143 -0.894407 0.0452966 -2.73417
-0.704677 -1.50286 -0.894119 0.0218609 -2.73417
-0.696105 -1.49429 -0.894032 -0.00157483 -2.73417
-0.687534 -1.48571 -0.894146 -0.0250105 -2.73417
-0.678962 -1.47714 -0.894461 -0.0484462 -2.73417
-0.670391 -1.46857 -0.894976 -0.071882 -2.73417
-0.661819 -1.46 -0.895693 -0.0953177 -2.73417
-0.653248 -1.45143 -0.89661 -0.118753 -2.73417
-0.644677 -1.44286 -0.897729 -0.142189 -2.73417
-0.636105 -1.43429 -0.899048 -0.165625 -2.73417
-0.627534 -1.42571 -0.900568 -0.188903 -2.62402
-0.618962 -1.41714 -0.902279 -0.209979 -2.2936
-0.610391 -1.40857 -0.904159 -0.228222 -1.96317
-0.601819 -1.4 -0.906184 -0.243633 -1.63274
-0.593248 -1.39143 -0.908328 -0.256212 -1.30232
-0.584677 -1.38286 -0.910568 -0.265958 -0.971893
-0.576105 -1.37429 -0.912879 -0.272873 -0.641468
-0.567534 -1.36571 -0.915238 -0.276955 -0.311042
-0.558962 -1.35714 -0.917619 -0.278205 0.0193835
-0.550391 -1.34857 -0.919999 -0.276623 0.349809
-0.541819 -1.34 -0.922353 -0.272208 0.680235
-0.533248 -1.33143 -0.924657 -0.264962 1.01066
-0.524677 -1.32286 -0.926887 -0.254883 1.34109
-0.516105 -1.31429 -0.929018 -0.241972 1.67151
-0.507534 -1.30571 -0.931027 -0.226228 2.00194
-0.498962 -1.29714 -0.932888 -0.207653 2.33236
-0.490391 -1.28857 -0.934579 -0.186245 2.66279
-0.481819 -1.28 -0.936075 -0.162754 2.73089
-0.473248 -1.27143 -0.93737 -0.139617 2.66771
-0.464677 -1.26286 -0.93847 -0.117022 2.60453
-0.456105 -1.25429 -0.939378 -0.0949681 2.54135
-0.447534 -1.24571 -0.940099 -0.0734559 2.47817
-0.438962 -1.23714 -0.940638 -0.0524852 2.41499
-0.430391 -1.22857 -0.941 -0.0320561 2.35181
-0.421819 -1.22 -0.94119 -0.0121685 2.28863
-0.413248 -1.21143 -0.941211 0.00717755 2.22545
-0.404677 -1.20286 -0.941068 0.025982 2.16227
-0.396105 -1.19429 -0.940767 0.044245 2.09909
-0.387534 -1.18571 -0.940311 0.0619664 2.03591
-0.378962 -1.17714 -0.939706 0.0791463 1.97273
-0.370391 -1.16857 -0.938956 0.0957846 1.90955
-0.361819 -1.16 -0.938065 0.111881 1.84637
-0.353248 -1.15143 -0.937039 0.127437 1.78319
-0.344677 -1.14286 -0.935882 0.14245 1.72001
-0.336105 -1.13429 -0.934601 0.15607 1.45781
-0.327534 -1.12571 -0.933213 0.167441 1.19555
-0.318962 -1.11714 -0.931737 0.176565 0.933288
-0.310391 -1.10857 -0.930193 0.18344 0.671029
-0.30182 -1.1 -0.928599 0.188068 0.408769
-0.293248 -1.09143 -0.926975 0.190448 0.14651
-0.284677 -1.08286 -0.925341 0.19058 -0.11575
-0.276105 -1.07429 -0.923715 0.188464 -0.378009
-0.267534 -1.06571 -0.922116 0.1841 -0.640269
-0.258962 -1.05714 -0.920565 0.177488 -0.902528
-0.250391 -1.04857 -0.91908 0.168628 -1.16479
-0.24182 -1.04 -0.917681 0.15752 -1.42705
-0.233248 -1.03143 -0.916386 0.144164 -1.68931
-0.224677 -1.02286 -0.915216 0.12856 -1.95157
-0.216105 -1.01429 -0.914189 0.110709 -2.21383
-0.207534 -1.00571 -0.913324 0.090609 -2.47608
-0.198962 -0.997142 -0.912642 0.0685017 -2.57017
-0.190391 -0.988571 -0.912146 0.0475095 -2.328
-0.18182 -0.979999 -0.911821 0.0285931 -2.08583
-0.173248 -0.971428 -0.91165 0.0117524 -1.84366
-0.164677 -0.962857 -0.911614 -0.00301252 -1.60149
-0.156105 -0.954285 -0.911696 -0.0157017 -1.35932
-0.147534 -0.945714 -0.911877 -0.0263152 -1.11715
-0.138962 -0.937142 -0.912141 -0.0348529 -0.874983
-0.130391 -0.928571 -0.912469 -0.0413149 -0.632813
-0.12182 -0.919999 -0.912843 -0.0457012 -0.390644
-0.113248 -0.911428 -0.913246 -0.0480117 -0.148474
-0.104677 -0.902857 -0.91366 -0.0482464 0.0936961
-0.0961052 -0.894285 -0.914067 -0.0464054 0.335866
-0.0875338 -0.885714 -0.91445 -0.0424887 0.578036
-0.0789624 -0.877142 -0.91479 -0.0364963 0.820205
-0.0703909 -0.868571 -0.915069 -0.028428 1.06238
-0.0618195 -0.859999 -0.915271 -0.0182841 1.30455
-0.0532481 -0.851428 -0.915378 -0.00684039 1.27506
-0.0446767 -0.842857 -0.915392 0.00337978 1.10965
-0.0361052 -0.834285 -0.915325 0.0121822 0.944238
-0.0275338 -0.825714 -0.915188 0.0195667 0.778827
-0.0189624 -0.817142 -0.914993 0.0255335 0.613417
-0.0103909 -0.808571 -0.914754 0.0300824 0.448006
-0.00181951 -0.799999 -0.914482 0.0332136 0.282595
0.00675192 -0.791428 -0.914189 0.0349269 0.117185
0.0153233 -0.782857 -0.913887 0.0352225 -0.0482261
0.0238948 -0.774285 -0.913589 0.0341002 -0.213637
0.0324662 -0.765714 -0.913306 0.0315601 -0.379047
0.0410376 -0.757142 -0.913052 0.0276022 -0.544458
0.0496091 -0.748571 -0.912837 0.0222266 -0.709869
0.0581805 -0.739999 -0.912675 0.0154331 -0.87528
0.0667519 -0.731428 -0.912577 0.00722176 -1.04069
0.0753233 -0.722857 -0.912555 -0.00240734 -1.2061
0.0838948 -0.714285 -0.912622 -0.0134543 -1.37145
0.0924662 -0.705714 -0.912786 -0.0246394 -1.23842
0.101038 -0.697142 -0.913041 -0.0346843 -1.10539
0.109609 -0.688571 -0.913377 -0.0435889 -0.972356
0.11818 -0.679999 -0.913785 -0.0513533 -0.839325
0.126752 -0.671428 -0.914255 -0.0579773 -0.706294
0.135323 -0.662857 -0.914776 -0.0634612 -0.573263
0.143895 -0.654285 -0.915339 -0.0678047 -0.440231
0.152466 -0.645714 -0.915935 -0.071008 -0.3072
0.161038 -0.637142 -0.916553 -0.073071 -0.174169
0.169609 -0.628571 -0.917184 -0.0739937 -0.0411378
0.17818 -0.619999 -0.917818 -0.0737762 0.0918934
0.186752 -0.611428 -0.918446 -0.0724184 0.224925
0.195323 -0.602857 -0.919057 -0.0699204 0.357956
0.203895 -0.594285 -0.919641 -0.066282 0.490987
0.212466 -0.585714 -0.92019 -0.0615034 0.624018
0.221038 -0.577142 -0.920692 -0.0555846 0.757049
0.229609 -0.568571 -0.921139 -0.0485573 0.867802
0.23818 -0.559999 -0.921523 -0.0408353 0.933996
0.246752 -0.551428 -0.921838 -0.0325459 1.00019
0.255323 -0.542857 -0.922079 -0.0236892 1.06638
0.263895 -0.534285 -0.922242 -0.0142651 1.13258
0.272466 -0.525714 -0.922322 -0.00427356 1.19877
0.281038 -0.517142 -0.922314 0.00628531 1.26496
0.289609 -0.508571 -0.922213 0.0174116 1.33116
0.29818 -0.499999 -0.922014 0.0291052 1.39735
0.306752 -0.491428 -0.921712 0.0413662 1.46355
0.315323 -0.482857 -0.921303 0.0541945 1.52974
0.323895 -0.474285 -0.920781 0.0675903 1.59593
0.332466 -0.465714 -0.920143 0.0815534 1.66213
0.341038 -0.457142 -0.919382 0.0960839 1.72832
0.349609 -0.448571 -0.918494 0.111182 1.79452
0.35818 -0.439999 -0.917474 0.126847 1.86071
0.366752 -0.431428 -0.916318 0.14308 1.9269
0.375323 -0.422857 -0.915021 0.159156 1.73984
0.383895 -0.414285 -0.913597 0.172725 1.42616
0.392466 -0.405714 -0.912068 0.183605 1.11248
0.401038 -0.397142 -0.910457 0.191796 0.798797
0.409609 -0.388571 -0.908788 0.197298 0.485114
0.41818 -0.379999 -0.907082 0.200112 0.171432
0.426752 -0.371428 -0.905365 0.200237 -0.14225
0.435323 -0.362857 -0.903657 0.197673 -0.455933
0.443895 -0.354285 -0.901984 0.192421 -0.769615
0.452466 -0.345714 -0.900366 0.18448 -1.0833
0.461038 -0.337142 -0.898829 0.17385 -1.39698
0.469609 -0.328571 -0.897394 0.160532 -1.71066
0.47818 -0.319999 -0.896085 0.144525 -2.02434
0.486752 -0.311428 -0.894924 0.125829 -2.33803
0.495323 -0.302857 -0.893935 0.104444 -2.65171
0.503895 -0.294285 -0.893141 0.0803708 -2.96539
0.512466 -0.285714 -0.892565 0.0536088 -3.27907
0.521038 -0.277142 -0.892222 0.0268237 -2.97066
0.529609 -0.268571 -0.892098 0.0026832 -2.66212
0.53818 -0.259999 -0.892169 -0.0188126 -2.35358
0.546752 -0.251428 -0.892413 -0.0376638 -2.04503
0.555323 -0.242857 -0.892807 -0.0538704 -1.73649
0.563895 -0.234285 -0.893329 -0.0674322 -1.42795
0.572466 -0.225714 -0.893955 -0.0783495 -1.1194
0.581038 -0.217142 -0.894664 -0.086622 -0.810862
0.589609 -0.208571 -0.895433 -0.0922499 -0.502319
0.59818 -0.199999 -0.896238 -0.0952332 -0.193776
0.606752 -0.191428 -0.897058 -0.0955718 0.114767
0.615323 -0.182857 -0.897869 -0.0932658 0.42331
0.623895 -0.174285 -0.898649 -0.0883151 0.731853
0.632466 -0.165714 -0.899375 -0.0807197 1.0404
0.641038 -0.157142 -0.900025 -0.0704797 1.34894
0.649609 -0.148571 -0.900576 -0.057595 1.65748
0.65818 -0.139999 -0.901005 -0.0422691 1.82355
0.666752 -0.131428 -0.901302 -0.0271498 1.70428
0.675323 -0.122857 -0.901473 -0.0130529 1.585
0.683895 -0.114285 -0.901529 2.17003e-05 1.46573
0.692466 -0.105714 -0.901476 0.0120739 1.34645
0.701038 -0.0971423 -0.901325 0.0231038 1.22718
0.709609 -0.0885709 -0.901083 0.0331113 1.1079
0.71818 -0.0799994 -0.90076 0.0420964 0.988629
0.726752 -0.071428 -0.900364 0.0500592 0.869354
0.735323 -0.0628566 -0.899905 0.0569996 0.750079
0.743895 -0.0542852 -0.89939 0.0629177 0.630804
0.752466 -0.0457137 -0.898829 0.0678134 0.511529
0.761038 -0.0371423 -0.89823 0.0716868 0.392255
0.769609 -0.0285709 -0.897603 0.0745378 0.27298
0.77818 -0.0199994 -0.896955 0.0763664 0.153705
0.786752 -0.011428 -0.896297 0.0771727 0.0344299
0.795323 -0.00285659 -0.895635 0.0769566 -0.084845
0.803895 0.00571484 -0.89498 0.0758248 -0.166826
0.812466 0.0142863 -0.894337 0.0741234 -0.230165
0.821038 0.0228577 -0.893711 0.0718791 -0.293504
0.829609 0.0314291 -0.893107 0.0690919 -0.356843
0.83818 0.0400006 -0.892528 0.0657618 -0.420182
0.846752 0.048572 -0.891981 0.0618888 -0.483521
0.855323 0.0571434 -0.891469 0.0574729 -0.54686
0.863895 0.0657148 -0.890997 0.052514 -0.610198
0.872466 0.0742863 -0.89057 0.0470123 -0.673537
0.881038 0.0828577 -0.890193 0.0409677 -0.736876
0.889609 0.0914291 -0.889869 0.0343801 -0.800215
0.89818 0.100001 -0.889605 0.0272497 -0.863554
0.906752 0.108572 -0.889404 0.0195764 -0.926893
0.915323 0.117143 -0.889271 0.0113601 -0.990232
0.923895 0.125715 -0.889211 0.00260096 -1.05357
0.932466 0.134286 -0.889228 -0.0067011 -1.11691
0.941038 0.142858 -0.889327 -0.0165461 -1.18025
0.949609 0.151429 -0.88951 -0.0259864 -1.02247
0.95818 0.160001 -0.889769 -0.0340741 -0.864655
0.966752 0.168572 -0.89009 -0.0408091 -0.70684
0.975323 0.177143 -0.890464 -0.0461914 -0.549025
0.983895 0.185715 -0.890878 -0.050221 -0.39121
0.992466 0.194286 -0.891321 -0.0528978 -0.233395
1.00104 0.202858 -0.891781 -0.054222 -0.07558
1.00961 0.211429 -0.892247 -0.0541935 0.082235
1.01818 0.220001 -0.892707 -0.0528123 0.24005
1.02675 0.228572 -0.893149 -0.0500783 0.397865
1.03532 0.237143 -0.893561 -0.0459917 0.55568
1.04389 0.245715 -0.893933 -0.0405524 0.713495
1.05247 0.254286 -0.894253 -0.0337604 0.87131
1.06104 0.262858 -0.894508 -0.0256157 1.02912
1.06961 0.271429 -0.894688 -0.0161182 1.18694
1.07818 0.280001 -0.89478 -0.00526812 1.34475
1.08675 0.288572 -0.894774 0.00678259 1.39616
1.09532 0.297143 -0.894667 0.0180587 1.23493
1.10389 0.305715 -0.894469 0.0279528 1.0737
1.11247 0.314286 -0.894192 0.0364649 0.912467
1.12104 0.322858 -0.893848 0.0435951 0.751237
1.12961 0.331429 -0.893448 0.0493432 0.590007
1.13818 0.340001 -0.893006 0.0537095 0.428777
1.14675 0.348572 -0.892532 0.0566937 0.267547
1.15532 0.357143 -0.892038 0.058296 0.106317
1.16389 0.365715 -0.891536 0.0585163 -0.0549127
1.17247 0.374286 -0.891039 0.0573546 -0.216143
1.18104 0.382858 -0.890557 0.054811 -0.377373
1.18961 0.391429 -0.890103 0.0508854 -0.538603
1.19818 0.400001 -0.889688 0.0455778 -0.699832
1.20675 0.408572 -0.889325 0.0388883 -0.861062
1.21532 0.417143 -0.889026 0.0308167 -1.02229
1.22389 0.425715 -0.888801 0.0213632 -1.18352
1.23247 0.434286 -0.888663 0.0110326 -1.16805
1.24104 0.442858 -0.88861 0.00146583 -1.06421
1.24961 0.451429 -0.888635 -0.00721097 -0.960376
1.25818 0.460001 -0.888731 -0.0149978 -0.856541
1.26675 0.468572 -0.888889 -0.0218945 -0.752705
1.27532 0.477143 -0.889103 -0.0279013 -0.64887
1.28389 0.485715 -0.889365 -0.033018 -0.545035
1.29247 0.494286 -0.889667 -0.0372447 -0.4412
1.30104 0.502858 -0.890001 -0.0405814 -0.337365
1.30961 0.511429 -0.89036 -0.0430281 -0.233529
1.31818 0.520001 -0.890736 -0.0445848 -0.129694
1.32675 0.528572 -0.891122 -0.0452515 -0.0258591
1.33532 0.537143 -0.891509 -0.0450281 0.0779761
1.34389 0.545715 -0.891891 -0.0439147 0.181811
1.35247 0.554286 -0.89226 -0.0419113 0.285647
1.36104 0.562858 -0.892607 -0.0390179 0.389482
1.36961 0.571429 -0.892926 -0.0352345 0.493317
1.37818 0.580001 -0.893211 -0.0312978 0.425239
1.38675 0.588572 -0.893464 -0.0279447 0.357162
1.39532 0.597143 -0.893691 -0.0251751 0.289085
1.40389 0.605715 -0.893897 -0.0229889 0.221007
1.41247 0.614286 -0.894087 -0.0213864 0.15293
1.42104 0.622858 -0.894266 -0.0203673 0.0848528
1.42961 0.631429 -0.894438 -0.0199317 0.0167755
1.43818 0.640001 -0.894609 -0.0200797 -0.0513018
1.44675 0.648572 -0.894784 -0.0208112 -0.119379
1.45532 0.657143 -0.894968 -0.0221262 -0.187456
1.46389 0.665715 -0.895165 -0.0240247 -0.255534
1.47247 0.674286 -0.895381 -0.0265068 -0.323611
1.48104 0.682858 -0.895621 -0.0295724 -0.391688
1.48961 0.691429 -0.89589 -0.0332214 -0.459766
1.49818 0.700001 -0.896192 -0.0374541 -0.527843
1.50675 0.708572 -0.896533 -0.0422702 -0.59592
1.51532 0.717143 -0.896918 -0.0476099 -0.622
1.52389 0.725715 -0.897349 -0.0526927 -0.564001
1.53247 0.734286 -0.89782 -0.0572785 -0.506003
1.54104 0.742858 -0.898329 -0.0613671 -0.448004
1.54961 0.751429 -0.898871 -0.0649585 -0.390006
1.55818 0.76 -0.899441 -0.0680529 -0.332007
1.56675 0.768572 -0.900036 -0.0706501 -0.274009
1.57532 0.777143 -0.900651 -0.0727502 -0.21601
1.58389 0.785715 -0.901282 -0.0743531 -0.158012
1.59247 0.794286 -0.901924 -0.0754589 -0.100013
1.60104 0.802858 -0.902574 -0.0760676 -0.0420146
1.60961 0.811429 -0.903227 -0.0761792 0.0159839
1.61818 0.82 -0.903878 -0.0757936 0.0739824
1.62675 0.828572 -0.904525 -0.0749109 0.131981
1.63532 0.837143 -0.905161 -0.0735311 0.189979
1.64389 0.845715 -0.905784 -0.0716541 0.247978
1.65247 0.854286 -0.906388 -0.06928 0.305976
1.66104 0.862858 -0.90697 -0.0665234 0.323852
1.66961 0.871429 -0.907529 -0.063757 0.321637
1.67818 0.88 -0.908063 -0.0610096 0.319422
1.68675 0.888572 -0.908575 -0.0582812 0.317207
1.69532 0.897143 -0.909062 -0.0555718 0.314992
1.70389 0.905715 -0.909527 -0.0528813 0.312777
1.71247 0.914286 -0.909969 -0.0502099 0.310563
1.72104 0.922858 -0.910388 -0.0475574 0.308348
1.72961 0.931429 -0.910784 -0.0449239 0.306133
1.73818 0.94 -0.911158 -0.0423094 0.303918
1.74675 0.948572 -0.91151 -0.0397139 0.301703
1.75532 0.957143 -0.911839 -0.0371374 0.299488
1.76389 0.965715 -0.912146 -0.0345798 0.297273
1.77247 0.974286 -0.912432 -0.0320413 0.295059
1.78104 0.982858 -0.912696 -0.0295217 0.292844
1.78961 0.991429 -0.912938 -0.0270211 0.290629
1.79818 1 -0.913159 -0.0245395 0.288411
1.80675 1.00857 -0.91336 -0.0223444 0.223774
1.81532 1.01714 -0.913544 -0.0207033 0.159137
1.82389 1.02571 -0.913716 -0.0196163 0.0944997
1.83247 1.03429 -0.913882 -0.0190833 0.0298626
1.84104 1.04286 -0.914045 -0.0191044 -0.0347745
1.84961 1.05143 -0.914211 -0.0196795 -0.0994116
1.85818 1.06 -0.914384 -0.0208086 -0.164049
1.86675 1.06857 -0.914569 -0.0224917 -0.228686
1.87532 1.07714 -0.914771 -0.0247289 -0.293323
1.88389 1.08571 -0.914994 -0.0275201 -0.35796
1.89247 1.09429 -0.915244 -0.0308654 -0.422597
1.90104 1.10286 -0.915525 -0.0347647 -0.487234
1.90961 1.11143 -0.915842 -0.039218 -0.551871
1.91818 1.12 -0.916199 -0.0442253 -0.616508
1.92675 1.12857 -0.916602 -0.0497867 -0.681145
1.93532 1.13714 -0.917054 -0.0559021 -0.745782
1.94389 1.14571 -0.917561 -0.0625506 -0.795744
1.95247 1.15429 -0.918127 -0.0694595 -0.816334
1.96104 1.16286 -0.918753 -0.0765449 -0.836924
1.96961 1.17143 -0.91944 -0.0838067 -0.857513
1.97818 1.18 -0.92019 -0.0912451 -0.878103
1.98675 1.18857 -0.921004 -0.0988599 -0.898693
1.99532 1.19714 -0.921885 -0.106651 -0.919282
2.00389 1.20571 -0.922833 -0.114619 -0.939872
2.01247 1.21429 -0.92385 -0.122763 -0.960462
2.02104 1.22286 -0.924938 -0.131084 -0.981051
2.02961 1.23143 -0.926098 -0.139581 -1.00164
2.03818 1.24 -0.927332 -0.148255 -1.02223
2.04675 1.24857 -0.92864 -0.157105 -1.04282
2.05532 1.25714 -0.930025 -0.166132 -1.06341
2.06389 1.26571 -0.931489 -0.175335 -1.084
2.07247 1.27429 -0.933032 -0.184715 -1.10459
2.08104 1.28286 -0.934656 -0.194271 -1.12518
2.08961 1.29143 -0.936362 -0.203671 -1.02951
2.09818 1.3 -0.938143 -0.211837 -0.875754
2.10675 1.30857 -0.93999 -0.218684 -0.722001
2.11532 1.31714 -0.941889 -0.224214 -0.568249
2.12389 1.32571 -0.943829 -0.228426 -0.414497
2.13247 1.33429 -0.945801 -0.23132 -0.260744
2.14104 1.34286 -0.947791 -0.232896 -0.106992
2.14961 1.35143 -0.949789 -0.233154 0.0467604
2.15818 1.36 -0.951784 -0.232094 0.200513
2.16675 1.36857 -0.953764 -0.229716 0.354265
2.17532 1.37714 -0.955719 -0.226021 0.508017
2.18389 1.38571 -0.957635 -0.221007 0.66177
2.19247 1.39429 -0.959503 -0.214676 0.815522
2.20104 1.40286 -0.961312 -0.207027 0.969275
2.20961 1.41143 -0.963049 -0.19806 1.12303
2.21818 1.42 -0.964703 -0.187775 1.27678
2.22675 1.42857 -0.966264 -0.176172 1.43053
2.23532 1.43714 -0.967723 -0.164555 1.28012
2.24389 1.44571 -0.969089 -0.154227 1.12971
2.25247 1.45429 -0.970371 -0.145189 0.979297
2.26104 1.46286 -0.971581 -0.13744 0.828883
2.26961 1.47143 -0.972731 -0.130979 0.678469
2.27818 1.48 -0.97383 -0.125809 0.528056
2.28675 1.48857 -0.974891 -0.121927 0.377642
2.29532 1.49714 -0.975924 -0.119335 0.227228
2.30389 1.50571 -0.976941 -0.118032 0.0768145
2.31247 1.51429 -0.977951 -0.118018 -0.0735992
2.32104 1.52286 -0.978967 -0.119293 -0.224013
2.32961 1.53143 -0.98 -0.121858 -0.374427
2.33818 1.54 -0.98106 -0.125712 -0.52484
2.34675 1.54857 -0.982159 -0.130855 -0.675254
2.35532 1.55714 -0.983307 -0.137288 -0.825668
2.36389 1.56571 -0.984516 -0.14501 -0.976081
2.37247 1.57429 -0.985796 -0.153907 -1.04663
2.38104 1.58286 -0.987153 -0.162496 -0.95744
2.38961 1.59143 -0.98858 -0.17032 -0.868252
2.39818 1.6 -0.990071 -0.17738 -0.779064
2.40675 1.60857 -0.991618 -0.183675 -0.689876
2.41532 1.61714 -0.993217 -0.189206 -0.600687
2.42389 1.62571 -0.99486 -0.193973 -0.511499
2.43247 1.63429 -0.99654 -0.197975 -0.422311
2.44104 1.64286 -0.998252 -0.201212 -0.333123
2.44961 1.65143 -0.999987 -0.203686 -0.243935
2.45818 1.66 -1.00174 -0.205394 -0.154746
2.46675 1.66857 -1.00351 -0.206338 -0.0655581
2.47532 1.67714 -1.00528 -0.206518 0.0236301
2.48389 1.68571 -1.00704 -0.205933 0.112818
2.49247 1.69429 -1.0088 -0.204584 0.202007
2.50104 1.70286 -1.01055 -0.20247 0.291195
2.50961 1.71143 -1.01227 -0.199592 0.380383
2.51818 1.72 -1.01397 -0.196206 0.3798
2.52675 1.72857 -1.01564 -0.193145 0.334286
2.53532 1.73714 -1.01728 -0.190475 0.288773
2.54389 1.74571 -1.0189 -0.188195 0.243259
2.55247 1.75429 -1.02051 -0.186305 0.197745
2.56104 1.76286 -1.0221 -0.184805 0.152232
2.56961 1.77143 -1.02368 -0.183695 0.106718
2.57818 1.78 -1.02525 -0.182976 0.0612047
2.58675 1.78857 -1.02682 -0.182646 0.0156911
2.59532 1.79714 -1.02838 -0.182707 -0.0298225
2.60389 1.80571 -1.02995 -0.183157 -0.075336
2.61247 1.81429 -1.03152 -0.183998 -0.12085
2.62104 1.82286 -1.0331 -0.185229 -0.166363
2.62961 1.83143 -1.0347 -0.18685 -0.211877
2.63818 1.84 -1.03631 -0.188861 -0.25739
2.64675 1.84857 -1.03794 -0.191263 -0.302904
2.65532 1.85714 -1.03959 -0.194054 -0.348417
2.66389 1.86571 -1.04126 -0.197011 -0.341629
2.67247 1.87429 -1.04297 -0.19991 -0.334823
2.68104 1.88286 -1.04469 -0.202751 -0.328017
2.68961 1.89143 -1.04644 -0.205534 -0.321211
2.69818 1.9 -1.04821 -0.208258 -0.314406
2.70675 1.90857 -1.05001 -0.210923 -0.3076
2.71532 1.91714 -1.05183 -0.213531 -0.300794
2.72389 1.92571 -1.05367 -0.21608 -0.293988
2.73247 1.93429 -1.05553 -0.218571 -0.287183
2.74104 1.94286 -1.05742 -0.221003 -0.280377
2.74961 1.95143 -1.05932 -0.223377 -0.273571
2.75818 1.96 -1.06125 -0.225693 -0.266765
2.76675 1.96857 -1.06319 -0.22795 -0.259959
2.77532 1.97714 -1.06515 -0.230149 -0.253154
2.78389 1.98571 -1.06714 -0.23229 -0.246348
2.79247 1.99429 -1.06914 -0.234372 -0.239542
2.80104 2.00286 -1.07115 -0.236381 -0.22208
2.80961 2.01143 -1.07319 -0.238119 -0.18331
2.81818 2.02 -1.07524 -0.239524 -0.144539
2.82675 2.02857 -1.07729 -0.240596 -0.105769
2.83532 2.03714 -1.07936 -0.241337 -0.0669988
2.84389 2.04571 -1.08143 -0.241745 -0.0282284
2.85247 2.05429 -1.0835 -0.241821 0.0105419
2.86104 2.06286 -1.08557 -0.241564 0.0493123
2.86961 2.07143 -1.08764 -0.240975 0.0880826
2.87818 2.08 -1.0897 -0.240054 0.126853
2.88675 2.08857 -1.09176 -0.238801 0.165623
2.89532 2.09714 -1.0938 -0.237215 0.204394
2.90389 2.10571 -1.09582 -0.235297 0.243164
2.91247 2.11429 -1.09783 -0.233046 0.281934
2.92104 2.12286 -1.09982 -0.230464 0.320705
2.92961 2.13143 -1.10178 -0.227549 0.359475
2.93818 2.14 -1.10372 -0.224301 0.398245
2.94675 2.14857 -1.10562 -0.220916 0.369066
2.95532 2.15714 -1.10751 -0.218023 0.305886
2.96389 2.16571 -1.10936 -0.215672 0.242705
2.97247 2.17429 -1.1112 -0.213862 0.179525
2.98104 2.18286 -1.11303 -0.212594 0.116344
2.98961 2.19143 -1.11485 -0.211868 0.0531634
2.99818 2.2 -1.11666 -0.211683 -0.0100171
3.00675 2.20857 -1.11848 -0.21204 -0.0731976
3.01532 2.21714 -1.1203 -0.212938 -0.136378
3.02389 2.22571 -1.12213 -0.214377 -0.199559
3.03247 2.23429 -1.12398 -0.216359 -0.262739
3.04104 2.24286 -1.12584 -0.218882 -0.32592
3.04961 2.25143 -1.12773 -0.221946 -0.3891
3.05818 2.26 -1.12965 -0.225552 -0.452281
3.06675 2.26857 -1.1316 -0.229699 -0.515461
3.07532 2.27714 -1.13359 -0.234388 -0.578642
3.08389 2.28571 -1.13562 -0.239619 -0.641801
3.09247 2.29429 -1.1377 -0.244922 -0.595484
3.10104 2.30286 -1.13982 -0.249827 -0.549166
3.10961 2.31143 -1.14198 -0.254336 -0.502848
3.11818 2.32 -1.14418 -0.258447 -0.456531
3.12675 2.32857 -1.14641 -0.262162 -0.410213
3.13532 2.33714 -1.14867 -0.26548 -0.363895
3.14389 2.34571 -1.15096 -0.2684 -0.317577
3.15247 2.35429 -1.15327 -0.270924 -0.27126
3.16104 2.36286 -1.1556 -0.27305 -0.224942
3.16961 2.37143 -1.15795 -0.27478 -0.178624
3.17818 2.38 -1.16031 -0.276113 -0.132307
3.18675 2.38857 -1.16268 -0.277048 -0.085989
3.19532 2.39714 -1.16506 -0.277587 -0.0396714
3.20389 2.40571 -1.16744 -0.277728 0.00664633
3.21247 2.41429 -1.16982 -0.277473 0.052964
3.22104 2.42286 -1.17219 -0.27682 0.0992817
3.22961 2.43143 -1.17456 -0.275799 0.125751
3.23818 2.44 -1.17692 -0.274778 0.112519
3.24675 2.44857 -1.17927 -0.27387 0.0992868
3.25532 2.45714 -1.18162 -0.273076 0.0860547
3.26389 2.46571 -1.18395 -0.272395 0.0728226
3.27247 2.47429 -1.18629 -0.271828 0.0595906
3.28104 2.48286 -1.18862 -0.271373 0.0463585
3.28961 2.49143 -1.19094 -0.271033 0.0331264
3.29818 2.5 -1.19326 -0.270806 0.0198944
3.30675 2.50857 -1.19558 -0.270692 0.00666229
3.31532 2.51714 -1.1979 -0.270691 -0.00656977
3.32389 2.52571 -1.20022 -0.270804 -0.0198018
3.33247 2.53429 -1.20255 -0.271031 -0.0330339
3.34104 2.54286 -1.20487 -0.271371 -0.046266
3.34961 2.55143 -1.2072 -0.271824 -0.059498
3.35818 2.56 -1.20953 -0.272391 -0.0727301
3.36675 2.56857 -1.21187 -0.273071 -0.0859622
3.37532 2.57714 -1.21421 -0.273809 -0.0797801
3.38389 2.58571 -1.21656 -0.274425 -0.0638906
3.39247 2.59429 -1.21892 -0.274904 -0.0480011
3.40104 2.60286 -1.22127 -0.275247 -0.0321116
3.40961 2.61143 -1.22363 -0.275455 -0.0162221
3.41818 2.62 -1.22599 -0.275526 -0.000332628
3.42675 2.62857 -1.22836 -0.27546 0.0155569
3.43532 2.63714 -1.23072 -0.275259 0.0314464
3.44389 2.64571 -1.23307 -0.274921 0.0473359
3.45247 2.65429 -1.23543 -0.274447 0.0632254
3.46104 2.66286 -1.23778 -0.273837 0.0791148
3.46961 2.67143 -1.24012 -0.273091 0.0950043
3.47818 2.68 -1.24246 -0.272209 0.110894
3.48675 2.68857 -1.24479 -0.27119 0.126783
3.49532 2.69714 -1.24711 -0.270035 0.142673
3.50389 2.70571 -1.24942 -0.268744 0.158562
3.51247 2.71429 -1.25172 -0.267317 0.174452
3.52104 2.72286 -1.254 -0.26594 0.146823
3.52961 2.73143 -1.25628 -0.2648 0.119184
3.53818 2.74 -1.25854 -0.263897 0.0915455
3.54675 2.74857 -1.2608 -0.263231 0.0639068
3.55532 2.75714 -1.26305 -0.262801 0.036268
3.56389 2.76571 -1.26531 -0.262609 0.00862932
3.57247 2.77429 -1.26756 -0.262653 -0.0190094
3.58104 2.78286 -1.26981 -0.262935 -0.0466481
3.58961 2.79143 -1.27206 -0.263453 -0.0742868
3.59818 2.8 -1.27433 -0.264208 -0.101926
3.60675 2.80857 -1.27659 -0.2652 -0.129564
3.61532 2.81714 -1.27887 -0.266429 -0.157203
3.62389 2.82571 -1.28116 -0.267895 -0.184842
3.63247 2.83429 -1.28347 -0.269598 -0.21248
3.64104 2.84286 -1.28579 -0.271538 -0.240119
3.64961 2.85143 -1.28812 -0.273714 -0.267758
3.65818 2.86 -1.29048 -0.276104 -0.278405
3.66675 2.86857 -1.29285 -0.27839 -0.25502
3.67532 2.87714 -1.29525 -0.280476 -0.231634
3.68389 2.88571 -1.29766 -0.282361 -0.208249
3.69247 2.89429 -1.30009 -0.284046 -0.184863
3.70104 2.90286 -1.30253 -0.28553 -0.161477
3.70961 2.91143 -1.30498 -0.286814 -0.138092
3.71818 2.92 -1.30745 -0.287897 -0.114706
3.72675 2.92857 -1.30992 -0.28878 -0.0913208
3.73532 2.93714 -1.3124 -0.289463 -0.0679353
3.74389 2.94571 -1.31488 -0.289945 -0.0445498
3.75247 2.95429 -1.31737 -0.290226 -0.0211642
3.76104 2.96286 -1.31986 -0.290308 0.00222132
3.76961 2.97143 -1.32234 -0.290188 0.0256069
3.77818 2.98 -1.32483 -0.289869 0.0489924
3.78675 2.98857 -1.32731 -0.289348 0.0723779
3.79532 2.99714 -1.32979 -0.288628 0.0957635
3.80389 3.00571 -1.33226 -0.287733 0.109951
3.81247 3.01429 -1.33472 -0.286749 0.119541
3.82104 3.02286 -1.33717 -0.285684 0.129131
3.82961 3.03143 -1.33962 -0.284536 0.138721
3.83818 3.04 -1.34205 -0.283306 0.148311
3.84675 3.04857 -1.34447 -0.281993 0.1579
3.85532 3.05714 -1.34689 -0.280599 0.16749
3.86389 3.06571 -1.34928 -0.279122 0.17708
3.87247 3.07429 -1.35167 -0.277563 0.18667
3.88104 3.08286 -1.35404 -0.275922 0.19626
3.88961 3.09143 -1.3564 -0.274199 0.205849
3.89818 3.1 -1.35874 -0.272393 0.215439
3.90675 3.10857 -1.36107 -0.270505 0.225029
3.91532 3.11714 -1.36338 -0.268536 0.234619
3.92389 3.12571 -1.36567 -0.266483 0.244209
3.93247 3.13429 -1.36795 -0.264349 0.253798
3.94104 3.14286 -1.3702 -0.262133 0.263388
3.94961 3.15143 -1.37244 -0.260026 0.228027
3.95818 3.16 -1.37466 -0.258224 0.192658
3.96675 3.16857 -1.37687 -0.256724 0.15729
3.97532 3.17714 -1.37906 -0.255527 0.121921
3.98389 3.18571 -1.38125 -0.254634 0.0865518
3.99247 3.19429 -1.38343 -0.254043 0.0511829
4.00104 3.20286 -1.38561 -0.253756 0.015814
4.00961 3.21143 -1.38778 -0.253772 -0.0195549
4.01818 3.22 -1.38996 -0.254091 -0.0549238
4.02675 3.22857 -1.39214 -0.254714 -0.0902927
4.03532 3.23714 -1.39433 -0.255639 -0.125662
4.04389 3.24571 -1.39652 -0.256868 -0.16103
4.05247 3.25429 -1.39873 -0.2584 -0.196399
4.06104 3.26286 -1.40095 -0.260235 -0.231768
4.06961 3.27143 -1.40319 -0.262373 -0.267137
4.07818 3.28 -1.40545 -0.264814 -0.302506
4.08675 3.28857 -1.40773 -0.267543 -0.32699
4.09532 3.29714 -1.41004 -0.270358 -0.329724
4.10389 3.30571 -1.41237 -0.273196 -0.332457
4.11247 3.31429 -1.41472 -0.276057 -0.335191
4.12104 3.32286 -1.4171 -0.278942 -0.337924
4.12961 3.33143 -1.4195 -0.28185 -0.340658
4.13818 3.34 -1.42193 -0.284782 -0.343392
4.14675 3.34857 -1.42439 -0.287737 -0.346125
4.15532 3.35714 -1.42686 -0.290715 -0.348859
4.16389 3.36571 -1.42937 -0.293717 -0.351592
4.17247 3.37429 -1.4319 -0.296743 -0.354326
4.18104 3.38286 -1.43446 -0.299791 -0.357059
4.18961 3.39143 -1.43704 -0.302864 -0.359793
4.19818 3.4 -1.43965 -0.305959 -0.362526
4.20675 3.40857 -1.44228 -0.309078 -0.36526
4.21532 3.41714 -1.44495 -0.312221 -0.367993
4.22389 3.42571 -1.44764 -0.315387 -0.370727
4.23247 3.43429 -1.45035 -0.318538 -0.360115
4.24104 3.44286 -1.4531 -0.321551 -0.342828
4.24961 3.45143 -1.45587 -0.324415 -0.325542
4.25818 3.46 -1.45866 -0.327131 -0.308256
4.26675 3.46857 -1.46147 -0.329699 -0.29097
4.27532 3.47714 -1.46431 -0.332119 -0.273683
4.28389 3.48571 -1.46717 -0.334391 -0.256397
4.29247 3.49429 -1.47004 -0.336515 -0.239111
4.30104 3.50286 -1.47293 -0.33849 -0.221825
4.30961 3.51143 -1.47584 -0.340317 -0.204538
4.31818 3.52 -1.47877 -0.341997 -0.187252
4.32675 3.52857 -1.48171 -0.343528 -0.169966
4.33532 3.53714 -1.48466 -0.34491 -0.15268
4.34389 3.54571 -1.48762 -0.346145 -0.135394
4.35247 3.55429 -1.49059 -0.347231 -0.118107
4.36104 3.56286 -1.49357 -0.34817 -0.100821
4.36961 3.57143 -1.49656 -0.34896 -0.0835348
4.37818 3.58 -1.49955 -0.349095 0.0519415
4.38675 3.58857 -1.50254 -0.348069 0.187419
4.39532 3.59714 -1.50551 -0.345882 0.322897
4.40389 3.60571 -1.50847 -0.342534 0.458375
4.41247 3.61429 -1.51138 -0.338024 0.593853
4.42104 3.62286 -1.51426 -0.332354 0.729331
4.42961 3.63143 -1.51708 -0.325522 0.864808
4.43818 3.64 -1.51983 -0.317528 1.00029
4.44675 3.64857 -1.52252 -0.308374 1.13576
4.45532 3.65714 -1.52512 -0.298058 1.27124
4.46389 3.66571 -1.52762 -0.286581 1.40672
4.47247 3.67429 -1.53003 -0.273943 1.5422
4.48104 3.68286 -1.53232 -0.260143 1.67768
4.48961 3.69143 -1.53448 -0.245183 1.81315
4.49818 3.7 -1.53652 -0.229061 1.94863
4.50675 3.70857 -1.53841 -0.211778 2.08411
4.51532 3.71714 -1.54014 -0.193531 2.08108
4.52389 3.72571 -1.54173 -0.176895 1.80074
4.53247 3.73429 -1.54318 -0.162661 1.52041
4.54104 3.74286 -1.54452 -0.15083 1.24007
4.54961 3.75143 -1.54578 -0.141403 0.959737
4.55818 3.76 -1.54696 -0.134378 0.679402
4.56675 3.76857 -1.54809 -0.129756 0.399067
4.57532 3.77714 -1.54919 -0.127537 0.118732
4.58389 3.78571 -1.55028 -0.12772 -0.161603
4.59247 3.79429 -1.55138 -0.130307 -0.441938
4.60104 3.80286 -1.55252 -0.135296 -0.722273
4.60961 3.81143 -1.55371 -0.142689 -1.00261
4.61818 3.82 -1.55497 -0.152484 -1.28294
4.62675 3.82857 -1.55633 -0.164682 -1.56328
4.63532 3.83714 -1.5578 -0.179283 -1.84361
4.64389 3.84571 -1.55941 -0.196287 -2.12395
4.65247 3.85429 -1.56117 -0.215694 -2.40428
4.66104 3.86286 -1.56311 -0.236553 -2.35174
4.66961 3.87143 -1.56522 -0.255771 -2.13252
4.67818 3.88 -1.56749 -0.27311 -1.91329
4.68675 3.88857 -1.5699 -0.28857 -1.69407
4.69532 3.89714 -1.57243 -0.302151 -1.47484
4.70389 3.90571 -1.57508 -0.313853 -1.25561
4.71247 3.91429 -1.57781 -0.323676 -1.03639
4.72104 3.92286 -1.58062 -0.33162 -0.817163
4.72961 3.93143 -1.58349 -0.337684 -0.597937
4.73818 3.94 -1.5864 -0.34187 -0.378712
4.74675 3.94857 -1.58934 -0.344177 -0.159486
4.75532 3.95714 -1.5923 -0.344604 0.0597399
4.76389 3.96571 -1.59525 -0.343153 0.278966
4.77247 3.97429 -1.59817 -0.339822 0.498191
4.78104 3.98286 -1.60107 -0.334612 0.717417
4.78961 3.99143 -1.6039 -0.327523 0.936643
4.79818 4 -1.60668 -0.318555 1.15586
4.80675 4.00857 -1.60936 -0.309036 1.06542
4.81532 4.01714 -1.61198 -0.300291 0.974975
4.82389 4.02571 -1.61451 -0.292322 0.884534
4.83247 4.03429 -1.61699 -0.285128 0.794093
4.84104 4.04286 -1.6194 -0.278709 0.703652
4.84961 4.05143 -1.62177 -0.273065 0.613211
4.85818 4.06 -1.62409 -0.268197 0.52277
4.86675 4.06857 -1.62637 -0.264103 0.432329
4.87532 4.07714 -1.62862 -0.260785 0.341887
4.88389 4.08571 -1.63084 -0.258242 0.251446
4.89247 4.09429 -1.63305 -0.256475 0.161005
4.90104 4.10286 -1.63524 -0.255482 0.0705641
4.90961 4.11143 -1.63743 -0.255265 -0.019877
4.91818 4.12 -1.63962 -0.255823 -0.110318
4.92675 4.12857 -1.64182 -0.257156 -0.200759
4.93532 4.13714 -1.64403 -0.259265 -0.2912
4.94389 4.14571 -1.64626 -0.262053 -0.315084
4.95247 4.15429 -1.64852 -0.264285 -0.205742
4.96104 4.16286 -1.65079 -0.26558 -0.0964012
4.96961 4.17143 -1.65307 -0.265938 0.01294
4.97818 4.18 -1.65535 -0.265358 0.122281
4.98675 4.18857 -1.65762 -0.263842 0.231622
4.99532 4.19714 -1.65987 -0.261388 0.340964
5.00389 4.20571 -1.66209 -0.257997 0.450305
5.01247 4.21429 -1.66429 -0.253668 0.559646
5.02104 4.22286 -1.66644 -0.248403 0.668987
5.02961 4.23143 -1.66854 -0.2422 0.778329
5.03818 4.24 -1.67059 -0.23506 0.88767
5.04675 4.24857 -1.67257 -0.226983 0.997011
5.05532 4.25714 -1.67448 -0.217968 1.10635
5.06389 4.26571 -1.6763 -0.208017 1.21569
5.07247 4.27429 -1.67804 -0.197128 1.32503
5.08104 4.28286 -1.67968 -0.185302 1.43438
5.08961 4.29143 -1.68122 -0.173073 1.35664
5.09818 4.3 -1.68265 -0.162178 1.18545
5.10675 4.30857 -1.684 -0.152751 1.01426
5.11532 4.31714 -1.68527 -0.144791 0.843068
5.12389 4.32571 -1.68649 -0.138298 0.671876
5.13247 4.33429 -1.68765 -0.133273 0.500684
5.14104 4.34286 -1.68878 -0.129715 0.329492
5.14961 4.35143 -1.68988 -0.127625 0.1583
5.15818 4.36 -1.69097 -0.127002 -0.0128922
5.16675 4.36857 -1.69206 -0.127846 -0.184084
5.17532 4.37714 -1.69316 -0.130157 -0.355276
5.18389 4.38571 -1.69429 -0.133936 -0.526468
5.19247 4.39429 -1.69546 -0.139183 -0.69766
5.20104 4.40286 -1.69668 -0.145896 -0.868852
5.20961 4.41143 -1.69797 -0.154077 -1.04004
5.21818 4.42 -1.69933 -0.163725 -1.21124
5.22675 4.42857 -1.70078 -0.174841 -1.38243
5.23532 4.43714 -1.70233 -0.186419 -1.31895
5.24389 4.44571 -1.70397 -0.197452 -1.25547
5.25247 4.45429 -1.70571 -0.207941 -1.19199
5.26104 4.46286 -1.70754 -0.217886 -1.1285
5.26961 4.47143 -1.70945 -0.227287 -1.06502
5.27818 4.48 -1.71143 -0.236143 -1.00154
5.28675 4.48857 -1.71349 -0.244456 -0.938057
5.29532 4.49714 -1.71562 -0.252224 -0.874574
5.30389 4.50571 -1.71781 -0.259449 -0.811092
5.31247 4.51429 -1.72007 -0.266129 -0.747609
5.32104 4.52286 -1.72238 -0.272265 -0.684126
5.32961 4.53143 -1.72473 -0.277857 -0.620644
5.33818 4.54 -1.72714 -0.282904 -0.557161
5.34675 4.54857 -1.72958 -0.287408 -0.493678
5.35532 4.55714 -1.73206 -0.291367 -0.430196
5.36389 4.56571 -1.73457 -0.294783 -0.366713
5.37247 4.57429 -1.73711 -0.297585 -0.255032
5.38104 4.58286 -1.73967 -0.298879 -0.046947
5.38961 4.59143 -1.74223 -0.29839 0.161138
5.39818 4.6 -1.74478 -0.296117 0.369223
5.40675 4.60857 -1.7473 -0.29206 0.577308
5.41532 4.61714 -1.74978 -0.28622 0.785393
5.42389 4.62571 -1.75221 -0.278597 0.993478
5.43247 4.63429 -1.75455 -0.269189 1.20156
5.44104 4.64286 -1.75681 -0.257998 1.40965
5.44961 4.65143 -1.75897 -0.245024 1.61773
5.45818 4.66 -1.76101 -0.230266 1.82582
5.46675 4.66857 -1.76291 -0.213724 2.0339
5.47532 4.67714 -1.76467 -0.195399 2.24199
5.48389 4.68571 -1.76626 -0.17529 2.45007
5.49247 4.69429 -1.76767 -0.153398 2.65816
5.50104 4.70286 -1.76888 -0.129722 2.86624
5.50961 4.71143 -1.76989 -0.104262 3.07433
5.51818 4.72 -1.77067 -0.0781091 2.90069
5.52675 4.72857 -1.77124 -0.054809 2.536
5.53532 4.73714 -1.77162 -0.0346348 2.17131
5.54389 4.74571 -1.77184 -0.0175865 1.80662
5.55247 4.75429 -1.77193 -0.00366424 1.44192
5.56104 4.76286 -1.77191 0.00713214 1.07723
5.56961 4.77143 -1.77181 0.0148026 0.712538
5.57818 4.78 -1.77166 0.0193471 0.347845
5.58675 4.78857 -1.77149 0.0207656 -0.0168475
5.59532 4.79714 -1.77132 0.0190583 -0.38154
5.60389 4.80571 -1.77117 0.0142249 -0.746233
5.61247 4.81429 -1.77108 0.0062657 -1.11093
5.62104 4.82286 -1.77107 -0.00481949 -1.47562
5.62961 4.83143 -1.77117 -0.0190306 -1.84031
5.63818 4.84 -1.77141 -0.0363677 -2.205
5.64675 4.84857 -1.77181 -0.0568307 -2.5697
5.65532 4.85714 -1.77239 -0.0804196 -2.93439
5.66389 4.86571 -1.77319 -0.104733 -2.73851
5.67247 4.87429 -1.77418 -0.127366 -2.54244
5.68104 4.88286 -1.77537 -0.148318 -2.34638
5.68961 4.89143 -1.77672 -0.167589 -2.15031
5.69818 4.9 -1.77823 -0.18518 -1.95424
5.70675 4.90857 -1.77989 -0.20109 -1.75818
5.71532 4.91714 -1.78168 -0.21532 -1.56211
5.72389 4.92571 -1.78358 -0.22787 -1.36605
5.73247 4.93429 -1.78558 -0.238738 -1.16998
5.74104 4.94286 -1.78767 -0.247926 -0.973913
5.74961 4.95143 -1.78982 -0.255434 -0.777846
5.75818 4.96 -1.79204 -0.261261 -0.58178
5.76675 4.96857 -1.7943 -0.265407 -0.385713
5.77532 4.97714 -1.79658 -0.267873 -0.189647
5.78389 4.98571 -1.79888 -0.268658 0.00641972
5.79247 4.99429 -1.80119 -0.267763 0.202486
5.80104 5.00286 -1.80347 -0.265251 0.353918
5.80961 5.01143 -1.80573 -0.261951 0.416091
5.81818 5.02 -1.80796 -0.258118 0.478265
5.82675 5.02857 -1.81015 -0.253752 0.540438
5.83532 5.03714 -1.81231 -0.248853 0.602612
5.84389 5.04571 -1.81442 -0.243422 0.664786
5.85247 5.05429 -1.81648 -0.237457 0.726959
5.86104 5.06286 -1.81849 -0.230959 0.789133
5.86961 5.07143 -1.82044 -0.223929 0.851307
5.87818 5.08 -1.82232 -0.216366 0.91348
5.88675 5.08857 -1.82414 -0.208269 0.975654
5.89532 5.09714 -1.82589 -0.19964 1.03783
5.90389 5.10571 -1.82757 -0.190478 1.1
5.91247 5.11429 -1.82916 -0.180783 1.16218
5.92104 5.12286 -1.83066 -0.170555 1.22435
5.92961 5.13143 -1.83208 -0.159794 1.28652
5.93818 5.14 -1.8334 -0.1485 1.3487
5.94675 5.14857 -1.83462 -0.136805 1.36492
5.95532 5.15714 -1.83575 -0.125134 1.35816
5.96389 5.16571 -1.83677 -0.113522 1.3514
5.97247 5.17429 -1.83769 -0.101968 1.34464
5.98104 5.18286 -1.83852 -0.0904711 1.33787
5.98961 5.19143 -1.83924 -0.0790326 1.33111
5.99818 5.2 -1.83987 -0.067652 1.32435
6.00675 5.20857 -1.8404 -0.0563294 1.31759
6.01532 5.21714 -1.84084 -0.0450648 1.31082
6.02389 5.22571 -1.84118 -0.0338582 1.30406
6.03247 5.23429 -1.84142 -0.0227095 1.2973
6.04104 5.24286 -1.84157 -0.0116188 1.29054
6.04961 5.25143 -1.84162 -0.000586019 1.28377
6.05818 5.26 -1.84158 0.0103888 1.27701
6.06675 5.26857 -1.84144 0.0213056 1.27025
6.07532 5.27714 -1.84121 0.0321644 1.26349
6.08389 5.28571 -1.84089 0.0429653 1.25658
6.09247 5.29429 -1.84048 0.0503576 0.468268
6.10104 5.30286 -1.84004 0.0509928 -0.320046
6.10961 5.31143 -1.83963 0.044871 -1.10836
6.11818 5.32 -1.8393 0.0319923 -1.89667
6.12675 5.32857 -1.8391 0.0123566 -2.68499
6.13532 5.33714 -1.8391 -0.0140361 -3.4733
6.14389 5.34571 -1.83936 -0.0471857 -4.26162
6.15247 5.35429 -1.83993 -0.0870923 -5.04993
6.16104 5.36286 -1.84087 -0.133756 -5.83825
6.16961 5.37143 -1.84224 -0.187177 -6.62656
6.17818 5.38 -1.8441 -0.247354 -7.41487
6.18675 5.38857 -1.8465 -0.314289 -8.20319
6.19532 5.39714 -1.84951 -0.38798 -8.9915
6.20389 5.40571 -1.85317 -0.468429 -9.77982
6.21247 5.41429 -1.85756 -0.555634 -10.5681
6.22104 5.42286 -1.86272 -0.649597 -11.3564
6.22961 5.43143 -1.86871 -0.7487 -11.0131
6.23818 5.44 -1.8755 -0.831924 -8.40597
6.24675 5.44857 -1.88291 -0.892802 -5.79886
6.25532 5.45714 -1.89074 -0.931333 -3.19175
6.26389 5.46571 -1.89881 -0.947518 -0.584641
6.27247 5.47429 -1.90692 -0.941355 2.02247
6.28104 5.48286 -1.91488 -0.912847 4.62958
6.28961 5.49143 -1.92251 -0.861991 7.23669
6.29818 5.5 -1.9296 -0.788789 9.84379
6.30675 5.50857 -1.93596 -0.693241 12.4509
6.31532 5.51714 -1.94142 -0.575345 15.058
6.32389 5.52571 -1.94576 -0.435103 17.6651
6.33247 5.53429 -1.94881 -0.272515 20.2722
6.34104 5.54286 -1.95037 -0.0875793 22.8793
6.34961 5.55143 -1.95025 0.119703 25.4864
6.35818 5.56 -1.94826 0.349331 28.0936
6.36675 5.56857 -1.9442 0.601306 30.7007
6.37532 5.57714 -1.93791 0.86072 28.0896
6.38389 5.58571 -1.92957 1.07911 22.8692
6.39247 5.59429 -1.91954 1.25276 17.6487
6.40104 5.60286 -1.90822 1.38166 12.4283
6.40961 5.61143 -1.89598 1.46582 7.20788
6.41818 5.62 -1.88322 1.50523 1.98746
6.42675 5.62857 -1.87031 1.49989 -3.23297
6.43532 5.63714 -1.85763 1.44981 -8.45339
6.44389 5.64571 -1.84558 1.35497 -13.6738
6.45247 5.65429 -1.83453 1.2154 -18.8942
6.46104 5.66286 -1.82487 1.03107 -24.1147
6.46961 5.67143 -1.81699 0.802003 -29.3351
6.47818 5.68 -1.81125 0.528186 -34.5555
6.48675 5.68857 -1.80806 0.209623 -39.7759
6.49532 5.69714 -1.80779 -0.153687 -44.9964
6.50389 5.70571 -1.81082 -0.561744 -50.2168
6.51247 5.71429 -1.81754 -1.01455 -55.4372
6.52104 5.72286 -1.82826 -1.48389 -54.0751
6.52961 5.73143 -1.84295 -1.94155 -52.7114
6.53818 5.74 -1.86151 -2.38752 -51.3477
6.54675 5.74857 -1.88385 -2.8218 -49.9841
6.55532 5.75714 -1.90985 -3.24439 -48.6204
6.56389 5.76571 -1.93943 -3.65529 -47.2567
6.57247 5.77429 -1.97248 -4.0545 -45.893
6.58104 5.78286 -2.0089 -4.44202 -44.5293
6.58961 5.79143 -2.0486 -4.81786 -43.1656
6.59818 5.8 -2.09146 -5.18201 -41.802
6.60675 5.80857 -2.1374 -5.53447 -40.4383
6.61532 5.81714 -2.1863 -5.87523 -39.0746
6.62389 5.82571 -2.23808 -6.20432 -37.7109
6.63247 5.83429 -2.29263 -6.52171 -36.3472
6.64104 5.84286 -2.34985 -6.82741 -34.9836
6.64961 5.85143 -2.40964 -7.12143 -33.6199
6.65818 5.86 -2.47189 -7.39724 -27.693
6.66675 5.86857 -2.53613 -7.57004 -12.626
6.67532 5.87714 -2.60129 -7.61369 2.44105
6.68389 5.88571 -2.66628 -7.52819 17.5081
6.69247 5.89429 -2.72998 -7.31355 32.5751
6.70104 5.90286 -2.79129 -6.96976 47.6422
6.70961 5.91143 -2.84909 -6.49682 62.7092
6.71818 5.92 -2.90229 -5.89474 77.7763
6.72675 5.92857 -2.94978 -5.16352 92.8433
6.73532 5.93714 -2.99044 -4.30314 107.91
6.74389 5.94571 -3.02318 -3.31362 122.977
6.75247 5.95429 -3.04688 -2.19496 138.044
6.76104 5.96286 -3.06043 -0.947148 153.111
6.76961 5.97143 -3.06274 0.42981 168.179
6.77818 5.98 -3.0527 1.93591 183.246
6.78675 5.98857 -3.02919 3.57116 198.313
6.79532 5.99714 -2.99111 5.33556 213.38
6.80389 6.00571 -2.93755 7.12603 192.374
6.81247 6.01429 -2.86988 8.60764 153.334
6.82104 6.02286 -2.79094 9.75462 114.295
6.82961 6.03143 -2.70361 10.567 75.255
6.83818 6.04 -2.61075 11.0447 36.2152
6.84675 6.04857 -2.51523 11.1878 -2.82447
6.85532 6.05714 -2.41992 10.9963 -41.8642
6.86389 6.06571 -2.32768 10.4701 -80.9039
6.87247 6.07429 -2.24139 9.60936 -119.944
6.88104 6.08286 -2.1639 8.41396 -158.983
6.88961 6.09143 -2.0981 6.88393 -198.023
6.89818 6.1 -2.04685 5.01928 -237.063
6.90675 6.10857 -2.01301 2.82 -276.102
6.91532 6.11714 -1.99946 0.286095 -315.142
6.92389 6.12571 -2.00907 -2.58244 -354.182
6.93247 6.13429 -2.04469 -5.78559 -393.222
6.94104 6.14286 -2.1092 -9.32338 -432.261
6.94961 6.15143 -2.20426 -12.7699 -371.915
6.95818 6.16 -2.32664 -15.6991 -311.549
6.96675 6.16857 -2.47191 -18.1108 -251.183
6.97532 6.17714 -2.63563 -20.0051 -190.818
6.98389 6.18571 -2.81337 -21.3819 -130.452
6.99247 6.19429 -3.0007 -22.2414 -70.0866
7.00104 6.20286 -3.19317 -22.5834 -9.72095
7.00961 6.21143 -3.38636 -22.408 50.6447
7.01818 6.22 -3.57583 -21.7152 111.01
7.02675 6.22857 -3.75715 -20.505 171.376
7.03532 6.23714 -3.92587 -18.7773 231.741
7.04389 6.24571 -4.07757 -16.5323 292.107
7.05247 6.25429 -4.2078 -13.7698 352.473
7.06104 6.26286 -4.31214 -10.4899 412.838
7.06961 6.27143 -4.38615 -6.69257 473.204
7.07818 6.28 -4.42539 -2.37783 533.57
7.08675 6.28857 -4.42549 2.39824 554.684
7.09532 6.29714 -4.38526 6.90698 497.357
7.10389 6.30571 -4.30849 10.9244 440.031
7.11247 6.31429 -4.19939 14.4504 382.705
7.12104 6.32286 -4.06217 17.485 325.378
7.12961 6.33143 -3.90105 20.0283 268.052
7.13818 6.34 -3.72023 22.0802 210.725
7.14675 6.34857 -3.52393 23.6407 153.399
7.15532 6.35714 -3.31637 24.7099 96.0724
7.16389 6.36571 -3.10174 25.2877 38.7459
7.17247 6.37429 -2.88427 25.3741 -18.5805
7.18104 6.38286 -2.66816 24.9691 -75.9069
7.18961 6.39143 -2.45763 24.0728 -133.233
7.19818 6.4 -2.25689 22.6851 -190.56
7.20675 6.40857 -2.07014 20.8061 -247.886
7.21532 6.41714 -1.90161 18.4357 -305.213
7.22389 6.42571 -1.75551 15.5739 -362.539
7.23247 6.43429 -1.63572 12.3892 -360.889
7.24104 6.44286 -1.5424 9.42935 -329.744
7.24961 6.45143 -1.47331 6.73644 -298.6
7.25818 6.46 -1.42615 4.31049 -267.456
7.26675 6.46857 -1.39865 2.15149 -236.312
7.27532 6.47714 -1.38851 0.259435 -205.167
7.28389 6.48571 -1.39344 -1.36567 -174.023
7.29247 6.49429 -1.41116 -2.72382 -142.879
7.30104 6.50286 -1.43937 -3.81501 -111.734
7.30961 6.51143 -1.4758 -4.63926 -80.5901
7.31818 6.52 -1.51814 -5.19656 -49.4458
7.32675 6.52857 -1.56412 -5.4869 -18.3015
7.33532 6.53714 -1.61144 -5.5103 12.8428
7.34389 6.54571 -1.65782 -5.26674 43.9871
7.35247 6.55429 -1.70096 -4.75623 75.1314
7.36104 6.56286 -1.73859 -3.97877 106.276
7.36961 6.57143 -1.76841 -2.93436 137.42
7.37818 6.58 -1.78864 -1.80168 126.872
7.38675 6.58857 -1.79955 -0.759409 116.324
7.39532 6.59714 -1.80192 0.192444 105.775
7.40389 6.60571 -1.79651 1.05388 95.2265
7.41247 6.61429 -1.78411 1.8249 84.6778
7.42104 6.62286 -1.76549 2.5055 74.1292
7.42961 6.63143 -1.74142 3.09568 63.5805
7.43818 6.64 -1.71267 3.59545 53.0319
7.44675 6.64857 -1.68004 4.0048 42.4832
7.45532 6.65714 -1.64428 4.32373 31.9346
7.46389 6.66571 -1.60617 4.55225 21.3859
7.47247 6.67429 -1.5665 4.69035 10.8373
7.48104 6.68286 -1.52603 4.73803 0.2886
7.48961 6.69143 -1.48553 4.6953 -10.2601
7.49818 6.7 -1.44579 4.56214 -20.8087
7.50675 6.70857 -1.40758 4.33858 -31.3574
7.51532 6.71714 -1.37167 4.02935 -38.5729
7.52389 6.72571 -1.33856 3.6964 -39.1149
7.53247 6.73429 -1.30832 3.35881 -39.6568
7.54104 6.74286 -1.28099 3.01657 -40.1988
7.54961 6.75143 -1.25662 2.66969 -40.7408
7.55818 6.76 -1.23524 2.31816 -41.2828
7.56675 6.76857 -1.21689 1.96198 -41.8248
7.57532 6.77714 -1.20162 1.60116 -42.3667
7.58389 6.78571 -1.18946 1.23569 -42.9087
7.59247 6.79429 -1.18045 0.865581 -43.4507
7.60104 6.80286 -1.17463 0.490824 -43.9927
7.60961 6.81143 -1.17205 0.111421 -44.5347
7.61818 6.82 -1.17274 -0.272627 -45.0766
7.62675 6.82857 -1.17674 -0.661321 -45.6186
7.63532 6.83714 -1.18409 -1.05466 -46.1606
7.64389 6.84571 -1.19483 -1.45265 -46.7026
7.65247 6.85429 -1.209 -1.85528 -47.2446
7.66104 6.86286 -1.22664 -2.26152 -47.4254
7.66961 6.87143 -1.24777 -2.66802 -47.4254
7.67818 6.88 -1.27238 -3.07453 -47.4254
7.68675 6.88857 -1.30048 -3.48103 -47.4254
7.69532 6.89714 -1.33206 -3.88754 -47.4254
7.70389 6.90571 -1.36712 -4.29404 -47.4254
7.71247 6.91429 -1.40567 -4.70054 -47.4254
7.72104 6.92286 -1.4477 -5.10705 -47.4254
7.72961 6.93143 -1.49322 -5.51355 -47.4254
7.73818 6.94 -1.54222 -5.92005 -47.4254
7.74675 6.94857 -1.59471 -6.32656 -47.4254
7.75532 6.95714 -1.65068 -6.73306 -47.4254
7.76389 6.96571 -1.71013 -7.13956 -47.4254
7.77247 6.97429 -1.77307 -7.54607 -47.4254
7.78104 6.98286 -1.83949 -7.95257 -47.4254
7.78961 6.99143 -1.9094 -8.35907 -47.4254
7.79818 7 -1.98279 -8.76558 -47.4254


