Raw Data (#.=61)
log.afreq  log.sfreq  log.loss  storage   
==========================================
-0.773248 -1.57143 -1.35054 2.2834
-0.630391 -1.42857 -1.10463 2.2705
-0.487532 -1.28571 -1.06269 2.2523
-0.344674 -1.14285 -1.11587 2.2355
-0.20182 -1 -1.07483 2.219
-0.0589614 -0.857141 -1.04094 2.2003
0.083893 -0.714285 -1.03667 2.1813
0.226752 -0.571428 -1.03184 2.1618
0.369609 -0.428571 -1.04891 2.1427
0.512468 -0.285712 -1.01357 2.1236
0.655326 -0.142855 -1.01776 2.1027
0.79818 0 -1.01572 2.0833
0.941039 0.142859 -1.00687 2.0622
1.08389 0.285715 -1.01234 2.0423
1.22675 0.428572 -1.01199 2.0214
1.36961 0.571429 -1.04085 2.002
1.51247 0.714288 -1.04491 1.9829
1.65533 0.857145 -1.06085 1.9644
1.79818 1 -1.07787 1.9465
1.94104 1.14286 -1.10398 1.9295
2.08389 1.28571 -1.12877 1.9135
2.22675 1.42857 -1.14938 1.8983
2.36961 1.57143 -1.17968 1.8839
2.51247 1.71429 -1.21142 1.8706
2.65533 1.85715 -1.23914 1.8581
2.79818 2 -1.27434 1.8465
2.94104 2.14286 -1.3086 1.8358
3.08389 2.28571 -1.34291 1.8259
3.22675 2.42857 -1.38252 1.8168
3.36961 2.57143 -1.41927 1.8085
3.51247 2.71429 -1.45055 1.8008
3.65533 2.85715 -1.49222 1.7937
3.79818 3 -1.53479 1.7873
3.94104 3.14286 -1.56442 1.7814
4.08389 3.28571 -1.60078 1.7759
4.22675 3.42857 -1.64084 1.7709
4.36961 3.57143 -1.67786 1.7663
4.51247 3.71429 -1.71629 1.7621
4.65533 3.85715 -1.74063 1.7582
4.79818 4 -1.77014 1.7545
4.94104 4.14286 -1.80587 1.7511
5.08389 4.28571 -1.82302 1.7479
5.22675 4.42857 -1.83878 1.7448
5.36961 4.57143 -1.88793 1.7419
5.51247 4.71429 -1.90236 1.7393
5.65533 4.85715 -1.88945 1.7366
5.79818 5 -1.9277 1.734
5.94104 5.14286 -1.93985 1.7316
6.08389 5.28571 -1.95815 1.7292
6.22675 5.42857 -1.98432 1.727
6.36961 5.57143 -2.04005 1.7249
6.51247 5.71429 -1.92474 1.7229
6.65533 5.85715 -2.18398 1.7214
6.79818 6 -2.53793 1.7241
6.94104 6.14286 -2.28042 1.7223
7.08389 6.28571 -2.63517 1.723
7.22675 6.42857 -1.66226 1.7241
7.36961 6.57143 -1.70986 1.7306
7.51247 6.71429 -1.36176 1.7341
7.65533 6.85715 -1.20047 1.7485
7.79818 7 -1.97891 1.754


Cubic Spline Interpolation (Global Range)
log.afreq  log.sfreq  f  df  d2f         
=========================================
-0.773248 -1.57143 -1.35054 2.4836 -10.6711
-0.764677 -1.56286 -1.32964 2.39213 -10.6711
-0.756105 -1.55429 -1.30953 2.30067 -10.6711
-0.747534 -1.54571 -1.2902 2.2092 -10.6711
-0.738962 -1.53714 -1.27166 2.11773 -10.6711
-0.730391 -1.52857 -1.2539 2.02627 -10.6711
-0.721819 -1.52 -1.23692 1.9348 -10.6711
-0.713248 -1.51143 -1.22073 1.84333 -10.6711
-0.704677 -1.50286 -1.20532 1.75187 -10.6711
-0.696105 -1.49429 -1.1907 1.6604 -10.6711
-0.687534 -1.48571 -1.17686 1.56893 -10.6711
-0.678962 -1.47714 -1.1638 1.47747 -10.6711
-0.670391 -1.46857 -1.15153 1.386 -10.6711
-0.661819 -1.46 -1.14004 1.29454 -10.6711
-0.653248 -1.45143 -1.12934 1.20307 -10.6711
-0.644677 -1.44286 -1.11942 1.1116 -10.6711
-0.636105 -1.43429 -1.11028 1.02014 -10.6711
-0.627534 -1.42571 -1.10193 0.928786 -10.5899
-0.618962 -1.41714 -1.09436 0.839059 -10.3465
-0.610391 -1.40857 -1.08754 0.751418 -10.103
-0.601819 -1.4 -1.08147 0.665865 -9.85956
-0.593248 -1.39143 -1.07612 0.582397 -9.61611
-0.584677 -1.38286 -1.07148 0.501017 -9.37266
-0.576105 -1.37429 -1.06753 0.421723 -9.12921
-0.567534 -1.36571 -1.06424 0.344516 -8.88576
-0.558962 -1.35714 -1.06161 0.269396 -8.64231
-0.550391 -1.34857 -1.05962 0.196362 -8.39885
-0.541819 -1.34 -1.05824 0.125416 -8.1554
-0.533248 -1.33143 -1.05746 0.0565555 -7.91195
-0.524677 -1.32286 -1.05727 -0.0102178 -7.6685
-0.516105 -1.31429 -1.05763 -0.0749045 -7.42505
-0.507534 -1.30571 -1.05854 -0.137504 -7.1816
-0.498962 -1.29714 -1.05998 -0.198018 -6.93815
-0.490391 -1.28857 -1.06193 -0.256444 -6.69469
-0.481819 -1.28 -1.06437 -0.311445 -5.98268
-0.473248 -1.27143 -1.06725 -0.358669 -5.03617
-0.464677 -1.26286 -1.0705 -0.39778 -4.08965
-0.456105 -1.25429 -1.07405 -0.428777 -3.14314
-0.447534 -1.24571 -1.07782 -0.451662 -2.19663
-0.438962 -1.23714 -1.08177 -0.466434 -1.25012
-0.430391 -1.22857 -1.0858 -0.473093 -0.303602
-0.421819 -1.22 -1.08985 -0.471638 0.642911
-0.413248 -1.21143 -1.09386 -0.462071 1.58942
-0.404677 -1.20286 -1.09775 -0.444391 2.53594
-0.396105 -1.19429 -1.10145 -0.418598 3.48245
-0.387534 -1.18571 -1.1049 -0.384692 4.42896
-0.378962 -1.17714 -1.10803 -0.342673 5.37548
-0.370391 -1.16857 -1.11075 -0.292541 6.32199
-0.361819 -1.16 -1.11302 -0.234296 7.2685
-0.353248 -1.15143 -1.11475 -0.167938 8.21502
-0.344677 -1.14286 -1.11587 -0.0934672 9.16153
-0.336105 -1.13429 -1.11635 -0.017891 8.47242
-0.327534 -1.12571 -1.1162 0.0517742 7.78281
-0.318962 -1.11714 -1.11548 0.115529 7.09319
-0.310391 -1.10857 -1.11423 0.173372 6.40358
-0.30182 -1.1 -1.11252 0.225304 5.71397
-0.293248 -1.09143 -1.11039 0.271326 5.02435
-0.284677 -1.08286 -1.10789 0.311436 4.33474
-0.276105 -1.07429 -1.10507 0.345635 3.64513
-0.267534 -1.06571 -1.10198 0.373924 2.95551
-0.258962 -1.05714 -1.09867 0.396301 2.2659
-0.250391 -1.04857 -1.0952 0.412768 1.57629
-0.24182 -1.04 -1.09161 0.423323 0.886675
-0.233248 -1.03143 -1.08796 0.427968 0.197062
-0.224677 -1.02286 -1.08429 0.426702 -0.492552
-0.216105 -1.01429 -1.08066 0.419524 -1.18216
-0.207534 -1.00571 -1.07712 0.406436 -1.87178
-0.198962 -0.997142 -1.07371 0.387776 -2.32364
-0.190391 -0.988571 -1.07047 0.36796 -2.30014
-0.18182 -0.979999 -1.0674 0.348345 -2.27663
-0.173248 -0.971428 -1.0645 0.328932 -2.25312
-0.164677 -0.962857 -1.06176 0.309721 -2.22961
-0.156105 -0.954285 -1.05919 0.29071 -2.2061
-0.147534 -0.945714 -1.05678 0.271902 -2.1826
-0.138962 -0.937142 -1.05453 0.253294 -2.15909
-0.130391 -0.928571 -1.05244 0.234889 -2.13558
-0.12182 -0.919999 -1.0505 0.216684 -2.11207
-0.113248 -0.911428 -1.04872 0.198682 -2.08857
-0.104677 -0.902857 -1.0471 0.18088 -2.06506
-0.0961052 -0.894285 -1.04562 0.163281 -2.04155
-0.0875338 -0.885714 -1.0443 0.145882 -2.01804
-0.0789624 -0.877142 -1.04312 0.128686 -1.99453
-0.0703909 -0.868571 -1.04209 0.11169 -1.97103
-0.0618195 -0.859999 -1.0412 0.0948967 -1.94752
-0.0532481 -0.851428 -1.04046 0.0786393 -1.80678
-0.0446767 -0.842857 -1.03985 0.0640072 -1.60738
-0.0361052 -0.834285 -1.03936 0.0510842 -1.40798
-0.0275338 -0.825714 -1.03897 0.0398704 -1.20858
-0.0189624 -0.817142 -1.03867 0.0303657 -1.00918
-0.0103909 -0.808571 -1.03845 0.0225701 -0.809781
-0.00181951 -0.799999 -1.03828 0.0164837 -0.610382
0.00675192 -0.791428 -1.03816 0.0121064 -0.410982
0.0153233 -0.782857 -1.03807 0.00943831 -0.211583
0.0238948 -0.774285 -1.03799 0.00847931 -0.0121836
0.0324662 -0.765714 -1.03792 0.00922945 0.187216
0.0410376 -0.757142 -1.03783 0.0116887 0.386615
0.0496091 -0.748571 -1.03771 0.0158571 0.586015
0.0581805 -0.739999 -1.03755 0.0217347 0.785414
0.0667519 -0.731428 -1.03733 0.0293214 0.984814
0.0753233 -0.722857 -1.03704 0.0386172 1.18421
0.0838948 -0.714285 -1.03667 0.0496222 1.38351
0.0924662 -0.705714 -1.03619 0.0602428 1.09463
0.101038 -0.697142 -1.03564 0.0683873 0.805751
0.109609 -0.688571 -1.03503 0.0740557 0.516871
0.11818 -0.679999 -1.03438 0.0772479 0.227991
0.126752 -0.671428 -1.03371 0.0779641 -0.0608892
0.135323 -0.662857 -1.03305 0.0762041 -0.349769
0.143895 -0.654285 -1.03241 0.071968 -0.638649
0.152466 -0.645714 -1.03182 0.0652558 -0.92753
0.161038 -0.637142 -1.0313 0.0560675 -1.21641
0.169609 -0.628571 -1.03087 0.0444031 -1.50529
0.17818 -0.619999 -1.03055 0.0302626 -1.79417
0.186752 -0.611428 -1.03036 0.0136459 -2.08305
0.195323 -0.602857 -1.03032 -0.00544687 -2.37193
0.203895 -0.594285 -1.03046 -0.0270158 -2.66081
0.212466 -0.585714 -1.03079 -0.0510608 -2.94969
0.221038 -0.577142 -1.03134 -0.0775819 -3.23857
0.229609 -0.568571 -1.03213 -0.106175 -3.24453
0.23818 -0.559999 -1.03315 -0.131586 -2.68463
0.246752 -0.551428 -1.03437 -0.152197 -2.12473
0.255323 -0.542857 -1.03574 -0.16801 -1.56483
0.263895 -0.534285 -1.03724 -0.179023 -1.00493
0.272466 -0.525714 -1.0388 -0.185237 -0.445033
0.281038 -0.517142 -1.0404 -0.186652 0.114867
0.289609 -0.508571 -1.04199 -0.183268 0.674767
0.29818 -0.499999 -1.04353 -0.175085 1.23467
0.306752 -0.491428 -1.04497 -0.162102 1.79457
0.315323 -0.482857 -1.04629 -0.144321 2.35447
0.323895 -0.474285 -1.04743 -0.12174 2.91437
0.332466 -0.465714 -1.04836 -0.0943601 3.47427
0.341038 -0.457142 -1.04904 -0.0621811 4.03417
0.349609 -0.448571 -1.04942 -0.025203 4.59407
0.35818 -0.439999 -1.04946 0.0165743 5.15397
0.366752 -0.431428 -1.04912 0.0631507 5.71387
0.375323 -0.422857 -1.04836 0.112241 5.47408
0.383895 -0.414285 -1.04721 0.156421 4.83447
0.392466 -0.405714 -1.0457 0.195118 4.19486
0.401038 -0.397142 -1.04388 0.228333 3.55525
0.409609 -0.388571 -1.0418 0.256065 2.91563
0.41818 -0.379999 -1.03951 0.278315 2.27602
0.426752 -0.371428 -1.03704 0.295083 1.63641
0.435323 -0.362857 -1.03446 0.306368 0.996796
0.443895 -0.354285 -1.03181 0.312171 0.357184
0.452466 -0.345714 -1.02913 0.312491 -0.282429
0.461038 -0.337142 -1.02647 0.307329 -0.922041
0.469609 -0.328571 -1.02387 0.296685 -1.56165
0.47818 -0.319999 -1.0214 0.280558 -2.20127
0.486752 -0.311428 -1.01908 0.258949 -2.84088
0.495323 -0.302857 -1.01697 0.231857 -3.48049
0.503895 -0.294285 -1.01512 0.199283 -4.1201
0.512466 -0.285714 -1.01357 0.161227 -4.75972
0.521038 -0.277142 -1.01236 0.122041 -4.3833
0.529609 -0.268571 -1.01147 0.0860843 -4.00667
0.53818 -0.259999 -1.01088 0.0533555 -3.63005
0.546752 -0.251428 -1.01055 0.023855 -3.25342
0.555323 -0.242857 -1.01046 -0.00241734 -2.87679
0.563895 -0.234285 -1.01058 -0.0254614 -2.50016
0.572466 -0.225714 -1.01088 -0.0452772 -2.12353
0.581038 -0.217142 -1.01135 -0.0618648 -1.7469
0.589609 -0.208571 -1.01194 -0.0752241 -1.37027
0.59818 -0.199999 -1.01263 -0.0853552 -0.993645
0.606752 -0.191428 -1.01339 -0.092258 -0.617016
0.615323 -0.182857 -1.0142 -0.0959326 -0.240387
0.623895 -0.174285 -1.01503 -0.0963789 0.136242
0.632466 -0.165714 -1.01584 -0.093597 0.51287
0.641038 -0.157142 -1.01662 -0.0875869 0.889499
0.649609 -0.148571 -1.01733 -0.0783485 1.26613
0.65818 -0.139999 -1.01795 -0.0660892 1.49743
0.666752 -0.131428 -1.01847 -0.0535102 1.43767
0.675323 -0.122857 -1.01887 -0.0414435 1.37791
0.683895 -0.114285 -1.01918 -0.0298889 1.31815
0.692466 -0.105714 -1.01939 -0.0188466 1.25839
0.701038 -0.0971423 -1.0195 -0.00831648 1.19863
0.709609 -0.0885709 -1.01953 0.00170139 1.13887
0.71818 -0.0799994 -1.01948 0.011207 1.07911
0.726752 -0.071428 -1.01934 0.0202005 1.01935
0.735323 -0.0628566 -1.01913 0.0286817 0.959593
0.743895 -0.0542852 -1.01885 0.0366506 0.899833
0.752466 -0.0457137 -1.0185 0.0441074 0.840074
0.761038 -0.0371423 -1.0181 0.0510519 0.780314
0.769609 -0.0285709 -1.01763 0.0574842 0.720554
0.77818 -0.0199994 -1.01711 0.0634043 0.660795
0.786752 -0.011428 -1.01654 0.0688121 0.601035
0.795323 -0.00285659 -1.01593 0.0737077 0.541275
0.803895 0.00571484 -1.01528 0.0779625 0.436521
0.812466 0.0142863 -1.0146 0.0811588 0.309275
0.821038 0.0228577 -1.01389 0.0832644 0.182029
0.829609 0.0314291 -1.01318 0.0842793 0.0547836
0.83818 0.0400006 -1.01245 0.0842035 -0.0724622
0.846752 0.048572 -1.01174 0.0830371 -0.199708
0.855323 0.0571434 -1.01103 0.08078 -0.326954
0.863895 0.0657148 -1.01035 0.0774322 -0.4542
0.872466 0.0742863 -1.00971 0.0729937 -0.581446
0.881038 0.0828577 -1.00911 0.0674645 -0.708691
0.889609 0.0914291 -1.00856 0.0608447 -0.835937
0.89818 0.100001 -1.00807 0.0531342 -0.963183
0.906752 0.108572 -1.00765 0.044333 -1.09043
0.915323 0.117143 -1.00731 0.0344411 -1.21767
0.923895 0.125715 -1.00706 0.0234586 -1.34492
0.932466 0.134286 -1.00691 0.0113853 -1.47217
0.941038 0.142858 -1.00687 -0.00177857 -1.59941
0.949609 0.151429 -1.00694 -0.0146492 -1.40368
0.95818 0.160001 -1.00711 -0.0258416 -1.20789
0.966752 0.168572 -1.00738 -0.0353558 -1.0121
0.975323 0.177143 -1.00772 -0.0431918 -0.816309
0.983895 0.185715 -1.00811 -0.0493497 -0.62052
0.992466 0.194286 -1.00856 -0.0538293 -0.424731
1.00104 0.202858 -1.00903 -0.0566308 -0.228941
1.00961 0.211429 -1.00952 -0.057754 -0.0331523
1.01818 0.220001 -1.01002 -0.0571991 0.162637
1.02675 0.228572 -1.0105 -0.054966 0.358426
1.03532 0.237143 -1.01095 -0.0510546 0.554215
1.04389 0.245715 -1.01137 -0.0454651 0.750004
1.05247 0.254286 -1.01173 -0.0381974 0.945793
1.06104 0.262858 -1.01202 -0.0292515 1.14158
1.06961 0.271429 -1.01223 -0.0186274 1.33737
1.07818 0.280001 -1.01233 -0.00632517 1.53316
1.08675 0.288572 -1.01233 0.00741882 1.56351
1.09532 0.297143 -1.01221 0.0195337 1.26329
1.10389 0.305715 -1.012 0.0290751 0.96306
1.11247 0.314286 -1.01172 0.0360432 0.662834
1.12104 0.322858 -1.01139 0.040438 0.362608
1.12961 0.331429 -1.01104 0.0422594 0.0623824
1.13818 0.340001 -1.01067 0.0415074 -0.237843
1.14675 0.348572 -1.01033 0.0381821 -0.538069
1.15532 0.357143 -1.01003 0.0322834 -0.838295
1.16389 0.365715 -1.00978 0.0238113 -1.13852
1.17247 0.374286 -1.00963 0.0127659 -1.43875
1.18104 0.382858 -1.00957 -0.000852917 -1.73897
1.18961 0.391429 -1.00965 -0.0170451 -2.0392
1.19818 0.400001 -1.00987 -0.0358106 -2.33942
1.20675 0.408572 -1.01027 -0.0571495 -2.63965
1.21532 0.417143 -1.01086 -0.0810617 -2.93987
1.22389 0.425715 -1.01167 -0.107547 -3.2401
1.23247 0.434286 -1.01271 -0.135298 -3.08231
1.24104 0.442858 -1.01398 -0.16006 -2.69549
1.24961 0.451429 -1.01544 -0.181506 -2.30868
1.25818 0.460001 -1.01708 -0.199637 -1.92186
1.26675 0.468572 -1.01886 -0.214452 -1.53505
1.27532 0.477143 -1.02075 -0.225952 -1.14823
1.28389 0.485715 -1.02272 -0.234136 -0.761414
1.29247 0.494286 -1.02475 -0.239005 -0.374599
1.30104 0.502858 -1.02681 -0.240558 0.0122172
1.30961 0.511429 -1.02886 -0.238795 0.399033
1.31818 0.520001 -1.03089 -0.233717 0.785849
1.32675 0.528572 -1.03286 -0.225324 1.17266
1.33532 0.537143 -1.03474 -0.213615 1.55948
1.34389 0.545715 -1.03651 -0.19859 1.9463
1.35247 0.554286 -1.03814 -0.18025 2.33311
1.36104 0.562858 -1.03959 -0.158594 2.71993
1.36961 0.571429 -1.04085 -0.133622 3.10674
1.37818 0.580001 -1.04188 -0.108254 2.8126
1.38675 0.588572 -1.04271 -0.0854061 2.51847
1.39532 0.597143 -1.04336 -0.0650799 2.22433
1.40389 0.605715 -1.04383 -0.0472748 1.93019
1.41247 0.614286 -1.04417 -0.0319909 1.63605
1.42104 0.622858 -1.04439 -0.0192282 1.34191
1.42961 0.631429 -1.04451 -0.00898664 1.04778
1.43818 0.640001 -1.04455 -0.0012663 0.753638
1.44675 0.648572 -1.04454 0.00393287 0.4595
1.45532 0.657143 -1.04449 0.00661085 0.165362
1.46389 0.665715 -1.04443 0.00676764 -0.128776
1.47247 0.674286 -1.04438 0.00440326 -0.422914
1.48104 0.682858 -1.04436 -0.000482314 -0.717052
1.48961 0.691429 -1.0444 -0.00788907 -1.01119
1.49818 0.700001 -1.04451 -0.017817 -1.30533
1.50675 0.708572 -1.04471 -0.0302661 -1.59947
1.51532 0.717143 -1.04503 -0.0450286 -1.74804
1.52389 0.725715 -1.04548 -0.0593996 -1.60519
1.53247 0.734286 -1.04605 -0.0725462 -1.46235
1.54104 0.742858 -1.04672 -0.0844685 -1.31951
1.54961 0.751429 -1.04749 -0.0951664 -1.17666
1.55818 0.76 -1.04835 -0.10464 -1.03382
1.56675 0.768572 -1.04928 -0.112889 -0.890976
1.57532 0.777143 -1.05028 -0.119914 -0.748133
1.58389 0.785715 -1.05133 -0.125714 -0.605289
1.59247 0.794286 -1.05243 -0.13029 -0.462445
1.60104 0.802858 -1.05356 -0.133642 -0.319602
1.60961 0.811429 -1.05472 -0.135769 -0.176758
1.61818 0.82 -1.05589 -0.136672 -0.0339141
1.62675 0.828572 -1.05706 -0.13635 0.10893
1.63532 0.837143 -1.05822 -0.134805 0.251773
1.64389 0.845715 -1.05937 -0.132034 0.394617
1.65247 0.854286 -1.06048 -0.12804 0.537461
1.66104 0.862858 -1.06156 -0.123258 0.527171
1.66961 0.871429 -1.0626 -0.119112 0.440206
1.67818 0.88 -1.0636 -0.115712 0.35324
1.68675 0.888572 -1.06458 -0.113057 0.266275
1.69532 0.897143 -1.06554 -0.111147 0.179309
1.70389 0.905715 -1.06649 -0.109983 0.0923439
1.71247 0.914286 -1.06743 -0.109564 0.00537849
1.72104 0.922858 -1.06837 -0.10989 -0.081587
1.72961 0.931429 -1.06932 -0.110962 -0.168552
1.73818 0.94 -1.07028 -0.11278 -0.255518
1.74675 0.948572 -1.07125 -0.115343 -0.342483
1.75532 0.957143 -1.07225 -0.118651 -0.429449
1.76389 0.965715 -1.07329 -0.122705 -0.516414
1.77247 0.974286 -1.07436 -0.127504 -0.60338
1.78104 0.982858 -1.07548 -0.133048 -0.690345
1.78961 0.991429 -1.07664 -0.139338 -0.77731
1.79818 1 -1.07787 -0.146374 -0.864269
1.80675 1.00857 -1.07915 -0.153509 -0.800519
1.81532 1.01714 -1.0805 -0.160097 -0.736769
1.82389 1.02571 -1.0819 -0.166139 -0.673019
1.83247 1.03429 -1.08334 -0.171634 -0.609269
1.84104 1.04286 -1.08484 -0.176583 -0.545519
1.84961 1.05143 -1.08637 -0.180986 -0.481769
1.85818 1.06 -1.08794 -0.184842 -0.418019
1.86675 1.06857 -1.08954 -0.188152 -0.354269
1.87532 1.07714 -1.09116 -0.190916 -0.290519
1.88389 1.08571 -1.09281 -0.193133 -0.226769
1.89247 1.09429 -1.09447 -0.194803 -0.163019
1.90104 1.10286 -1.09615 -0.195927 -0.0992696
1.90961 1.11143 -1.09783 -0.196505 -0.0355196
1.91818 1.12 -1.09951 -0.196536 0.0282303
1.92675 1.12857 -1.1012 -0.196021 0.0919802
1.93532 1.13714 -1.10287 -0.194959 0.15573
1.94389 1.14571 -1.10454 -0.193374 0.203533
1.95247 1.15429 -1.10619 -0.191561 0.219417
1.96104 1.16286 -1.10782 -0.189613 0.235302
1.96961 1.17143 -1.10944 -0.187528 0.251186
1.97818 1.18 -1.11103 -0.185306 0.267071
1.98675 1.18857 -1.11261 -0.182949 0.282955
1.99532 1.19714 -1.11417 -0.180456 0.298839
2.00389 1.20571 -1.11571 -0.177826 0.314724
2.01247 1.21429 -1.11722 -0.175061 0.330608
2.02104 1.22286 -1.11871 -0.172159 0.346493
2.02961 1.23143 -1.12017 -0.169121 0.362377
2.03818 1.24 -1.1216 -0.165946 0.378262
2.04675 1.24857 -1.12301 -0.162636 0.394146
2.05532 1.25714 -1.12439 -0.15919 0.41003
2.06389 1.26571 -1.12574 -0.155607 0.425915
2.07247 1.27429 -1.12706 -0.151888 0.441799
2.08104 1.28286 -1.12835 -0.148033 0.457684
2.08961 1.29143 -1.1296 -0.14422 0.411521
2.09818 1.3 -1.13082 -0.141023 0.334363
2.10675 1.30857 -1.13202 -0.138488 0.257204
2.11532 1.31714 -1.1332 -0.136614 0.180045
2.12389 1.32571 -1.13436 -0.135401 0.102887
2.13247 1.33429 -1.13552 -0.13485 0.0257281
2.14104 1.34286 -1.13667 -0.13496 -0.0514305
2.14961 1.35143 -1.13783 -0.135732 -0.128589
2.15818 1.36 -1.139 -0.137165 -0.205748
2.16675 1.36857 -1.14019 -0.139259 -0.282906
2.17532 1.37714 -1.14139 -0.142014 -0.360065
2.18389 1.38571 -1.14262 -0.145431 -0.437224
2.19247 1.39429 -1.14389 -0.14951 -0.514382
2.20104 1.40286 -1.14519 -0.154249 -0.591541
2.20961 1.41143 -1.14653 -0.15965 -0.668699
2.21818 1.42 -1.14793 -0.165713 -0.745858
2.22675 1.42857 -1.14938 -0.172436 -0.823017
2.23532 1.43714 -1.15088 -0.179285 -0.774899
2.24389 1.44571 -1.15245 -0.18572 -0.726778
2.25247 1.45429 -1.15407 -0.191744 -0.678658
2.26104 1.46286 -1.15573 -0.197355 -0.630538
2.26961 1.47143 -1.15745 -0.202553 -0.582417
2.27818 1.48 -1.15921 -0.207339 -0.534297
2.28675 1.48857 -1.161 -0.211712 -0.486177
2.29532 1.49714 -1.16283 -0.215673 -0.438056
2.30389 1.50571 -1.1647 -0.219222 -0.389936
2.31247 1.51429 -1.16659 -0.222358 -0.341816
2.32104 1.52286 -1.16851 -0.225082 -0.293695
2.32961 1.53143 -1.17045 -0.227393 -0.245575
2.33818 1.54 -1.17241 -0.229291 -0.197455
2.34675 1.54857 -1.17438 -0.230778 -0.149334
2.35532 1.55714 -1.17636 -0.231851 -0.101214
2.36389 1.56571 -1.17835 -0.232513 -0.0530935
2.37247 1.57429 -1.18034 -0.23277 -0.0109164
2.38104 1.58286 -1.18234 -0.232734 0.019374
2.38961 1.59143 -1.18433 -0.232438 0.0496645
2.39818 1.6 -1.18632 -0.231882 0.0799549
2.40675 1.60857 -1.18831 -0.231067 0.110245
2.41532 1.61714 -1.19028 -0.229993 0.140536
2.42389 1.62571 -1.19225 -0.228658 0.170826
2.43247 1.63429 -1.1942 -0.227064 0.201117
2.44104 1.64286 -1.19614 -0.22521 0.231407
2.44961 1.65143 -1.19806 -0.223097 0.261698
2.45818 1.66 -1.19997 -0.220724 0.291988
2.46675 1.66857 -1.20185 -0.218092 0.322278
2.47532 1.67714 -1.2037 -0.215199 0.352569
2.48389 1.68571 -1.20554 -0.212048 0.382859
2.49247 1.69429 -1.20734 -0.208636 0.41315
2.50104 1.70286 -1.20911 -0.204965 0.44344
2.50961 1.71143 -1.21085 -0.201034 0.473731
2.51818 1.72 -1.21256 -0.19704 0.435267
2.52675 1.72857 -1.21423 -0.193622 0.362391
2.53532 1.73714 -1.21588 -0.190828 0.289515
2.54389 1.74571 -1.2175 -0.188659 0.21664
2.55247 1.75429 -1.21911 -0.187114 0.143764
2.56104 1.76286 -1.22071 -0.186194 0.0708888
2.56961 1.77143 -1.22231 -0.185899 -0.00198677
2.57818 1.78 -1.2239 -0.186228 -0.0748623
2.58675 1.78857 -1.2255 -0.187182 -0.147738
2.59532 1.79714 -1.22711 -0.188761 -0.220613
2.60389 1.80571 -1.22874 -0.190964 -0.293489
2.61247 1.81429 -1.23039 -0.193792 -0.366365
2.62104 1.82286 -1.23206 -0.197245 -0.43924
2.62961 1.83143 -1.23377 -0.201322 -0.512116
2.63818 1.84 -1.23552 -0.206024 -0.584991
2.64675 1.84857 -1.2373 -0.21135 -0.657867
2.65532 1.85714 -1.23914 -0.217301 -0.730742
2.66389 1.86571 -1.24103 -0.223316 -0.672549
2.67247 1.87429 -1.24297 -0.228831 -0.614313
2.68104 1.88286 -1.24495 -0.233847 -0.556077
2.68961 1.89143 -1.24698 -0.238364 -0.497841
2.69818 1.9 -1.24904 -0.242381 -0.439605
2.70675 1.90857 -1.25113 -0.2459 -0.381369
2.71532 1.91714 -1.25325 -0.248919 -0.323133
2.72389 1.92571 -1.2554 -0.251439 -0.264897
2.73247 1.93429 -1.25756 -0.25346 -0.206661
2.74104 1.94286 -1.25974 -0.254982 -0.148425
2.74961 1.95143 -1.26193 -0.256005 -0.0901896
2.75818 1.96 -1.26413 -0.256528 -0.0319537
2.76675 1.96857 -1.26633 -0.256552 0.0262822
2.77532 1.97714 -1.26852 -0.256077 0.0845181
2.78389 1.98571 -1.27071 -0.255103 0.142754
2.79247 1.99429 -1.27289 -0.25363 0.20099
2.80104 2.00286 -1.27506 -0.251691 0.235961
2.80961 2.01143 -1.27721 -0.249718 0.224414
2.81818 2.02 -1.27934 -0.247844 0.212866
2.82675 2.02857 -1.28146 -0.246069 0.201318
2.83532 2.03714 -1.28356 -0.244393 0.18977
2.84389 2.04571 -1.28565 -0.242816 0.178222
2.85247 2.05429 -1.28772 -0.241338 0.166674
2.86104 2.06286 -1.28979 -0.239958 0.155127
2.86961 2.07143 -1.29184 -0.238678 0.143579
2.87818 2.08 -1.29388 -0.237497 0.132031
2.88675 2.08857 -1.29591 -0.236415 0.120483
2.89532 2.09714 -1.29793 -0.235432 0.108935
2.90389 2.10571 -1.29994 -0.234547 0.0973875
2.91247 2.11429 -1.30195 -0.233762 0.0858396
2.92104 2.12286 -1.30395 -0.233076 0.0742918
2.92961 2.13143 -1.30595 -0.232489 0.062744
2.93818 2.14 -1.30794 -0.232 0.0511961
2.94675 2.14857 -1.30992 -0.231645 0.027662
2.95532 2.15714 -1.31191 -0.231535 -0.00186998
2.96389 2.16571 -1.31389 -0.231677 -0.0314019
2.97247 2.17429 -1.31588 -0.232073 -0.0609339
2.98104 2.18286 -1.31787 -0.232722 -0.0904658
2.98961 2.19143 -1.31987 -0.233624 -0.119998
2.99818 2.2 -1.32188 -0.234779 -0.14953
3.00675 2.20857 -1.3239 -0.236187 -0.179062
3.01532 2.21714 -1.32593 -0.237849 -0.208594
3.02389 2.22571 -1.32798 -0.239763 -0.238126
3.03247 2.23429 -1.33004 -0.241931 -0.267658
3.04104 2.24286 -1.33212 -0.244352 -0.29719
3.04961 2.25143 -1.33423 -0.247025 -0.326722
3.05818 2.26 -1.33636 -0.249952 -0.356253
3.06675 2.26857 -1.33852 -0.253133 -0.385785
3.07532 2.27714 -1.3407 -0.256566 -0.415317
3.08389 2.28571 -1.34291 -0.260252 -0.444836
3.09247 2.29429 -1.34516 -0.263905 -0.407536
3.10104 2.30286 -1.34744 -0.267239 -0.370235
3.10961 2.31143 -1.34974 -0.270252 -0.332935
3.11818 2.32 -1.35207 -0.272946 -0.295634
3.12675 2.32857 -1.35442 -0.27532 -0.258334
3.13532 2.33714 -1.35679 -0.277375 -0.221033
3.14389 2.34571 -1.35917 -0.279109 -0.183733
3.15247 2.35429 -1.36157 -0.280524 -0.146432
3.16104 2.36286 -1.36398 -0.28162 -0.109132
3.16961 2.37143 -1.3664 -0.282395 -0.0718313
3.17818 2.38 -1.36882 -0.282851 -0.0345308
3.18675 2.38857 -1.37125 -0.282987 0.00276974
3.19532 2.39714 -1.37367 -0.282804 0.0400703
3.20389 2.40571 -1.37609 -0.2823 0.0773708
3.21247 2.41429 -1.37851 -0.281477 0.114671
3.22104 2.42286 -1.38092 -0.280334 0.151972
3.22961 2.43143 -1.38332 -0.278878 0.184819
3.23818 2.44 -1.3857 -0.277192 0.208757
3.24675 2.44857 -1.38807 -0.2753 0.232695
3.25532 2.45714 -1.39042 -0.273203 0.256634
3.26389 2.46571 -1.39275 -0.2709 0.280572
3.27247 2.47429 -1.39506 -0.268393 0.304511
3.28104 2.48286 -1.39735 -0.26568 0.328449
3.28961 2.49143 -1.39961 -0.262762 0.352387
3.29818 2.5 -1.40185 -0.259639 0.376326
3.30675 2.50857 -1.40407 -0.256311 0.400264
3.31532 2.51714 -1.40625 -0.252777 0.424203
3.32389 2.52571 -1.4084 -0.249039 0.448141
3.33247 2.53429 -1.41052 -0.245095 0.47208
3.34104 2.54286 -1.4126 -0.240946 0.496018
3.34961 2.55143 -1.41465 -0.236592 0.519956
3.35818 2.56 -1.41665 -0.232033 0.543895
3.36675 2.56857 -1.41862 -0.227268 0.567833
3.37532 2.57714 -1.42055 -0.222509 0.51791
3.38389 2.58571 -1.42244 -0.218442 0.431056
3.39247 2.59429 -1.4243 -0.21512 0.344201
3.40104 2.60286 -1.42613 -0.212542 0.257347
3.40961 2.61143 -1.42794 -0.210708 0.170492
3.41818 2.62 -1.42974 -0.209619 0.0836374
3.42675 2.62857 -1.43154 -0.209274 -0.00321722
3.43532 2.63714 -1.43333 -0.209674 -0.0900718
3.44389 2.64571 -1.43513 -0.210818 -0.176926
3.45247 2.65429 -1.43695 -0.212707 -0.263781
3.46104 2.66286 -1.43878 -0.21534 -0.350636
3.46961 2.67143 -1.44064 -0.218718 -0.43749
3.47818 2.68 -1.44254 -0.22284 -0.524345
3.48675 2.68857 -1.44447 -0.227707 -0.611199
3.49532 2.69714 -1.44644 -0.233318 -0.698054
3.50389 2.70571 -1.44847 -0.239673 -0.784909
3.51247 2.71429 -1.45055 -0.246773 -0.871763
3.52104 2.72286 -1.4527 -0.254058 -0.828017
3.52961 2.73143 -1.45491 -0.260968 -0.784242
3.53818 2.74 -1.45717 -0.267503 -0.740466
3.54675 2.74857 -1.45949 -0.273662 -0.69669
3.55532 2.75714 -1.46186 -0.279446 -0.652915
3.56389 2.76571 -1.46428 -0.284855 -0.609139
3.57247 2.77429 -1.46674 -0.289888 -0.565363
3.58104 2.78286 -1.46925 -0.294547 -0.521588
3.58961 2.79143 -1.47179 -0.29883 -0.477812
3.59818 2.8 -1.47437 -0.302738 -0.434037
3.60675 2.80857 -1.47698 -0.30627 -0.390261
3.61532 2.81714 -1.47962 -0.309428 -0.346485
3.62389 2.82571 -1.48228 -0.31221 -0.30271
3.63247 2.83429 -1.48497 -0.314617 -0.258934
3.64104 2.84286 -1.48768 -0.316649 -0.215159
3.64961 2.85143 -1.4904 -0.318306 -0.171383
3.65818 2.86 -1.49313 -0.31957 -0.115895
3.66675 2.86857 -1.49587 -0.320225 -0.0369501
3.67532 2.87714 -1.49862 -0.320204 0.0419952
3.68389 2.88571 -1.50136 -0.319505 0.120941
3.69247 2.89429 -1.50409 -0.31813 0.199886
3.70104 2.90286 -1.50681 -0.316079 0.278831
3.70961 2.91143 -1.50951 -0.31335 0.357777
3.71818 2.92 -1.51218 -0.309945 0.436722
3.72675 2.92857 -1.51482 -0.305864 0.515667
3.73532 2.93714 -1.51742 -0.301105 0.594613
3.74389 2.94571 -1.51998 -0.29567 0.673558
3.75247 2.95429 -1.52249 -0.289559 0.752503
3.76104 2.96286 -1.52494 -0.28277 0.831449
3.76961 2.97143 -1.52734 -0.275305 0.910394
3.77818 2.98 -1.52966 -0.267164 0.989339
3.78675 2.98857 -1.53191 -0.258345 1.06828
3.79532 2.99714 -1.53409 -0.24885 1.14723
3.80389 3.00571 -1.53618 -0.239048 1.09688
3.81247 3.01429 -1.53819 -0.230139 0.981906
3.82104 3.02286 -1.54013 -0.222215 0.866927
3.82961 3.03143 -1.542 -0.215277 0.751948
3.83818 3.04 -1.54382 -0.209325 0.636969
3.84675 3.04857 -1.54559 -0.204358 0.521991
3.85532 3.05714 -1.54733 -0.200376 0.407012
3.86389 3.06571 -1.54903 -0.19738 0.292033
3.87247 3.07429 -1.55071 -0.19537 0.177054
3.88104 3.08286 -1.55238 -0.194345 0.0620752
3.88961 3.09143 -1.55405 -0.194306 -0.0529036
3.89818 3.1 -1.55572 -0.195252 -0.167882
3.90675 3.10857 -1.5574 -0.197184 -0.282861
3.91532 3.11714 -1.5591 -0.200101 -0.39784
3.92389 3.12571 -1.56083 -0.204004 -0.512819
3.93247 3.13429 -1.5626 -0.208892 -0.627798
3.94104 3.14286 -1.56441 -0.214766 -0.742777
3.94961 3.15143 -1.56628 -0.22099 -0.709398
3.95818 3.16 -1.5682 -0.226927 -0.675993
3.96675 3.16857 -1.57017 -0.232578 -0.642588
3.97532 3.17714 -1.57219 -0.237943 -0.609183
3.98389 3.18571 -1.57425 -0.243021 -0.575778
3.99247 3.19429 -1.57635 -0.247813 -0.542373
4.00104 3.20286 -1.5785 -0.252319 -0.508968
4.00961 3.21143 -1.58068 -0.256539 -0.475563
4.01818 3.22 -1.58289 -0.260472 -0.442158
4.02675 3.22857 -1.58514 -0.264118 -0.408753
4.03532 3.23714 -1.58742 -0.267479 -0.375348
4.04389 3.24571 -1.58973 -0.270553 -0.341943
4.05247 3.25429 -1.59206 -0.273341 -0.308538
4.06104 3.26286 -1.59441 -0.275842 -0.275133
4.06961 3.27143 -1.59679 -0.278057 -0.241728
4.07818 3.28 -1.59918 -0.279986 -0.208323
4.08675 3.28857 -1.60159 -0.281628 -0.174286
4.09532 3.29714 -1.60401 -0.28297 -0.138989
4.10389 3.30571 -1.60644 -0.28401 -0.103691
4.11247 3.31429 -1.60887 -0.284748 -0.0683936
4.12104 3.32286 -1.61132 -0.285183 -0.033096
4.12961 3.33143 -1.61376 -0.285315 0.00220164
4.13818 3.34 -1.61621 -0.285145 0.0374992
4.14675 3.34857 -1.61865 -0.284672 0.0727969
4.15532 3.35714 -1.62109 -0.283897 0.108094
4.16389 3.36571 -1.62351 -0.282819 0.143392
4.17247 3.37429 -1.62593 -0.281439 0.17869
4.18104 3.38286 -1.62834 -0.279756 0.213987
4.18961 3.39143 -1.63073 -0.277771 0.249285
4.19818 3.4 -1.6331 -0.275483 0.284582
4.20675 3.40857 -1.63545 -0.272892 0.31988
4.21532 3.41714 -1.63778 -0.269999 0.355178
4.22389 3.42571 -1.64008 -0.266803 0.390475
4.23247 3.43429 -1.64235 -0.263479 0.364946
4.24104 3.44286 -1.6446 -0.260591 0.308999
4.24961 3.45143 -1.64682 -0.258182 0.253052
4.25818 3.46 -1.64902 -0.256253 0.197106
4.26675 3.46857 -1.65121 -0.254803 0.141159
4.27532 3.47714 -1.65339 -0.253833 0.0852119
4.28389 3.48571 -1.65557 -0.253342 0.0292651
4.29247 3.49429 -1.65774 -0.253331 -0.0266817
4.30104 3.50286 -1.65991 -0.253799 -0.0826285
4.30961 3.51143 -1.66209 -0.254747 -0.138575
4.31818 3.52 -1.66428 -0.256175 -0.194522
4.32675 3.52857 -1.66648 -0.258082 -0.250469
4.33532 3.53714 -1.6687 -0.260469 -0.306416
4.34389 3.54571 -1.67095 -0.263335 -0.362362
4.35247 3.55429 -1.67322 -0.266681 -0.418309
4.36104 3.56286 -1.67552 -0.270506 -0.474256
4.36961 3.57143 -1.67786 -0.274811 -0.530203
4.37818 3.58 -1.68023 -0.278884 -0.420196
4.38675 3.58857 -1.68264 -0.282014 -0.310187
4.39532 3.59714 -1.68506 -0.284201 -0.200178
4.40389 3.60571 -1.68751 -0.285446 -0.0901688
4.41247 3.61429 -1.68995 -0.285747 0.0198402
4.42104 3.62286 -1.6924 -0.285106 0.129849
4.42961 3.63143 -1.69484 -0.283521 0.239858
4.43818 3.64 -1.69726 -0.280994 0.349867
4.44675 3.64857 -1.69965 -0.277523 0.459876
4.45532 3.65714 -1.70201 -0.27311 0.569885
4.46389 3.66571 -1.70433 -0.267754 0.679894
4.47247 3.67429 -1.7066 -0.261455 0.789903
4.48104 3.68286 -1.70881 -0.254213 0.899912
4.48961 3.69143 -1.71096 -0.246028 1.00992
4.49818 3.7 -1.71303 -0.2369 1.11993
4.50675 3.70857 -1.71501 -0.226829 1.22994
4.51532 3.71714 -1.71691 -0.21592 1.26649
4.52389 3.72571 -1.71872 -0.205538 1.15597
4.53247 3.73429 -1.72044 -0.196103 1.04546
4.54104 3.74286 -1.72208 -0.187616 0.934943
4.54961 3.75143 -1.72366 -0.180076 0.824427
4.55818 3.76 -1.72517 -0.173483 0.713912
4.56675 3.76857 -1.72663 -0.167837 0.603396
4.57532 3.77714 -1.72805 -0.163139 0.49288
4.58389 3.78571 -1.72943 -0.159388 0.382364
4.59247 3.79429 -1.73079 -0.156584 0.271848
4.60104 3.80286 -1.73212 -0.154728 0.161332
4.60961 3.81143 -1.73344 -0.153818 0.0508166
4.61818 3.82 -1.73476 -0.153856 -0.0596993
4.62675 3.82857 -1.73608 -0.154842 -0.170215
4.63532 3.83714 -1.73742 -0.156774 -0.280731
4.64389 3.84571 -1.73877 -0.159654 -0.391247
4.65247 3.85429 -1.74016 -0.163482 -0.501763
4.66104 3.86286 -1.74158 -0.168061 -0.543909
4.66961 3.87143 -1.74304 -0.172757 -0.551819
4.67818 3.88 -1.74454 -0.177521 -0.55973
4.68675 3.88857 -1.74608 -0.182352 -0.56764
4.69532 3.89714 -1.74767 -0.187252 -0.575551
4.70389 3.90571 -1.74929 -0.192219 -0.583461
4.71247 3.91429 -1.75096 -0.197254 -0.591372
4.72104 3.92286 -1.75267 -0.202357 -0.599282
4.72961 3.93143 -1.75443 -0.207527 -0.607193
4.73818 3.94 -1.75623 -0.212766 -0.615103
4.74675 3.94857 -1.75808 -0.218072 -0.623014
4.75532 3.95714 -1.75997 -0.223446 -0.630924
4.76389 3.96571 -1.76191 -0.228888 -0.638835
4.77247 3.97429 -1.76389 -0.234397 -0.646745
4.78104 3.98286 -1.76593 -0.239975 -0.654656
4.78961 3.99143 -1.76801 -0.24562 -0.662566
4.79818 4 -1.77014 -0.251333 -0.670472
4.80675 4.00857 -1.77232 -0.25655 -0.546804
4.81532 4.01714 -1.77453 -0.260707 -0.423137
4.82389 4.02571 -1.77678 -0.263804 -0.299469
4.83247 4.03429 -1.77905 -0.26584 -0.175801
4.84104 4.04286 -1.78134 -0.266817 -0.0521333
4.84961 4.05143 -1.78362 -0.266734 0.0715344
4.85818 4.06 -1.78591 -0.265591 0.195202
4.86675 4.06857 -1.78817 -0.263388 0.31887
4.87532 4.07714 -1.79042 -0.260125 0.442538
4.88389 4.08571 -1.79263 -0.255802 0.566206
4.89247 4.09429 -1.7948 -0.250418 0.689873
4.90104 4.10286 -1.79692 -0.243975 0.813541
4.90961 4.11143 -1.79898 -0.236472 0.937209
4.91818 4.12 -1.80097 -0.227909 1.06088
4.92675 4.12857 -1.80288 -0.218285 1.18454
4.93532 4.13714 -1.80471 -0.207602 1.30821
4.94389 4.14571 -1.80644 -0.195941 1.37433
4.95247 4.15429 -1.80807 -0.184371 1.32525
4.96104 4.16286 -1.8096 -0.173223 1.27617
4.96961 4.17143 -1.81104 -0.162494 1.22709
4.97818 4.18 -1.81239 -0.152187 1.17802
4.98675 4.18857 -1.81365 -0.1423 1.12894
4.99532 4.19714 -1.81483 -0.132833 1.07986
5.00389 4.20571 -1.81593 -0.123788 1.03078
5.01247 4.21429 -1.81695 -0.115163 0.981701
5.02104 4.22286 -1.8179 -0.106959 0.932622
5.02961 4.23143 -1.81879 -0.0991751 0.883544
5.03818 4.24 -1.8196 -0.0918122 0.834465
5.04675 4.24857 -1.82036 -0.08487 0.785387
5.05532 4.25714 -1.82106 -0.0783485 0.736308
5.06389 4.26571 -1.82171 -0.0722476 0.687229
5.07247 4.27429 -1.8223 -0.0665674 0.638151
5.08104 4.28286 -1.82285 -0.0613079 0.589072
5.08961 4.29143 -1.82335 -0.0568152 0.418855
5.09818 4.3 -1.82383 -0.0542139 0.188117
5.10675 4.30857 -1.82429 -0.0535903 -0.0426197
5.11532 4.31714 -1.82475 -0.0549445 -0.273357
5.12389 4.32571 -1.82524 -0.0582765 -0.504094
5.13247 4.33429 -1.82576 -0.0635861 -0.734831
5.14104 4.34286 -1.82633 -0.0708736 -0.965568
5.14961 4.35143 -1.82698 -0.0801387 -1.19631
5.15818 4.36 -1.82771 -0.0913817 -1.42704
5.16675 4.36857 -1.82855 -0.104602 -1.65778
5.17532 4.37714 -1.82951 -0.119801 -1.88852
5.18389 4.38571 -1.83061 -0.136977 -2.11925
5.19247 4.39429 -1.83186 -0.156131 -2.34999
5.20104 4.40286 -1.83329 -0.177262 -2.58073
5.20961 4.41143 -1.83491 -0.200372 -2.81146
5.21818 4.42 -1.83673 -0.225459 -3.0422
5.22675 4.42857 -1.83878 -0.252524 -3.27294
5.23532 4.43714 -1.84106 -0.279042 -2.91449
5.24389 4.44571 -1.84355 -0.302487 -2.55602
5.25247 4.45429 -1.84624 -0.322859 -2.19755
5.26104 4.46286 -1.84908 -0.340159 -1.83908
5.26961 4.47143 -1.85206 -0.354386 -1.48062
5.27818 4.48 -1.85515 -0.365541 -1.12215
5.28675 4.48857 -1.85832 -0.373623 -0.763679
5.29532 4.49714 -1.86154 -0.378633 -0.405211
5.30389 4.50571 -1.8648 -0.380569 -0.0467421
5.31247 4.51429 -1.86806 -0.379434 0.311726
5.32104 4.52286 -1.87129 -0.375226 0.670195
5.32961 4.53143 -1.87448 -0.367945 1.02866
5.33818 4.54 -1.87759 -0.357591 1.38713
5.34675 4.54857 -1.8806 -0.344165 1.7456
5.35532 4.55714 -1.88348 -0.327667 2.10407
5.36389 4.56571 -1.88621 -0.308096 2.46254
5.37247 4.57429 -1.88876 -0.285623 2.70098
5.38104 4.58286 -1.89111 -0.262479 2.69936
5.38961 4.59143 -1.89326 -0.239349 2.69774
5.39818 4.6 -1.89521 -0.216232 2.69612
5.40675 4.60857 -1.89696 -0.193129 2.6945
5.41532 4.61714 -1.89852 -0.170041 2.69288
5.42389 4.62571 -1.89988 -0.146966 2.69126
5.43247 4.63429 -1.90104 -0.123905 2.68963
5.44104 4.64286 -1.902 -0.100858 2.68801
5.44961 4.65143 -1.90277 -0.0778246 2.68639
5.45818 4.66 -1.90334 -0.0548053 2.68477
5.46675 4.66857 -1.90371 -0.0317999 2.68315
5.47532 4.67714 -1.90388 -0.00880845 2.68153
5.48389 4.68571 -1.90386 0.0141691 2.67991
5.49247 4.69429 -1.90364 0.0371328 2.67829
5.50104 4.70286 -1.90322 0.0600826 2.67667
5.50961 4.71143 -1.90261 0.0830185 2.67505
5.51818 4.72 -1.9018 0.105026 2.35324
5.52675 4.72857 -1.90082 0.123131 1.87117
5.53532 4.73714 -1.8997 0.137103 1.3891
5.54389 4.74571 -1.89848 0.146944 0.907037
5.55247 4.75429 -1.89719 0.152652 0.42497
5.56104 4.76286 -1.89588 0.154229 -0.0570972
5.56961 4.77143 -1.89456 0.151674 -0.539164
5.57818 4.78 -1.89329 0.144986 -1.02123
5.58675 4.78857 -1.89209 0.134167 -1.5033
5.59532 4.79714 -1.891 0.119215 -1.98537
5.60389 4.80571 -1.89006 0.100132 -2.46743
5.61247 4.81429 -1.8893 0.0769166 -2.9495
5.62104 4.82286 -1.88875 0.0495691 -3.43157
5.62961 4.83143 -1.88846 0.0180897 -3.91364
5.63818 4.84 -1.88845 -0.0175217 -4.3957
5.64675 4.84857 -1.88877 -0.0572652 -4.87777
5.65532 4.85714 -1.88945 -0.101141 -5.35984
5.66389 4.86571 -1.8905 -0.14475 -4.81523
5.67247 4.87429 -1.89191 -0.183687 -4.27027
5.68104 4.88286 -1.89364 -0.217954 -3.72532
5.68961 4.89143 -1.89564 -0.24755 -3.18037
5.69818 4.9 -1.89787 -0.272475 -2.63541
5.70675 4.90857 -1.90029 -0.292729 -2.09046
5.71532 4.91714 -1.90287 -0.308311 -1.54551
5.72389 4.92571 -1.90557 -0.319223 -1.00056
5.73247 4.93429 -1.90833 -0.325464 -0.455602
5.74104 4.94286 -1.91113 -0.327033 0.0893508
5.74961 4.95143 -1.91393 -0.323932 0.634304
5.75818 4.96 -1.91667 -0.31616 1.17926
5.76675 4.96857 -1.91933 -0.303716 1.72421
5.77532 4.97714 -1.92187 -0.286602 2.26916
5.78389 4.98571 -1.92423 -0.264816 2.81412
5.79247 4.99429 -1.92639 -0.23836 3.35907
5.80104 5.00286 -1.92831 -0.207651 3.61076
5.80961 5.01143 -1.92996 -0.178136 3.27601
5.81818 5.02 -1.93137 -0.151491 2.94125
5.82675 5.02857 -1.93256 -0.127715 2.6065
5.83532 5.03714 -1.93356 -0.106808 2.27175
5.84389 5.04571 -1.9344 -0.0887706 1.937
5.85247 5.05429 -1.93509 -0.0736025 1.60224
5.86104 5.06286 -1.93567 -0.0613036 1.26749
5.86961 5.07143 -1.93615 -0.0518741 0.932738
5.87818 5.08 -1.93657 -0.0453138 0.597986
5.88675 5.08857 -1.93694 -0.0416229 0.263233
5.89532 5.09714 -1.93729 -0.0408012 -0.0715196
5.90389 5.10571 -1.93765 -0.0428489 -0.406272
5.91247 5.11429 -1.93803 -0.0477659 -0.741025
5.92104 5.12286 -1.93847 -0.0555522 -1.07578
5.92961 5.13143 -1.93899 -0.0662078 -1.41053
5.93818 5.14 -1.93962 -0.0797327 -1.74528
5.94675 5.14857 -1.94037 -0.0950605 -1.70669
5.95532 5.15714 -1.94124 -0.108723 -1.48127
5.96389 5.16571 -1.94222 -0.120454 -1.25585
5.97247 5.17429 -1.9433 -0.130252 -1.03043
5.98104 5.18286 -1.94445 -0.138118 -0.805008
5.98961 5.19143 -1.94566 -0.144052 -0.579588
5.99818 5.2 -1.94692 -0.148054 -0.354167
6.00675 5.20857 -1.9482 -0.150124 -0.128747
6.01532 5.21714 -1.94948 -0.150261 0.0966741
6.02389 5.22571 -1.95077 -0.148466 0.322095
6.03247 5.23429 -1.95202 -0.14474 0.547515
6.04104 5.24286 -1.95324 -0.13908 0.772936
6.04961 5.25143 -1.9544 -0.131489 0.998357
6.05818 5.26 -1.95549 -0.121966 1.22378
6.06675 5.26857 -1.95649 -0.11051 1.4492
6.07532 5.27714 -1.95738 -0.0971223 1.67462
6.08389 5.28571 -1.95815 -0.0818024 1.89989
6.09247 5.29429 -1.95879 -0.0680786 1.30233
6.10104 5.30286 -1.95933 -0.0594767 0.704771
6.10961 5.31143 -1.95982 -0.0559968 0.10721
6.11818 5.32 -1.9603 -0.0576388 -0.49035
6.12675 5.32857 -1.96082 -0.0644028 -1.08791
6.13532 5.33714 -1.96142 -0.0762887 -1.68547
6.14389 5.34571 -1.96215 -0.0932966 -2.28303
6.15247 5.35429 -1.96304 -0.115426 -2.88059
6.16104 5.36286 -1.96414 -0.142678 -3.47815
6.16961 5.37143 -1.9655 -0.175052 -4.07571
6.17818 5.38 -1.96715 -0.212547 -4.67327
6.18675 5.38857 -1.96915 -0.255165 -5.27083
6.19532 5.39714 -1.97154 -0.302905 -5.86839
6.20389 5.40571 -1.97436 -0.355766 -6.46595
6.21247 5.41429 -1.97766 -0.413749 -7.06351
6.22104 5.42286 -1.98147 -0.476855 -7.66107
6.22961 5.43143 -1.98584 -0.543949 -7.46535
6.23818 5.44 -1.99076 -0.600298 -5.68278
6.24675 5.44857 -1.99609 -0.641368 -3.90021
6.25532 5.45714 -2.00171 -0.667159 -2.11764
6.26389 5.46571 -2.00749 -0.677671 -0.335077
6.27247 5.47429 -2.01328 -0.672903 1.44749
6.28104 5.48286 -2.01898 -0.652856 3.23006
6.28961 5.49143 -2.02443 -0.617531 5.01262
6.29818 5.5 -2.02952 -0.566926 6.79519
6.30675 5.50857 -2.03411 -0.501042 8.57776
6.31532 5.51714 -2.03807 -0.419878 10.3603
6.32389 5.52571 -2.04126 -0.323436 12.1429
6.33247 5.53429 -2.04357 -0.211715 13.9255
6.34104 5.54286 -2.04485 -0.0847139 15.708
6.34961 5.55143 -2.04497 0.0575659 17.4906
6.35818 5.56 -2.04382 0.215125 19.2732
6.36675 5.56857 -2.04124 0.387963 21.0557
6.37532 5.57714 -2.03714 0.566982 19.6537
6.38389 5.58571 -2.03159 0.722609 16.6592
6.39247 5.59429 -2.02483 0.852569 13.6648
6.40104 5.60286 -2.01705 0.956862 10.6703
6.40961 5.61143 -2.0085 1.03549 7.67586
6.41818 5.62 -1.99937 1.08845 4.6814
6.42675 5.62857 -1.98991 1.11574 1.68693
6.43532 5.63714 -1.98032 1.11737 -1.30753
6.44389 5.64571 -1.97083 1.09333 -4.30199
6.45247 5.65429 -1.96165 1.04362 -7.29646
6.46104 5.66286 -1.95301 0.968244 -10.2909
6.46961 5.67143 -1.94513 0.867203 -13.2854
6.47818 5.68 -1.93822 0.740495 -16.2798
6.48675 5.68857 -1.93251 0.58812 -19.2743
6.49532 5.69714 -1.92821 0.410078 -22.2688
6.50389 5.70571 -1.92555 0.206369 -25.2632
6.51247 5.71429 -1.92474 -0.0230059 -28.2577
6.52104 5.72286 -1.92597 -0.262772 -27.6868
6.52961 5.73143 -1.92924 -0.497636 -27.115
6.53818 5.74 -1.93449 -0.727601 -26.5433
6.54675 5.74857 -1.94169 -0.952664 -25.9715
6.55532 5.75714 -1.95081 -1.17283 -25.3997
6.56389 5.76571 -1.96179 -1.38809 -24.828
6.57247 5.77429 -1.97459 -1.59845 -24.2562
6.58104 5.78286 -1.98917 -1.80391 -23.6844
6.58961 5.79143 -2.0055 -2.00447 -23.1127
6.59818 5.8 -2.02352 -2.20013 -22.5409
6.60675 5.80857 -2.0432 -2.39088 -21.9692
6.61532 5.81714 -2.0645 -2.57674 -21.3974
6.62389 5.82571 -2.08736 -2.7577 -20.8256
6.63247 5.83429 -2.11176 -2.93375 -20.2539
6.64104 5.84286 -2.13764 -3.10491 -19.6821
6.64961 5.85143 -2.16497 -3.27116 -19.1104
6.65818 5.86 -2.1937 -3.4301 -16.8497
6.66675 5.86857 -2.22365 -3.55034 -11.2062
6.67532 5.87714 -2.25442 -3.62221 -5.5627
6.68389 5.88571 -2.28561 -3.6457 0.0808116
6.69247 5.89429 -2.31678 -3.62082 5.72432
6.70104 5.90286 -2.34754 -3.54757 11.3678
6.70961 5.91143 -2.37746 -3.42595 17.0113
6.71818 5.92 -2.40613 -3.25595 22.6549
6.72675 5.92857 -2.43314 -3.03758 28.2984
6.73532 5.93714 -2.45807 -2.77083 33.9419
6.74389 5.94571 -2.4805 -2.45572 39.5854
6.75247 5.95429 -2.50003 -2.09223 45.2289
6.76104 5.96286 -2.51623 -1.68036 50.8724
6.76961 5.97143 -2.5287 -1.22013 56.5159
6.77818 5.98 -2.53701 -0.711518 62.1594
6.78675 5.98857 -2.54075 -0.154536 67.803
6.79532 5.99714 -2.53952 0.450819 73.4465
6.80389 6.00571 -2.53295 1.07344 68.2018
6.81247 6.01429 -2.52137 1.61222 57.5137
6.82104 6.02286 -2.50557 2.05939 46.8256
6.82961 6.03143 -2.48633 2.41494 36.1375
6.83818 6.04 -2.46443 2.67889 25.4495
6.84675 6.04857 -2.44067 2.85122 14.7614
6.85532 6.05714 -2.41582 2.93194 4.07329
6.86389 6.06571 -2.39067 2.92105 -6.6148
6.87247 6.07429 -2.366 2.81854 -17.3029
6.88104 6.08286 -2.34261 2.62443 -27.991
6.88961 6.09143 -2.32128 2.3387 -38.6791
6.89818 6.1 -2.30278 1.96136 -49.3672
6.90675 6.10857 -2.28791 1.4924 -60.0552
6.91532 6.11714 -2.27746 0.931837 -70.7433
6.92389 6.12571 -2.2722 0.27966 -81.4314
6.93247 6.13429 -2.27293 -0.46413 -92.1195
6.94104 6.14286 -2.28042 -1.29953 -102.808
6.94961 6.15143 -2.29515 -2.11425 -87.2892
6.95818 6.16 -2.31628 -2.79592 -71.7658
6.96675 6.16857 -2.3427 -3.34452 -56.2425
6.97532 6.17714 -2.37324 -3.76007 -40.7191
6.98389 6.18571 -2.40677 -4.04257 -25.1957
6.99247 6.19429 -2.44216 -4.192 -9.67233
7.00104 6.20286 -2.47826 -4.20838 5.85105
7.00961 6.21143 -2.51392 -4.0917 21.3744
7.01818 6.22 -2.54802 -3.84196 36.8978
7.02675 6.22857 -2.57941 -3.45916 52.4212
7.03532 6.23714 -2.60694 -2.94331 67.9446
7.04389 6.24571 -2.62948 -2.2944 83.4679
7.05247 6.25429 -2.64589 -1.51243 98.9913
7.06104 6.26286 -2.65503 -0.597406 114.515
7.06961 6.27143 -2.65575 0.450677 130.038
7.07818 6.28 -2.64692 1.63182 145.561
7.08675 6.28857 -2.62741 2.93042 150.177
7.09532 6.29714 -2.59699 4.14401 132.993
7.10389 6.30571 -2.55679 5.21031 115.81
7.11247 6.31429 -2.50809 6.12932 98.6259
7.12104 6.32286 -2.45214 6.90104 81.4423
7.12961 6.33143 -2.39021 7.52547 64.2587
7.13818 6.34 -2.32355 8.00262 47.0751
7.14675 6.34857 -2.25344 8.33247 29.8915
7.15532 6.35714 -2.18113 8.51504 12.7079
7.16389 6.36571 -2.10789 8.55032 -4.47568
7.17247 6.37429 -2.03498 8.43832 -21.6593
7.18104 6.38286 -1.96365 8.17902 -38.8429
7.18961 6.39143 -1.89518 7.77244 -56.0265
7.19818 6.4 -1.83083 7.21857 -73.2101
7.20675 6.40857 -1.77186 6.51741 -90.3937
7.21532 6.41714 -1.71953 5.66896 -107.577
7.22389 6.42571 -1.6751 4.67323 -124.761
7.23247 6.43429 -1.63973 3.58539 -122.629
7.24104 6.44286 -1.61336 2.58481 -110.838
7.24961 6.45143 -1.59513 1.6853 -99.0473
7.25818 6.46 -1.58418 0.886857 -87.2562
7.26675 6.46857 -1.57964 0.18948 -75.4652
7.27532 6.47714 -1.58064 -0.406832 -63.6742
7.28389 6.48571 -1.58632 -0.902078 -51.8832
7.29247 6.49429 -1.59582 -1.29626 -40.0922
7.30104 6.50286 -1.60826 -1.58937 -28.3012
7.30961 6.51143 -1.62277 -1.78142 -16.5101
7.31818 6.52 -1.63851 -1.8724 -4.71912
7.32675 6.52857 -1.65458 -1.86232 7.07189
7.33532 6.53714 -1.67014 -1.75117 18.8629
7.34389 6.54571 -1.68432 -1.53896 30.6539
7.35247 6.55429 -1.69624 -1.22568 42.4449
7.36104 6.56286 -1.70504 -0.811329 54.236
7.36961 6.57143 -1.70986 -0.295916 66.027
7.37818 6.58 -1.71003 0.248609 61.0286
7.38675 6.58857 -1.70572 0.750288 56.0297
7.39532 6.59714 -1.69729 1.20912 51.0309
7.40389 6.60571 -1.68511 1.6251 46.032
7.41247 6.61429 -1.66955 1.99824 41.0332
7.42104 6.62286 -1.65098 2.32853 36.0344
7.42961 6.63143 -1.62976 2.61597 31.0355
7.43818 6.64 -1.60626 2.86057 26.0367
7.44675 6.64857 -1.58084 3.06231 21.0378
7.45532 6.65714 -1.55388 3.22122 16.039
7.46389 6.66571 -1.52574 3.33727 11.0402
7.47247 6.67429 -1.49679 3.41048 6.04132
7.48104 6.68286 -1.4674 3.44083 1.04248
7.48961 6.69143 -1.43793 3.42835 -3.95636
7.49818 6.7 -1.40875 3.37301 -8.9552
7.50675 6.70857 -1.38023 3.27483 -13.954
7.51532 6.71714 -1.35273 3.13519 -17.9775
7.52389 6.72571 -1.32654 2.97222 -20.0482
7.53247 6.73429 -1.30183 2.79151 -22.1189
7.54104 6.74286 -1.27874 2.59304 -24.1896
7.54961 6.75143 -1.25743 2.37683 -26.2603
7.55818 6.76 -1.23805 2.14287 -28.3309
7.56675 6.76857 -1.22074 1.89116 -30.4016
7.57532 6.77714 -1.20568 1.6217 -32.4723
7.58389 6.78571 -1.19299 1.33449 -34.543
7.59247 6.79429 -1.18285 1.02953 -36.6137
7.60104 6.80286 -1.1754 0.706825 -38.6843
7.60961 6.81143 -1.17078 0.366371 -40.755
7.61818 6.82 -1.16917 0.00816814 -42.8257
7.62675 6.82857 -1.17069 -0.367784 -44.8964
7.63532 6.83714 -1.17552 -0.761484 -46.967
7.64389 6.84571 -1.1838 -1.17293 -49.0377
7.65247 6.85429 -1.19568 -1.60213 -51.1084
7.66104 6.86286 -1.21131 -2.04514 -51.7993
7.66961 6.87143 -1.23074 -2.48913 -51.7993
7.67818 6.88 -1.25398 -2.93313 -51.7993
7.68675 6.88857 -1.28102 -3.37712 -51.7993
7.69532 6.89714 -1.31187 -3.82111 -51.7993
7.70389 6.90571 -1.34653 -4.26511 -51.7993
7.71247 6.91429 -1.38499 -4.7091 -51.7993
7.72104 6.92286 -1.42725 -5.1531 -51.7993
7.72961 6.93143 -1.47333 -5.59709 -51.7993
7.73818 6.94 -1.5232 -6.04109 -51.7993
7.74675 6.94857 -1.57689 -6.48508 -51.7993
7.75532 6.95714 -1.63438 -6.92907 -51.7993
7.76389 6.96571 -1.69567 -7.37307 -51.7993
7.77247 6.97429 -1.76077 -7.81706 -51.7993
7.78104 6.98286 -1.82968 -8.26106 -51.7993
7.78961 6.99143 -1.90239 -8.70505 -51.7993
7.79818 7 -1.97891 -9.14905 -51.7993


