T_nominal 343000
reduction #0  30  0.999804  1.10755 0.868882 0.487163 -4.0037 

T_nominal 338000
reduction #0  30  0.999713  1.15151 0.817488 0.514535 -3.73961 

T_nominal 333000
reduction #0  31  0.999708  1.18678 0.763784 0.533431 -3.41955 

T_nominal 328000
reduction #0  29  0.999491  1.22002 0.692055 0.587038 -3.1223 

T_nominal 323000
reduction #0  37  0.999348  1.25844 0.634397 0.597982 -2.73539 

T_nominal 318000
reduction #0  39  0.998459  1.3007 0.552142 0.667812 -2.37935 

T_nominal 313000
reduction #0  40  0.997964  1.35308 0.470228 0.756973 -1.99394 

T_nominal 308000
reduction #0  33  0.998457  1.30488 0.432879 0.806717 -1.6792 

T_nominal 303000
reduction #0  31  0.99827  0.891268 0.68141 0.427805 -1.42915 

T_nominal 298000
reduction #0  31  0.997504  0.684084 0.844141 0.319588 -1.32298 

T_nominal 293000
reduction #0  28  0.998057  0.510662 0.95466 0.27303 -1.27096 

T_nominal 303000
reduction #0  30  0.998866  0.963652 0.567008 0.542074 -1.37865 

T_nominal 313000
reduction #0  43  0.997589  1.35295 0.472246 0.751866 -1.95343 

T_nominal 323000
reduction #0  37  0.999056  1.26148 0.635723 0.595327 -2.69875 

T_nominal 333000
reduction #0  32  0.999612  1.19905 0.760663 0.536261 -3.39301 

T_nominal 343000
reduction #0  30  0.999595  1.15882 0.873112 0.483754 -3.9803 

T_nominal 353000
reduction #0  28  0.99925  1.14214 0.942656 0.472132 -4.53367 

T_nominal 363000
reduction #0  24  0.998125  1.18255 0.984411 0.482117 -5.04196 

