T_nominal 343000
reduction #0  61  0.310673  1.68811 0.223502 38.0512 -10.1703 

T_nominal 338000
reduction #0  61  0.589408  3.58934 0.501558 9.84674 -6.59946 

T_nominal 333000
reduction #0  61  0.395183  1.54647 0.300118 10.2624 -7.04866 

T_nominal 328000
reduction #0  61  0.371524  1.5782 0.359029 6.10732 -5.75509 

T_nominal 323000
reduction #0  61  0.538272  1.80521 0.415105 5.16195 -5.29708 

T_nominal 318000
reduction #0  61  0.551637  1.76443 0.400491 5.37826 -5.28717 

T_nominal 313000
reduction #0  61  0.656593  2.06735 0.418659 5.35326 -5.23464 

T_nominal 308000
reduction #0  61  0.659029  1.83822 0.383241 5.95336 -5.19996 

T_nominal 303000
reduction #0  61  0.66314  1.52883 0.37416 6.06248 -5.23241 

T_nominal 298000
reduction #0  61  0.617684  1.42887 0.329616 7.06931 -5.32454 

T_nominal 293000
reduction #0  61  0.664576  1.34263 0.424697 5.10698 -4.7644 

T_nominal 303000
reduction #0  61  0.696549  1.68002 0.325493 8.08939 -5.86507 

T_nominal 313000
reduction #0  61  0.654992  1.97794 0.410313 5.5193 -5.28568 

T_nominal 323000
reduction #0  61  0.547393  1.81305 0.41343 5.18796 -5.28877 

T_nominal 333000
reduction #0  61  0.63052  1.90445 0.317938 10.8355 -7.22055 

T_nominal 343000
reduction #0  61  0.131325  117311 -0.100021 999.321 79.2699 

T_nominal 353000
reduction #0  61  0.458892  2.6897 0.262381 31.7359 -9.39427 

T_nominal 363000
reduction #0  61  0.210878  -137837 -0.27137 985.479 28.5305 

