Data fit to <COOP> functional form

fit temperature range in [438,368]

xData (#.=15)
[[438.000000],[433.000000],[428.000000],[423.000000],[418.000000],[413.000000],[408.000000],[403.000000],[398.000000],[393.000000],[388.000000],[383.000000],[378.000000],[373.000000],[368.000000]]

yData (#.=15)
[-6.532700,-6.351730,-6.167890,-6.004620,-5.825250,-5.640990,-5.446020,-5.235870,-5.012890,-4.795930,-4.549650,-4.284350,-4.032930,-3.801600,-3.555470]

stop condition:
intial coeffs = -12 1000 1 0.1 
scale  = -12 1000 1 0.1 
bndl   = -20 0 -500 -1000 
bndu   = 20 1e+06 500 1000 
epsf   = 0
epsx   = 1e-10
maxits = 100000

-------------------------------------
Tg_extrp [@(100)timeUnit] 295.158
m_extrp [@Tg_extrp] 30.1975
-------------------------------------

Operating Mode: F

fit info 2
(relative step is no more than EpsX.)

internal iterations = 51241
time used = 0 seconds

fit coeffs
-11.6113 5.4719 0.0226042 382.74 

fit coeffs error
0.581206 0.625599 0.000707406 3.16625 

Statistics
===================================
R^2 (coefficient of determination) 
0.999738 (1 cycles)

RMS error 
0.0149485

average error 
0.0118809

average relative error 
0.00254155

maximum error 
0.0284098
===================================


T  log(tau_org) log10(tauFit_fit) ErrCurve  
=========================================== 
438 -6.5327 -6.52478 0.0114008
433 -6.35173 -6.35878 0.00896465
428 -6.16789 -6.18664 0.00717154
423 -6.00462 -6.00808 0.00615729
418 -5.82525 -5.82284 0.00589875
413 -5.64099 -5.63062 0.00612366
408 -5.44602 -5.4311 0.00648806
403 -5.23587 -5.22397 0.00675033
398 -5.01289 -5.00888 0.00679183
393 -4.79593 -4.78546 0.00660291
388 -4.54965 -4.55334 0.00631192
383 -4.28435 -4.3121 0.00626848
378 -4.03293 -4.06134 0.00704224
373 -3.8016 -3.80059 0.00907179
368 -3.55547 -3.52938 0.0123996


1000/T  log(tau_org) log10(tauFit_fit) ErrCurve 
=========================================== 
2.28311 -6.5327 -6.52478 0.0114008
2.30947 -6.35173 -6.35878 0.00896465
2.33645 -6.16789 -6.18664 0.00717154
2.36407 -6.00462 -6.00808 0.00615729
2.39234 -5.82525 -5.82284 0.00589875
2.42131 -5.64099 -5.63062 0.00612366
2.45098 -5.44602 -5.4311 0.00648806
2.48139 -5.23587 -5.22397 0.00675033
2.51256 -5.01289 -5.00888 0.00679183
2.54453 -4.79593 -4.78546 0.00660291
2.57732 -4.54965 -4.55334 0.00631192
2.61097 -4.28435 -4.3121 0.00626848
2.6455 -4.03293 -4.06134 0.00704224
2.68097 -3.8016 -3.80059 0.00907179
2.71739 -3.55547 -3.52938 0.0123996



T  log10(tauFit_fit)             
=================================
438 -6.52478
437.857 -6.52012
437.714 -6.51546
437.571 -6.51079
437.429 -6.50611
437.286 -6.50143
437.143 -6.49675
437 -6.49206
436.857 -6.48737
436.714 -6.48267
436.572 -6.47797
436.429 -6.47326
436.286 -6.46855
436.143 -6.46383
436 -6.45911
435.857 -6.45438
435.715 -6.44965
435.572 -6.44491
435.429 -6.44017
435.286 -6.43542
435.143 -6.43067
435 -6.42591
434.857 -6.42115
434.715 -6.41638
434.572 -6.41161
434.429 -6.40684
434.286 -6.40205
434.143 -6.39727
434 -6.39248
433.858 -6.38768
433.715 -6.38288
433.572 -6.37807
433.429 -6.37326
433.286 -6.36844
433.143 -6.36362
433.001 -6.3588
432.858 -6.35397
432.715 -6.34913
432.572 -6.34429
432.429 -6.33944
432.286 -6.33459
432.143 -6.32973
432.001 -6.32487
431.858 -6.32001
431.715 -6.31513
431.572 -6.31026
431.429 -6.30537
431.286 -6.30049
431.144 -6.2956
431.001 -6.2907
430.858 -6.2858
430.715 -6.28089
430.572 -6.27598
430.429 -6.27106
430.287 -6.26614
430.144 -6.26121
430.001 -6.25628
429.858 -6.25134
429.715 -6.24639
429.572 -6.24145
429.429 -6.23649
429.287 -6.23153
429.144 -6.22657
429.001 -6.2216
428.858 -6.21663
428.715 -6.21165
428.572 -6.20666
428.43 -6.20167
428.287 -6.19668
428.144 -6.19168
428.001 -6.18667
427.858 -6.18166
427.715 -6.17665
427.573 -6.17162
427.43 -6.1666
427.287 -6.16157
427.144 -6.15653
427.001 -6.15149
426.858 -6.14644
426.715 -6.14139
426.573 -6.13633
426.43 -6.13127
426.287 -6.1262
426.144 -6.12112
426.001 -6.11604
425.858 -6.11096
425.716 -6.10587
425.573 -6.10077
425.43 -6.09567
425.287 -6.09057
425.144 -6.08546
425.001 -6.08034
424.859 -6.07522
424.716 -6.07009
424.573 -6.06496
424.43 -6.05982
424.287 -6.05468
424.144 -6.04953
424.001 -6.04437
423.859 -6.03921
423.716 -6.03405
423.573 -6.02888
423.43 -6.0237
423.287 -6.01852
423.144 -6.01333
423.002 -6.00814
422.859 -6.00294
422.716 -5.99774
422.573 -5.99253
422.43 -5.98732
422.287 -5.9821
422.145 -5.97687
422.002 -5.97164
421.859 -5.9664
421.716 -5.96116
421.573 -5.95592
421.43 -5.95066
421.288 -5.9454
421.145 -5.94014
421.002 -5.93487
420.859 -5.9296
420.716 -5.92432
420.573 -5.91903
420.43 -5.91374
420.288 -5.90844
420.145 -5.90314
420.002 -5.89783
419.859 -5.89252
419.716 -5.8872
419.573 -5.88187
419.431 -5.87654
419.288 -5.8712
419.145 -5.86586
419.002 -5.86051
418.859 -5.85516
418.716 -5.8498
418.574 -5.84444
418.431 -5.83907
418.288 -5.83369
418.145 -5.82831
418.002 -5.82292
417.859 -5.81753
417.716 -5.81213
417.574 -5.80673
417.431 -5.80131
417.288 -5.7959
417.145 -5.79048
417.002 -5.78505
416.859 -5.77962
416.717 -5.77418
416.574 -5.76873
416.431 -5.76328
416.288 -5.75783
416.145 -5.75236
416.002 -5.7469
415.86 -5.74142
415.717 -5.73594
415.574 -5.73046
415.431 -5.72497
415.288 -5.71947
415.145 -5.71397
415.002 -5.70846
414.86 -5.70294
414.717 -5.69742
414.574 -5.6919
414.431 -5.68637
414.288 -5.68083
414.145 -5.67528
414.003 -5.66973
413.86 -5.66418
413.717 -5.65862
413.574 -5.65305
413.431 -5.64748
413.288 -5.6419
413.146 -5.63631
413.003 -5.63072
412.86 -5.62512
412.717 -5.61952
412.574 -5.61391
412.431 -5.6083
412.288 -5.60268
412.146 -5.59705
412.003 -5.59142
411.86 -5.58578
411.717 -5.58013
411.574 -5.57448
411.431 -5.56883
411.289 -5.56316
411.146 -5.55749
411.003 -5.55182
410.86 -5.54614
410.717 -5.54045
410.574 -5.53476
410.432 -5.52906
410.289 -5.52335
410.146 -5.51764
410.003 -5.51192
409.86 -5.5062
409.717 -5.50047
409.574 -5.49473
409.432 -5.48899
409.289 -5.48324
409.146 -5.47749
409.003 -5.47173
408.86 -5.46596
408.717 -5.46019
408.575 -5.45441
408.432 -5.44863
408.289 -5.44283
408.146 -5.43704
408.003 -5.43123
407.86 -5.42542
407.718 -5.41961
407.575 -5.41378
407.432 -5.40796
407.289 -5.40212
407.146 -5.39628
407.003 -5.39043
406.86 -5.38458
406.718 -5.37872
406.575 -5.37285
406.432 -5.36698
406.289 -5.3611
406.146 -5.35521
406.003 -5.34932
405.861 -5.34343
405.718 -5.33752
405.575 -5.33161
405.432 -5.32569
405.289 -5.31977
405.146 -5.31384
405.004 -5.3079
404.861 -5.30196
404.718 -5.29601
404.575 -5.29006
404.432 -5.2841
404.289 -5.27813
404.146 -5.27215
404.004 -5.26617
403.861 -5.26019
403.718 -5.25419
403.575 -5.24819
403.432 -5.24219
403.289 -5.23617
403.147 -5.23015
403.004 -5.22413
402.861 -5.21809
402.718 -5.21206
402.575 -5.20601
402.432 -5.19996
402.29 -5.1939
402.147 -5.18783
402.004 -5.18176
401.861 -5.17568
401.718 -5.1696
401.575 -5.16351
401.432 -5.15741
401.29 -5.15131
401.147 -5.14519
401.004 -5.13908
400.861 -5.13295
400.718 -5.12682
400.575 -5.12068
400.433 -5.11454
400.29 -5.10839
400.147 -5.10223
400.004 -5.09607
399.861 -5.0899
399.718 -5.08372
399.576 -5.07753
399.433 -5.07134
399.29 -5.06514
399.147 -5.05894
399.004 -5.05273
398.861 -5.04651
398.718 -5.04029
398.576 -5.03406
398.433 -5.02782
398.29 -5.02157
398.147 -5.01532
398.004 -5.00906
397.861 -5.0028
397.719 -4.99653
397.576 -4.99025
397.433 -4.98396
397.29 -4.97767
397.147 -4.97137
397.004 -4.96506
396.862 -4.95875
396.719 -4.95243
396.576 -4.9461
396.433 -4.93977
396.29 -4.93343
396.147 -4.92708
396.004 -4.92073
395.862 -4.91437
395.719 -4.908
395.576 -4.90162
395.433 -4.89524
395.29 -4.88885
395.147 -4.88246
395.005 -4.87605
394.862 -4.86964
394.719 -4.86323
394.576 -4.8568
394.433 -4.85037
394.29 -4.84393
394.148 -4.83749
394.005 -4.83104
393.862 -4.82458
393.719 -4.81811
393.576 -4.81164
393.433 -4.80516
393.29 -4.79867
393.148 -4.79218
393.005 -4.78568
392.862 -4.77917
392.719 -4.77265
392.576 -4.76613
392.433 -4.7596
392.291 -4.75306
392.148 -4.74652
392.005 -4.73997
391.862 -4.73341
391.719 -4.72684
391.576 -4.72027
391.434 -4.71369
391.291 -4.7071
391.148 -4.70051
391.005 -4.69391
390.862 -4.6873
390.719 -4.68068
390.576 -4.67406
390.434 -4.66743
390.291 -4.66079
390.148 -4.65415
390.005 -4.64749
389.862 -4.64083
389.719 -4.63417
389.577 -4.62749
389.434 -4.62081
389.291 -4.61412
389.148 -4.60743
389.005 -4.60072
388.862 -4.59401
388.72 -4.58729
388.577 -4.58057
388.434 -4.57383
388.291 -4.56709
388.148 -4.56034
388.005 -4.55359
387.863 -4.54683
387.72 -4.54006
387.577 -4.53328
387.434 -4.52649
387.291 -4.5197
387.148 -4.5129
387.005 -4.50609
386.863 -4.49928
386.72 -4.49245
386.577 -4.48562
386.434 -4.47879
386.291 -4.47194
386.148 -4.46509
386.006 -4.45823
385.863 -4.45136
385.72 -4.44448
385.577 -4.4376
385.434 -4.43071
385.291 -4.42381
385.149 -4.41691
385.006 -4.40999
384.863 -4.40307
384.72 -4.39614
384.577 -4.3892
384.434 -4.38226
384.291 -4.37531
384.149 -4.36835
384.006 -4.36138
383.863 -4.35441
383.72 -4.34742
383.577 -4.34043
383.434 -4.33344
383.292 -4.32643
383.149 -4.31942
383.006 -4.31239
382.863 -4.30536
382.72 -4.29833
382.577 -4.29128
382.435 -4.28423
382.292 -4.27717
382.149 -4.2701
382.006 -4.26303
381.863 -4.25594
381.72 -4.24885
381.577 -4.24175
381.435 -4.23464
381.292 -4.22753
381.149 -4.2204
381.006 -4.21327
380.863 -4.20613
380.72 -4.19899
380.578 -4.19183
380.435 -4.18467
380.292 -4.1775
380.149 -4.17032
380.006 -4.16313
379.863 -4.15594
379.721 -4.14873
379.578 -4.14152
379.435 -4.1343
379.292 -4.12708
379.149 -4.11984
379.006 -4.1126
378.863 -4.10535
378.721 -4.09809
378.578 -4.09082
378.435 -4.08354
378.292 -4.07626
378.149 -4.06897
378.006 -4.06167
377.864 -4.05436
377.721 -4.04704
377.578 -4.03972
377.435 -4.03239
377.292 -4.02505
377.149 -4.0177
377.007 -4.01034
376.864 -4.00297
376.721 -3.9956
376.578 -3.98822
376.435 -3.98083
376.292 -3.97343
376.149 -3.96602
376.007 -3.95861
375.864 -3.95119
375.721 -3.94375
375.578 -3.93631
375.435 -3.92887
375.292 -3.92141
375.15 -3.91394
375.007 -3.90647
374.864 -3.89899
374.721 -3.8915
374.578 -3.884
374.435 -3.87649
374.293 -3.86898
374.15 -3.86145
374.007 -3.85392
373.864 -3.84638
373.721 -3.83883
373.578 -3.83127
373.435 -3.82371
373.293 -3.81613
373.15 -3.80855
373.007 -3.80096
372.864 -3.79336
372.721 -3.78575
372.578 -3.77813
372.436 -3.77051
372.293 -3.76287
372.15 -3.75523
372.007 -3.74758
371.864 -3.73992
371.721 -3.73225
371.579 -3.72457
371.436 -3.71689
371.293 -3.70919
371.15 -3.70149
371.007 -3.69378
370.864 -3.68605
370.721 -3.67833
370.579 -3.67059
370.436 -3.66284
370.293 -3.65508
370.15 -3.64732
370.007 -3.63955
369.864 -3.63176
369.722 -3.62397
369.579 -3.61617
369.436 -3.60837
369.293 -3.60055
369.15 -3.59272
369.007 -3.58489
368.865 -3.57704
368.722 -3.56919
368.579 -3.56133
368.436 -3.55346
368.293 -3.54558
368.15 -3.53769
368.007 -3.52979
367.865 -3.52189
367.722 -3.51397
367.579 -3.50605
367.436 -3.49812
367.293 -3.49017
367.15 -3.48222
367.008 -3.47426
366.865 -3.46629
366.722 -3.45831
366.579 -3.45033
366.436 -3.44233
366.293 -3.43433
366.151 -3.42631
366.008 -3.41829
365.865 -3.41026
365.722 -3.40221
365.579 -3.39416
365.436 -3.3861
365.293 -3.37803
365.151 -3.36995
365.008 -3.36187
364.865 -3.35377
364.722 -3.34566
364.579 -3.33755
364.436 -3.32942
364.294 -3.32129
364.151 -3.31315
364.008 -3.30499
363.865 -3.29683
363.722 -3.28866
363.579 -3.28048
363.437 -3.27229
363.294 -3.26409
363.151 -3.25588
363.008 -3.24767
362.865 -3.23944
362.722 -3.2312
362.579 -3.22296
362.437 -3.2147
362.294 -3.20644
362.151 -3.19816
362.008 -3.18988
361.865 -3.18159
361.722 -3.17328
361.58 -3.16497
361.437 -3.15665
361.294 -3.14832
361.151 -3.13998
361.008 -3.13163
360.865 -3.12327
360.723 -3.1149
360.58 -3.10652
360.437 -3.09813
360.294 -3.08973
360.151 -3.08133
360.008 -3.07291
359.865 -3.06448
359.723 -3.05605
359.58 -3.0476
359.437 -3.03914
359.294 -3.03068
359.151 -3.0222
359.008 -3.01372
358.866 -3.00522
358.723 -2.99672
358.58 -2.9882
358.437 -2.97968
358.294 -2.97114
358.151 -2.9626
358.009 -2.95405
357.866 -2.94548
357.723 -2.93691
357.58 -2.92833
357.437 -2.91973
357.294 -2.91113
357.151 -2.90252
357.009 -2.89389
356.866 -2.88526
356.723 -2.87662
356.58 -2.86797
356.437 -2.8593
356.294 -2.85063
356.152 -2.84195
356.009 -2.83325
355.866 -2.82455
355.723 -2.81584
355.58 -2.80712
355.437 -2.79838
355.295 -2.78964
355.152 -2.78089
355.009 -2.77212
354.866 -2.76335
354.723 -2.75457
354.58 -2.74577
354.438 -2.73697
354.295 -2.72815
354.152 -2.71933
354.009 -2.7105
353.866 -2.70165
353.723 -2.6928
353.58 -2.68393
353.438 -2.67506
353.295 -2.66617
353.152 -2.65727
353.009 -2.64837
352.866 -2.63945
352.723 -2.63052
352.581 -2.62159
352.438 -2.61264
352.295 -2.60368
352.152 -2.59471
352.009 -2.58573
351.866 -2.57674
351.724 -2.56774
351.581 -2.55873
351.438 -2.54971
351.295 -2.54068
351.152 -2.53164
351.009 -2.52259
350.866 -2.51352
350.724 -2.50445
350.581 -2.49537
350.438 -2.48627
350.295 -2.47717
350.152 -2.46805
350.009 -2.45892
349.867 -2.44979
349.724 -2.44064
349.581 -2.43148
349.438 -2.42231
349.295 -2.41313
349.152 -2.40394
349.01 -2.39474
348.867 -2.38553
348.724 -2.37631
348.581 -2.36707
348.438 -2.35783
348.295 -2.34857
348.152 -2.33931
348.01 -2.33003
347.867 -2.32074
347.724 -2.31144
347.581 -2.30213
347.438 -2.29281
347.295 -2.28348
347.153 -2.27414
347.01 -2.26479
346.867 -2.25542
346.724 -2.24605
346.581 -2.23666
346.438 -2.22727
346.296 -2.21786
346.153 -2.20844
346.01 -2.19901
345.867 -2.18957
345.724 -2.18012
345.581 -2.17065
345.438 -2.16118
345.296 -2.15169
345.153 -2.1422
345.01 -2.13269
344.867 -2.12317
344.724 -2.11364
344.581 -2.1041
344.439 -2.09455
344.296 -2.08498
344.153 -2.07541
344.01 -2.06582
343.867 -2.05622
343.724 -2.04661
343.582 -2.03699
343.439 -2.02736
343.296 -2.01772
343.153 -2.00806
343.01 -1.9984
342.867 -1.98872
342.724 -1.97903
342.582 -1.96933
342.439 -1.95962
342.296 -1.9499
342.153 -1.94016
342.01 -1.93042
341.867 -1.92066
341.725 -1.91089
341.582 -1.90111
341.439 -1.89132
341.296 -1.88152
341.153 -1.8717
341.01 -1.86187
340.868 -1.85204
340.725 -1.84219
340.582 -1.83232
340.439 -1.82245
340.296 -1.81257
340.153 -1.80267
340.01 -1.79276
339.868 -1.78284
339.725 -1.77291
339.582 -1.76296
339.439 -1.75301
339.296 -1.74304
339.153 -1.73306
339.011 -1.72307
338.868 -1.71307
338.725 -1.70305
338.582 -1.69303
338.439 -1.68299
338.296 -1.67294
338.154 -1.66287
338.011 -1.6528
337.868 -1.64271
337.725 -1.63262
337.582 -1.6225
337.439 -1.61238
337.296 -1.60225
337.154 -1.5921
337.011 -1.58194
336.868 -1.57177
336.725 -1.56159
336.582 -1.55139
336.439 -1.54119
336.297 -1.53097
336.154 -1.52073
336.011 -1.51049
335.868 -1.50023
335.725 -1.48997
335.582 -1.47969
335.44 -1.46939
335.297 -1.45909
335.154 -1.44877
335.011 -1.43844
334.868 -1.4281
334.725 -1.41774
334.582 -1.40738
334.44 -1.397
334.297 -1.3866
334.154 -1.3762
334.011 -1.36578
333.868 -1.35535
333.725 -1.34491
333.583 -1.33446
333.44 -1.32399
333.297 -1.31351
333.154 -1.30302
333.011 -1.29252
332.868 -1.282
332.726 -1.27147
332.583 -1.26093
332.44 -1.25037
332.297 -1.2398
332.154 -1.22922
332.011 -1.21863
331.868 -1.20802
331.726 -1.19741
331.583 -1.18677
331.44 -1.17613
331.297 -1.16547
331.154 -1.1548
331.011 -1.14412
330.869 -1.13343
330.726 -1.12272
330.583 -1.112
330.44 -1.10126
330.297 -1.09051
330.154 -1.07975
330.012 -1.06898
329.869 -1.0582
329.726 -1.0474
329.583 -1.03658
329.44 -1.02576
329.297 -1.01492
329.154 -1.00407
329.012 -0.993204
328.869 -0.982327
328.726 -0.971436
328.583 -0.960532
328.44 -0.949615
328.297 -0.938684
328.155 -0.927741
328.012 -0.916784
327.869 -0.905814
327.726 -0.89483
327.583 -0.883833
327.44 -0.872823
327.298 -0.8618
327.155 -0.850763
327.012 -0.839713
326.869 -0.828649
326.726 -0.817572
326.583 -0.806482
326.44 -0.795378
326.298 -0.784261
326.155 -0.77313
326.012 -0.761985
325.869 -0.750827
325.726 -0.739656
325.583 -0.72847
325.441 -0.717272
325.298 -0.706059
325.155 -0.694833
325.012 -0.683594
324.869 -0.67234
324.726 -0.661073
324.584 -0.649792
324.441 -0.638498
324.298 -0.627189
324.155 -0.615867
324.012 -0.604531
323.869 -0.593182
323.727 -0.581818
323.584 -0.57044
323.441 -0.559049
323.298 -0.547644
323.155 -0.536225
323.012 -0.524791
322.869 -0.513344
322.727 -0.501883
322.584 -0.490408
322.441 -0.478919
322.298 -0.467415
322.155 -0.455898
322.012 -0.444367
321.87 -0.432821
321.727 -0.421261
321.584 -0.409687
321.441 -0.398099
321.298 -0.386497
321.155 -0.374881
321.013 -0.36325
320.87 -0.351605
320.727 -0.339945
320.584 -0.328272
320.441 -0.316584
320.298 -0.304881
320.155 -0.293165
320.013 -0.281434
319.87 -0.269688
319.727 -0.257928
319.584 -0.246154
319.441 -0.234365
319.298 -0.222561
319.156 -0.210743
319.013 -0.198911
318.87 -0.187064
318.727 -0.175202
318.584 -0.163326
318.441 -0.151435
318.299 -0.139529
318.156 -0.127609
318.013 -0.115674
317.87 -0.103724
317.727 -0.0917599
317.584 -0.0797806
317.441 -0.0677866
317.299 -0.0557777
317.156 -0.043754
317.013 -0.0317155
316.87 -0.019662
316.727 -0.00759368
316.584 0.0044896
316.442 0.0165878
316.299 0.028701
316.156 0.0408292
316.013 0.0529725
315.87 0.0651307
315.727 0.0773041
315.585 0.0894925
315.442 0.101696
315.299 0.113915
315.156 0.126149
315.013 0.138398
314.87 0.150662
314.727 0.162941
314.585 0.175236
314.442 0.187546
314.299 0.199871
314.156 0.212212
314.013 0.224568
313.87 0.236939
313.728 0.249326
313.585 0.261728
313.442 0.274145
313.299 0.286578
313.156 0.299027
313.013 0.311491
312.871 0.32397
312.728 0.336465
312.585 0.348976
312.442 0.361502
312.299 0.374044
312.156 0.386602
312.013 0.399175
311.871 0.411764
311.728 0.424368
311.585 0.436989
311.442 0.449625
311.299 0.462277
311.156 0.474944
311.014 0.487628
310.871 0.500328
310.728 0.513043
310.585 0.525774
310.442 0.538521
310.299 0.551285
310.157 0.564064
310.014 0.576859
309.871 0.58967
309.728 0.602497
309.585 0.615341
309.442 0.6282
309.299 0.641076
309.157 0.653968
309.014 0.666876
308.871 0.6798
308.728 0.69274
308.585 0.705697
308.442 0.71867
308.3 0.731659
308.157 0.744665
308.014 0.757687
307.871 0.770725
307.728 0.78378
307.585 0.796851
307.443 0.809939
307.3 0.823043
307.157 0.836164
307.014 0.849301
306.871 0.862455
306.728 0.875626
306.585 0.888813
306.443 0.902016
306.3 0.915237
306.157 0.928474
306.014 0.941728
305.871 0.954998
305.728 0.968285
305.586 0.98159
305.443 0.994911
305.3 1.00825
305.157 1.0216
305.014 1.03497
304.871 1.04836
304.729 1.06177
304.586 1.07519
304.443 1.08863
304.3 1.10209
304.157 1.11556
304.014 1.12905
303.871 1.14256
303.729 1.15608
303.586 1.16963
303.443 1.18319
303.3 1.19676
303.157 1.21036
303.014 1.22397
302.872 1.2376
302.729 1.25124
302.586 1.2649
302.443 1.27858
302.3 1.29228
302.157 1.306
302.015 1.31973
301.872 1.33348
301.729 1.34725
301.586 1.36103
301.443 1.37484
301.3 1.38866
301.157 1.4025
301.015 1.41635
300.872 1.43022
300.729 1.44412
300.586 1.45803
300.443 1.47195
300.3 1.4859
300.158 1.49986
300.015 1.51384
299.872 1.52784
299.729 1.54185
299.586 1.55589
299.443 1.56994
299.301 1.58401
299.158 1.5981
299.015 1.6122
298.872 1.62633
298.729 1.64047
298.586 1.65463
298.443 1.66881
298.301 1.68301
298.158 1.69722
298.015 1.71145
297.872 1.72571
297.729 1.73998
297.586 1.75426
297.444 1.76857
297.301 1.7829
297.158 1.79724
297.015 1.8116
296.872 1.82598
296.729 1.84038
296.587 1.8548
296.444 1.86923
296.301 1.88369
296.158 1.89816
296.015 1.91265
295.872 1.92716
295.729 1.94169
295.587 1.95624
295.444 1.97081
295.301 1.9854
295.158 2



T  log10(tauFit)                 
=================================
438 -6.5327
433 -6.35173
428 -6.16789
423 -6.00462
418 -5.82525
413 -5.64099
408 -5.44602
403 -5.23587
398 -5.01289
393 -4.79593
388 -4.54965
383 -4.28435
378 -4.03293
373 -3.8016
368 -3.55547



1000/T  log10(tauFit_fit)            
=================================
2.28311 -6.52478
2.28385 -6.52012
2.2846 -6.51546
2.28534 -6.51079
2.28609 -6.50611
2.28683 -6.50143
2.28758 -6.49675
2.28833 -6.49206
2.28908 -6.48737
2.28983 -6.48267
2.29058 -6.47797
2.29132 -6.47326
2.29208 -6.46855
2.29283 -6.46383
2.29358 -6.45911
2.29433 -6.45438
2.29508 -6.44965
2.29583 -6.44491
2.29659 -6.44017
2.29734 -6.43542
2.29809 -6.43067
2.29885 -6.42591
2.2996 -6.42115
2.30036 -6.41638
2.30112 -6.41161
2.30187 -6.40684
2.30263 -6.40205
2.30339 -6.39727
2.30415 -6.39248
2.3049 -6.38768
2.30566 -6.38288
2.30642 -6.37807
2.30718 -6.37326
2.30794 -6.36844
2.3087 -6.36362
2.30947 -6.3588
2.31023 -6.35397
2.31099 -6.34913
2.31175 -6.34429
2.31252 -6.33944
2.31328 -6.33459
2.31405 -6.32973
2.31481 -6.32487
2.31558 -6.32001
2.31634 -6.31513
2.31711 -6.31026
2.31788 -6.30537
2.31864 -6.30049
2.31941 -6.2956
2.32018 -6.2907
2.32095 -6.2858
2.32172 -6.28089
2.32249 -6.27598
2.32326 -6.27106
2.32403 -6.26614
2.3248 -6.26121
2.32558 -6.25628
2.32635 -6.25134
2.32712 -6.24639
2.3279 -6.24145
2.32867 -6.23649
2.32945 -6.23153
2.33022 -6.22657
2.331 -6.2216
2.33177 -6.21663
2.33255 -6.21165
2.33333 -6.20666
2.33411 -6.20167
2.33488 -6.19668
2.33566 -6.19168
2.33644 -6.18667
2.33722 -6.18166
2.338 -6.17665
2.33878 -6.17162
2.33957 -6.1666
2.34035 -6.16157
2.34113 -6.15653
2.34191 -6.15149
2.3427 -6.14644
2.34348 -6.14139
2.34427 -6.13633
2.34505 -6.13127
2.34584 -6.1262
2.34662 -6.12112
2.34741 -6.11604
2.3482 -6.11096
2.34899 -6.10587
2.34977 -6.10077
2.35056 -6.09567
2.35135 -6.09057
2.35214 -6.08546
2.35293 -6.08034
2.35372 -6.07522
2.35452 -6.07009
2.35531 -6.06496
2.3561 -6.05982
2.35689 -6.05468
2.35769 -6.04953
2.35848 -6.04437
2.35928 -6.03921
2.36007 -6.03405
2.36087 -6.02888
2.36166 -6.0237
2.36246 -6.01852
2.36326 -6.01333
2.36406 -6.00814
2.36486 -6.00294
2.36565 -5.99774
2.36645 -5.99253
2.36725 -5.98732
2.36806 -5.9821
2.36886 -5.97687
2.36966 -5.97164
2.37046 -5.9664
2.37126 -5.96116
2.37207 -5.95592
2.37287 -5.95066
2.37368 -5.9454
2.37448 -5.94014
2.37529 -5.93487
2.37609 -5.9296
2.3769 -5.92432
2.37771 -5.91903
2.37851 -5.91374
2.37932 -5.90844
2.38013 -5.90314
2.38094 -5.89783
2.38175 -5.89252
2.38256 -5.8872
2.38337 -5.88187
2.38418 -5.87654
2.385 -5.8712
2.38581 -5.86586
2.38662 -5.86051
2.38744 -5.85516
2.38825 -5.8498
2.38907 -5.84444
2.38988 -5.83907
2.3907 -5.83369
2.39152 -5.82831
2.39233 -5.82292
2.39315 -5.81753
2.39397 -5.81213
2.39479 -5.80673
2.39561 -5.80131
2.39643 -5.7959
2.39725 -5.79048
2.39807 -5.78505
2.39889 -5.77962
2.39971 -5.77418
2.40054 -5.76873
2.40136 -5.76328
2.40218 -5.75783
2.40301 -5.75236
2.40383 -5.7469
2.40466 -5.74142
2.40548 -5.73594
2.40631 -5.73046
2.40714 -5.72497
2.40797 -5.71947
2.4088 -5.71397
2.40962 -5.70846
2.41045 -5.70294
2.41128 -5.69742
2.41211 -5.6919
2.41295 -5.68637
2.41378 -5.68083
2.41461 -5.67528
2.41544 -5.66973
2.41628 -5.66418
2.41711 -5.65862
2.41795 -5.65305
2.41878 -5.64748
2.41962 -5.6419
2.42045 -5.63631
2.42129 -5.63072
2.42213 -5.62512
2.42297 -5.61952
2.42381 -5.61391
2.42465 -5.6083
2.42549 -5.60268
2.42633 -5.59705
2.42717 -5.59142
2.42801 -5.58578
2.42885 -5.58013
2.4297 -5.57448
2.43054 -5.56883
2.43138 -5.56316
2.43223 -5.55749
2.43307 -5.55182
2.43392 -5.54614
2.43477 -5.54045
2.43561 -5.53476
2.43646 -5.52906
2.43731 -5.52335
2.43816 -5.51764
2.43901 -5.51192
2.43986 -5.5062
2.44071 -5.50047
2.44156 -5.49473
2.44241 -5.48899
2.44326 -5.48324
2.44412 -5.47749
2.44497 -5.47173
2.44582 -5.46596
2.44668 -5.46019
2.44753 -5.45441
2.44839 -5.44863
2.44925 -5.44283
2.4501 -5.43704
2.45096 -5.43123
2.45182 -5.42542
2.45268 -5.41961
2.45354 -5.41378
2.4544 -5.40796
2.45526 -5.40212
2.45612 -5.39628
2.45698 -5.39043
2.45785 -5.38458
2.45871 -5.37872
2.45957 -5.37285
2.46044 -5.36698
2.4613 -5.3611
2.46217 -5.35521
2.46303 -5.34932
2.4639 -5.34343
2.46477 -5.33752
2.46564 -5.33161
2.4665 -5.32569
2.46737 -5.31977
2.46824 -5.31384
2.46911 -5.3079
2.46999 -5.30196
2.47086 -5.29601
2.47173 -5.29006
2.4726 -5.2841
2.47348 -5.27813
2.47435 -5.27215
2.47523 -5.26617
2.4761 -5.26019
2.47698 -5.25419
2.47785 -5.24819
2.47873 -5.24219
2.47961 -5.23617
2.48049 -5.23015
2.48137 -5.22413
2.48225 -5.21809
2.48313 -5.21206
2.48401 -5.20601
2.48489 -5.19996
2.48577 -5.1939
2.48665 -5.18783
2.48754 -5.18176
2.48842 -5.17568
2.48931 -5.1696
2.49019 -5.16351
2.49108 -5.15741
2.49197 -5.15131
2.49285 -5.14519
2.49374 -5.13908
2.49463 -5.13295
2.49552 -5.12682
2.49641 -5.12068
2.4973 -5.11454
2.49819 -5.10839
2.49908 -5.10223
2.49997 -5.09607
2.50087 -5.0899
2.50176 -5.08372
2.50266 -5.07753
2.50355 -5.07134
2.50445 -5.06514
2.50534 -5.05894
2.50624 -5.05273
2.50714 -5.04651
2.50804 -5.04029
2.50893 -5.03406
2.50983 -5.02782
2.51073 -5.02157
2.51163 -5.01532
2.51254 -5.00906
2.51344 -5.0028
2.51434 -4.99653
2.51524 -4.99025
2.51615 -4.98396
2.51705 -4.97767
2.51796 -4.97137
2.51886 -4.96506
2.51977 -4.95875
2.52068 -4.95243
2.52159 -4.9461
2.52249 -4.93977
2.5234 -4.93343
2.52431 -4.92708
2.52522 -4.92073
2.52614 -4.91437
2.52705 -4.908
2.52796 -4.90162
2.52887 -4.89524
2.52979 -4.88885
2.5307 -4.88246
2.53162 -4.87605
2.53253 -4.86964
2.53345 -4.86323
2.53437 -4.8568
2.53528 -4.85037
2.5362 -4.84393
2.53712 -4.83749
2.53804 -4.83104
2.53896 -4.82458
2.53988 -4.81811
2.5408 -4.81164
2.54173 -4.80516
2.54265 -4.79867
2.54357 -4.79218
2.5445 -4.78568
2.54542 -4.77917
2.54635 -4.77265
2.54728 -4.76613
2.5482 -4.7596
2.54913 -4.75306
2.55006 -4.74652
2.55099 -4.73997
2.55192 -4.73341
2.55285 -4.72684
2.55378 -4.72027
2.55471 -4.71369
2.55564 -4.7071
2.55658 -4.70051
2.55751 -4.69391
2.55845 -4.6873
2.55938 -4.68068
2.56032 -4.67406
2.56125 -4.66743
2.56219 -4.66079
2.56313 -4.65415
2.56407 -4.64749
2.56501 -4.64083
2.56595 -4.63417
2.56689 -4.62749
2.56783 -4.62081
2.56877 -4.61412
2.56972 -4.60743
2.57066 -4.60072
2.5716 -4.59401
2.57255 -4.58729
2.57349 -4.58057
2.57444 -4.57383
2.57539 -4.56709
2.57634 -4.56034
2.57728 -4.55359
2.57823 -4.54683
2.57918 -4.54006
2.58013 -4.53328
2.58108 -4.52649
2.58204 -4.5197
2.58299 -4.5129
2.58394 -4.50609
2.5849 -4.49928
2.58585 -4.49245
2.58681 -4.48562
2.58776 -4.47879
2.58872 -4.47194
2.58968 -4.46509
2.59064 -4.45823
2.5916 -4.45136
2.59256 -4.44448
2.59352 -4.4376
2.59448 -4.43071
2.59544 -4.42381
2.5964 -4.41691
2.59736 -4.40999
2.59833 -4.40307
2.59929 -4.39614
2.60026 -4.3892
2.60122 -4.38226
2.60219 -4.37531
2.60316 -4.36835
2.60413 -4.36138
2.6051 -4.35441
2.60607 -4.34742
2.60704 -4.34043
2.60801 -4.33344
2.60898 -4.32643
2.60995 -4.31942
2.61093 -4.31239
2.6119 -4.30536
2.61287 -4.29833
2.61385 -4.29128
2.61483 -4.28423
2.6158 -4.27717
2.61678 -4.2701
2.61776 -4.26303
2.61874 -4.25594
2.61972 -4.24885
2.6207 -4.24175
2.62168 -4.23464
2.62266 -4.22753
2.62365 -4.2204
2.62463 -4.21327
2.62561 -4.20613
2.6266 -4.19899
2.62759 -4.19183
2.62857 -4.18467
2.62956 -4.1775
2.63055 -4.17032
2.63154 -4.16313
2.63253 -4.15594
2.63352 -4.14873
2.63451 -4.14152
2.6355 -4.1343
2.63649 -4.12708
2.63748 -4.11984
2.63848 -4.1126
2.63947 -4.10535
2.64047 -4.09809
2.64147 -4.09082
2.64246 -4.08354
2.64346 -4.07626
2.64446 -4.06897
2.64546 -4.06167
2.64646 -4.05436
2.64746 -4.04704
2.64846 -4.03972
2.64946 -4.03239
2.65047 -4.02505
2.65147 -4.0177
2.65247 -4.01034
2.65348 -4.00297
2.65449 -3.9956
2.65549 -3.98822
2.6565 -3.98083
2.65751 -3.97343
2.65852 -3.96602
2.65953 -3.95861
2.66054 -3.95119
2.66155 -3.94375
2.66256 -3.93631
2.66358 -3.92887
2.66459 -3.92141
2.6656 -3.91394
2.66662 -3.90647
2.66763 -3.89899
2.66865 -3.8915
2.66967 -3.884
2.67069 -3.87649
2.67171 -3.86898
2.67273 -3.86145
2.67375 -3.85392
2.67477 -3.84638
2.67579 -3.83883
2.67681 -3.83127
2.67784 -3.82371
2.67886 -3.81613
2.67989 -3.80855
2.68092 -3.80096
2.68194 -3.79336
2.68297 -3.78575
2.684 -3.77813
2.68503 -3.77051
2.68606 -3.76287
2.68709 -3.75523
2.68812 -3.74758
2.68915 -3.73992
2.69019 -3.73225
2.69122 -3.72457
2.69226 -3.71689
2.69329 -3.70919
2.69433 -3.70149
2.69537 -3.69378
2.6964 -3.68605
2.69744 -3.67833
2.69848 -3.67059
2.69952 -3.66284
2.70056 -3.65508
2.70161 -3.64732
2.70265 -3.63955
2.70369 -3.63176
2.70474 -3.62397
2.70578 -3.61617
2.70683 -3.60837
2.70788 -3.60055
2.70892 -3.59272
2.70997 -3.58489
2.71102 -3.57704
2.71207 -3.56919
2.71312 -3.56133
2.71418 -3.55346
2.71523 -3.54558
2.71628 -3.53769
2.71734 -3.52979
2.71839 -3.52189
2.71945 -3.51397
2.7205 -3.50605
2.72156 -3.49812
2.72262 -3.49017
2.72368 -3.48222
2.72474 -3.47426
2.7258 -3.46629
2.72686 -3.45831
2.72792 -3.45033
2.72899 -3.44233
2.73005 -3.43433
2.73112 -3.42631
2.73218 -3.41829
2.73325 -3.41026
2.73432 -3.40221
2.73539 -3.39416
2.73645 -3.3861
2.73752 -3.37803
2.7386 -3.36995
2.73967 -3.36187
2.74074 -3.35377
2.74181 -3.34566
2.74289 -3.33755
2.74396 -3.32942
2.74504 -3.32129
2.74612 -3.31315
2.74719 -3.30499
2.74827 -3.29683
2.74935 -3.28866
2.75043 -3.28048
2.75151 -3.27229
2.75259 -3.26409
2.75368 -3.25588
2.75476 -3.24767
2.75584 -3.23944
2.75693 -3.2312
2.75802 -3.22296
2.7591 -3.2147
2.76019 -3.20644
2.76128 -3.19816
2.76237 -3.18988
2.76346 -3.18159
2.76455 -3.17328
2.76564 -3.16497
2.76674 -3.15665
2.76783 -3.14832
2.76892 -3.13998
2.77002 -3.13163
2.77112 -3.12327
2.77221 -3.1149
2.77331 -3.10652
2.77441 -3.09813
2.77551 -3.08973
2.77661 -3.08133
2.77771 -3.07291
2.77882 -3.06448
2.77992 -3.05605
2.78102 -3.0476
2.78213 -3.03914
2.78324 -3.03068
2.78434 -3.0222
2.78545 -3.01372
2.78656 -3.00522
2.78767 -2.99672
2.78878 -2.9882
2.78989 -2.97968
2.791 -2.97114
2.79212 -2.9626
2.79323 -2.95405
2.79434 -2.94548
2.79546 -2.93691
2.79658 -2.92833
2.79769 -2.91973
2.79881 -2.91113
2.79993 -2.90252
2.80105 -2.89389
2.80217 -2.88526
2.8033 -2.87662
2.80442 -2.86797
2.80554 -2.8593
2.80667 -2.85063
2.80779 -2.84195
2.80892 -2.83325
2.81005 -2.82455
2.81118 -2.81584
2.8123 -2.80712
2.81343 -2.79838
2.81457 -2.78964
2.8157 -2.78089
2.81683 -2.77212
2.81796 -2.76335
2.8191 -2.75457
2.82024 -2.74577
2.82137 -2.73697
2.82251 -2.72815
2.82365 -2.71933
2.82479 -2.7105
2.82593 -2.70165
2.82707 -2.6928
2.82821 -2.68393
2.82935 -2.67506
2.8305 -2.66617
2.83164 -2.65727
2.83279 -2.64837
2.83394 -2.63945
2.83508 -2.63052
2.83623 -2.62159
2.83738 -2.61264
2.83853 -2.60368
2.83968 -2.59471
2.84083 -2.58573
2.84199 -2.57674
2.84314 -2.56774
2.8443 -2.55873
2.84545 -2.54971
2.84661 -2.54068
2.84777 -2.53164
2.84893 -2.52259
2.85009 -2.51352
2.85125 -2.50445
2.85241 -2.49537
2.85357 -2.48627
2.85474 -2.47717
2.8559 -2.46805
2.85707 -2.45892
2.85823 -2.44979
2.8594 -2.44064
2.86057 -2.43148
2.86174 -2.42231
2.86291 -2.41313
2.86408 -2.40394
2.86525 -2.39474
2.86642 -2.38553
2.8676 -2.37631
2.86877 -2.36707
2.86995 -2.35783
2.87113 -2.34857
2.8723 -2.33931
2.87348 -2.33003
2.87466 -2.32074
2.87584 -2.31144
2.87703 -2.30213
2.87821 -2.29281
2.87939 -2.28348
2.88058 -2.27414
2.88176 -2.26479
2.88295 -2.25542
2.88414 -2.24605
2.88533 -2.23666
2.88652 -2.22727
2.88771 -2.21786
2.8889 -2.20844
2.89009 -2.19901
2.89128 -2.18957
2.89248 -2.18012
2.89368 -2.17065
2.89487 -2.16118
2.89607 -2.15169
2.89727 -2.1422
2.89847 -2.13269
2.89967 -2.12317
2.90087 -2.11364
2.90207 -2.1041
2.90328 -2.09455
2.90448 -2.08498
2.90569 -2.07541
2.90689 -2.06582
2.9081 -2.05622
2.90931 -2.04661
2.91052 -2.03699
2.91173 -2.02736
2.91294 -2.01772
2.91415 -2.00806
2.91537 -1.9984
2.91658 -1.98872
2.9178 -1.97903
2.91901 -1.96933
2.92023 -1.95962
2.92145 -1.9499
2.92267 -1.94016
2.92389 -1.93042
2.92511 -1.92066
2.92633 -1.91089
2.92756 -1.90111
2.92878 -1.89132
2.93001 -1.88152
2.93123 -1.8717
2.93246 -1.86187
2.93369 -1.85204
2.93492 -1.84219
2.93615 -1.83232
2.93738 -1.82245
2.93862 -1.81257
2.93985 -1.80267
2.94109 -1.79276
2.94232 -1.78284
2.94356 -1.77291
2.9448 -1.76296
2.94604 -1.75301
2.94728 -1.74304
2.94852 -1.73306
2.94976 -1.72307
2.951 -1.71307
2.95225 -1.70305
2.95349 -1.69303
2.95474 -1.68299
2.95599 -1.67294
2.95724 -1.66287
2.95849 -1.6528
2.95974 -1.64271
2.96099 -1.63262
2.96224 -1.6225
2.9635 -1.61238
2.96475 -1.60225
2.96601 -1.5921
2.96726 -1.58194
2.96852 -1.57177
2.96978 -1.56159
2.97104 -1.55139
2.9723 -1.54119
2.97357 -1.53097
2.97483 -1.52073
2.97609 -1.51049
2.97736 -1.50023
2.97863 -1.48997
2.97989 -1.47969
2.98116 -1.46939
2.98243 -1.45909
2.9837 -1.44877
2.98498 -1.43844
2.98625 -1.4281
2.98752 -1.41774
2.9888 -1.40738
2.99008 -1.397
2.99135 -1.3866
2.99263 -1.3762
2.99391 -1.36578
2.99519 -1.35535
2.99648 -1.34491
2.99776 -1.33446
2.99904 -1.32399
3.00033 -1.31351
3.00161 -1.30302
3.0029 -1.29252
3.00419 -1.282
3.00548 -1.27147
3.00677 -1.26093
3.00806 -1.25037
3.00936 -1.2398
3.01065 -1.22922
3.01195 -1.21863
3.01324 -1.20802
3.01454 -1.19741
3.01584 -1.18677
3.01714 -1.17613
3.01844 -1.16547
3.01974 -1.1548
3.02104 -1.14412
3.02235 -1.13343
3.02365 -1.12272
3.02496 -1.112
3.02627 -1.10126
3.02758 -1.09051
3.02889 -1.07975
3.0302 -1.06898
3.03151 -1.0582
3.03282 -1.0474
3.03414 -1.03658
3.03545 -1.02576
3.03677 -1.01492
3.03809 -1.00407
3.03941 -0.993204
3.04073 -0.982327
3.04205 -0.971436
3.04337 -0.960532
3.04469 -0.949615
3.04602 -0.938684
3.04734 -0.927741
3.04867 -0.916784
3.05 -0.905814
3.05133 -0.89483
3.05266 -0.883833
3.05399 -0.872823
3.05532 -0.8618
3.05666 -0.850763
3.05799 -0.839713
3.05933 -0.828649
3.06067 -0.817572
3.06201 -0.806482
3.06335 -0.795378
3.06469 -0.784261
3.06603 -0.77313
3.06737 -0.761985
3.06872 -0.750827
3.07006 -0.739656
3.07141 -0.72847
3.07276 -0.717272
3.07411 -0.706059
3.07546 -0.694833
3.07681 -0.683594
3.07816 -0.67234
3.07952 -0.661073
3.08087 -0.649792
3.08223 -0.638498
3.08358 -0.627189
3.08494 -0.615867
3.0863 -0.604531
3.08766 -0.593182
3.08903 -0.581818
3.09039 -0.57044
3.09176 -0.559049
3.09312 -0.547644
3.09449 -0.536225
3.09586 -0.524791
3.09723 -0.513344
3.0986 -0.501883
3.09997 -0.490408
3.10134 -0.478919
3.10272 -0.467415
3.10409 -0.455898
3.10547 -0.444367
3.10685 -0.432821
3.10823 -0.421261
3.10961 -0.409687
3.11099 -0.398099
3.11237 -0.386497
3.11376 -0.374881
3.11514 -0.36325
3.11653 -0.351605
3.11792 -0.339945
3.11931 -0.328272
3.1207 -0.316584
3.12209 -0.304881
3.12348 -0.293165
3.12488 -0.281434
3.12627 -0.269688
3.12767 -0.257928
3.12907 -0.246154
3.13047 -0.234365
3.13187 -0.222561
3.13327 -0.210743
3.13467 -0.198911
3.13608 -0.187064
3.13748 -0.175202
3.13889 -0.163326
3.1403 -0.151435
3.1417 -0.139529
3.14312 -0.127609
3.14453 -0.115674
3.14594 -0.103724
3.14735 -0.0917599
3.14877 -0.0797806
3.15019 -0.0677866
3.15161 -0.0557777
3.15302 -0.043754
3.15445 -0.0317155
3.15587 -0.019662
3.15729 -0.00759368
3.15872 0.0044896
3.16014 0.0165878
3.16157 0.028701
3.163 0.0408292
3.16443 0.0529725
3.16586 0.0651307
3.16729 0.0773041
3.16872 0.0894925
3.17016 0.101696
3.17159 0.113915
3.17303 0.126149
3.17447 0.138398
3.17591 0.150662
3.17735 0.162941
3.17879 0.175236
3.18024 0.187546
3.18168 0.199871
3.18313 0.212212
3.18458 0.224568
3.18603 0.236939
3.18748 0.249326
3.18893 0.261728
3.19038 0.274145
3.19184 0.286578
3.19329 0.299027
3.19475 0.311491
3.19621 0.32397
3.19767 0.336465
3.19913 0.348976
3.20059 0.361502
3.20206 0.374044
3.20352 0.386602
3.20499 0.399175
3.20646 0.411764
3.20793 0.424368
3.2094 0.436989
3.21087 0.449625
3.21234 0.462277
3.21382 0.474944
3.21529 0.487628
3.21677 0.500328
3.21825 0.513043
3.21973 0.525774
3.22121 0.538521
3.22269 0.551285
3.22418 0.564064
3.22566 0.576859
3.22715 0.58967
3.22864 0.602497
3.23013 0.615341
3.23162 0.6282
3.23311 0.641076
3.23461 0.653968
3.2361 0.666876
3.2376 0.6798
3.2391 0.69274
3.2406 0.705697
3.2421 0.71867
3.2436 0.731659
3.2451 0.744665
3.24661 0.757687
3.24811 0.770725
3.24962 0.78378
3.25113 0.796851
3.25264 0.809939
3.25415 0.823043
3.25567 0.836164
3.25718 0.849301
3.2587 0.862455
3.26021 0.875626
3.26173 0.888813
3.26325 0.902016
3.26478 0.915237
3.2663 0.928474
3.26782 0.941728
3.26935 0.954998
3.27088 0.968285
3.27241 0.98159
3.27394 0.994911
3.27547 1.00825
3.277 1.0216
3.27854 1.03497
3.28007 1.04836
3.28161 1.06177
3.28315 1.07519
3.28469 1.08863
3.28623 1.10209
3.28777 1.11556
3.28932 1.12905
3.29086 1.14256
3.29241 1.15608
3.29396 1.16963
3.29551 1.18319
3.29706 1.19676
3.29862 1.21036
3.30017 1.22397
3.30173 1.2376
3.30329 1.25124
3.30485 1.2649
3.30641 1.27858
3.30797 1.29228
3.30953 1.306
3.3111 1.31973
3.31267 1.33348
3.31423 1.34725
3.3158 1.36103
3.31737 1.37484
3.31895 1.38866
3.32052 1.4025
3.3221 1.41635
3.32367 1.43022
3.32525 1.44412
3.32683 1.45803
3.32842 1.47195
3.33 1.4859
3.33158 1.49986
3.33317 1.51384
3.33476 1.52784
3.33635 1.54185
3.33794 1.55589
3.33953 1.56994
3.34112 1.58401
3.34272 1.5981
3.34432 1.6122
3.34591 1.62633
3.34751 1.64047
3.34912 1.65463
3.35072 1.66881
3.35232 1.68301
3.35393 1.69722
3.35554 1.71145
3.35715 1.72571
3.35876 1.73998
3.36037 1.75426
3.36198 1.76857
3.3636 1.7829
3.36521 1.79724
3.36683 1.8116
3.36845 1.82598
3.37007 1.84038
3.3717 1.8548
3.37332 1.86923
3.37495 1.88369
3.37658 1.89816
3.37821 1.91265
3.37984 1.92716
3.38147 1.94169
3.3831 1.95624
3.38474 1.97081
3.38638 1.9854
3.38801 2


1000/T  log10(tauFit)                
=================================
2.28311 -6.5327
2.30947 -6.35173
2.33645 -6.16789
2.36407 -6.00462
2.39234 -5.82525
2.42131 -5.64099
2.45098 -5.44602
2.48139 -5.23587
2.51256 -5.01289
2.54453 -4.79593
2.57732 -4.54965
2.61097 -4.28435
2.6455 -4.03293
2.68097 -3.8016
2.71739 -3.55547


