Raw Data (#.=61)
log.afreq  log.sfreq  log.loss  storage   
==========================================
-0.773248 -1.57143 0.355048 4.5592
-0.630391 -1.42857 0.141864 4.1769
-0.487532 -1.28571 -0.13021 3.9623
-0.344674 -1.14285 -0.319577 3.8398
-0.20182 -1 -0.521446 3.7558
-0.0589614 -0.857141 -0.813765 3.7116
0.083893 -0.714285 -0.893603 3.683
0.226752 -0.571428 -0.924291 3.6569
0.369609 -0.428571 -0.97802 3.6335
0.512468 -0.285712 -1.01656 3.6125
0.655326 -0.142855 -1.01908 3.5926
0.79818 0 -1.00127 3.5721
0.941039 0.142859 -0.993829 3.551
1.08389 0.285715 -0.979401 3.5295
1.22675 0.428572 -0.955008 3.5069
1.36961 0.571429 -0.945634 3.4833
1.51247 0.714288 -0.929398 3.4593
1.65533 0.857145 -0.907452 3.4339
1.79818 1 -0.89767 3.4077
1.94104 1.14286 -0.883789 3.3808
2.08389 1.28571 -0.867181 3.3529
2.22675 1.42857 -0.854067 3.324
2.36961 1.57143 -0.837425 3.2942
2.51247 1.71429 -0.821333 3.2631
2.65533 1.85715 -0.805707 3.231
2.79818 2 -0.787232 3.1975
2.94104 2.14286 -0.768 3.1626
3.08389 2.28571 -0.744502 3.1259
3.22675 2.42857 -0.719806 3.0871
3.36961 2.57143 -0.69461 3.046
3.51247 2.71429 -0.668174 3.0024
3.65533 2.85715 -0.641077 2.956
3.79818 3 -0.615771 2.9067
3.94104 3.14286 -0.593091 2.8546
4.08389 3.28571 -0.573614 2.7999
4.22675 3.42857 -0.55929 2.743
4.36961 3.57143 -0.550746 2.6846
4.51247 3.71429 -0.547557 2.6254
4.65533 3.85715 -0.548915 2.5661
4.79818 4 -0.559971 2.5075
4.94104 4.14286 -0.575037 2.4509
5.08389 4.28571 -0.593724 2.3962
5.22675 4.42857 -0.62186 2.3445
5.36961 4.57143 -0.653046 2.2962
5.51247 4.71429 -0.68991 2.2515
5.65533 4.85715 -0.721285 2.2104
5.79818 5 -0.757525 2.172
5.94104 5.14286 -0.804863 2.1374
6.08389 5.28571 -0.8378 2.1059
6.22675 5.42857 -0.875547 2.0766
6.36961 5.57143 -0.93156 2.0504
6.51247 5.71429 -0.956494 2.0269
6.65533 5.85715 -1.04699 2.0051
6.79818 6 -1.14262 1.9891
6.94104 6.14286 -1.10907 1.9733
7.08389 6.28571 -1.14899 1.9574
7.22675 6.42857 -1.49032 1.9458
7.36961 6.57143 -1.46042 1.941
7.51247 6.71429 -3.37862 1.9339
7.65533 6.85715 -1.39651 1.9415
7.79818 7 -1.78901 1.944


Cubic Spline Interpolation (Global Range)
log.afreq  log.sfreq  f  df  d2f         
=========================================
-0.773248 -1.57143 0.355048 -1.14087 -4.91983
-0.764677 -1.56286 0.345088 -1.18304 -4.91983
-0.756105 -1.55429 0.334767 -1.22521 -4.91983
-0.747534 -1.54571 0.324085 -1.26738 -4.91983
-0.738962 -1.53714 0.313041 -1.30955 -4.91983
-0.730391 -1.52857 0.301635 -1.35172 -4.91983
-0.721819 -1.52 0.289868 -1.39389 -4.91983
-0.713248 -1.51143 0.27774 -1.43606 -4.91983
-0.704677 -1.50286 0.26525 -1.47823 -4.91983
-0.696105 -1.49429 0.252399 -1.5204 -4.91983
-0.687534 -1.48571 0.239186 -1.56257 -4.91983
-0.678962 -1.47714 0.225612 -1.60474 -4.91983
-0.670391 -1.46857 0.211676 -1.64691 -4.91983
-0.661819 -1.46 0.197379 -1.68908 -4.91983
-0.653248 -1.45143 0.182721 -1.73125 -4.91983
-0.644677 -1.44286 0.1677 -1.77342 -4.91983
-0.636105 -1.43429 0.152319 -1.81559 -4.91983
-0.627534 -1.42571 0.136576 -1.85741 -4.67569
-0.618962 -1.41714 0.120493 -1.89435 -3.94332
-0.610391 -1.40857 0.10412 -1.92501 -3.21094
-0.601819 -1.4 0.0875106 -1.9494 -2.47857
-0.593248 -1.39143 0.0707194 -1.9675 -1.74619
-0.584677 -1.38286 0.0537999 -1.97933 -1.01382
-0.576105 -1.37429 0.0368059 -1.98488 -0.281441
-0.567534 -1.36571 0.0197913 -1.98416 0.450935
-0.558962 -1.35714 0.00280976 -1.97715 1.18331
-0.550391 -1.34857 -0.0140848 -1.96387 1.91569
-0.541819 -1.34 -0.0308387 -1.94431 2.64806
-0.533248 -1.33143 -0.0473979 -1.91848 3.38044
-0.524677 -1.32286 -0.0637089 -1.88636 4.11281
-0.516105 -1.31429 -0.0797176 -1.84797 4.84519
-0.507534 -1.30571 -0.0953704 -1.8033 5.57756
-0.498962 -1.29714 -0.110613 -1.75235 6.30994
-0.490391 -1.28857 -0.125393 -1.69513 7.04231
-0.481819 -1.28 -0.139659 -1.63385 6.99876
-0.473248 -1.27143 -0.153412 -1.57571 6.56687
-0.464677 -1.26286 -0.166682 -1.52127 6.13498
-0.456105 -1.25429 -0.179501 -1.47054 5.70309
-0.447534 -1.24571 -0.191902 -1.4235 5.2712
-0.438962 -1.23714 -0.203915 -1.38017 4.83931
-0.430391 -1.22857 -0.215572 -1.34054 4.40742
-0.421819 -1.22 -0.226906 -1.30462 3.97553
-0.413248 -1.21143 -0.237948 -1.27239 3.54364
-0.404677 -1.20286 -0.248729 -1.24387 3.11175
-0.396105 -1.19429 -0.259282 -1.21905 2.67987
-0.387534 -1.18571 -0.269638 -1.19793 2.24798
-0.378962 -1.17714 -0.279828 -1.18051 1.81609
-0.370391 -1.16857 -0.289885 -1.1668 1.3842
-0.361819 -1.16 -0.299841 -1.15678 0.952309
-0.353248 -1.15143 -0.309727 -1.15047 0.52042
-0.344677 -1.14286 -0.319574 -1.14786 0.0885314
-0.336105 -1.13429 -0.329418 -1.15003 -0.595772
-0.327534 -1.12571 -0.339306 -1.15807 -1.28015
-0.318962 -1.11714 -0.349287 -1.17198 -1.96453
-0.310391 -1.10857 -0.359413 -1.19175 -2.64892
-0.30182 -1.1 -0.369734 -1.21739 -3.3333
-0.293248 -1.09143 -0.3803 -1.24889 -4.01768
-0.284677 -1.08286 -0.39116 -1.28626 -4.70206
-0.276105 -1.07429 -0.402367 -1.3295 -5.38644
-0.267534 -1.06571 -0.413969 -1.3786 -6.07082
-0.258962 -1.05714 -0.426017 -1.43357 -6.7552
-0.250391 -1.04857 -0.438561 -1.49441 -7.43958
-0.24182 -1.04 -0.451652 -1.56111 -8.12396
-0.233248 -1.03143 -0.46534 -1.63367 -8.80834
-0.224677 -1.02286 -0.479674 -1.71211 -9.49273
-0.216105 -1.01429 -0.494707 -1.79641 -10.1771
-0.207534 -1.00571 -0.510487 -1.88657 -10.8615
-0.198962 -0.997142 -0.527064 -1.98142 -10.7194
-0.190391 -0.988571 -0.544419 -2.06561 -8.92485
-0.18182 -0.979999 -0.56243 -2.13442 -7.13028
-0.173248 -0.971428 -0.580965 -2.18785 -5.33572
-0.164677 -0.962857 -0.599892 -2.22589 -3.54115
-0.156105 -0.954285 -0.619079 -2.24855 -1.74659
-0.147534 -0.945714 -0.638395 -2.25583 0.0479746
-0.138962 -0.937142 -0.657707 -2.24773 1.84254
-0.130391 -0.928571 -0.676883 -2.22424 3.6371
-0.12182 -0.919999 -0.695793 -2.18538 5.43167
-0.113248 -0.911428 -0.714303 -2.13113 7.22623
-0.104677 -0.902857 -0.732282 -2.0615 9.0208
-0.0961052 -0.894285 -0.749599 -1.97649 10.8154
-0.0875338 -0.885714 -0.766121 -1.87609 12.6099
-0.0789624 -0.877142 -0.781717 -1.76032 14.4045
-0.0703909 -0.868571 -0.796254 -1.62916 16.1991
-0.0618195 -0.859999 -0.809601 -1.48262 17.9936
-0.0532481 -0.851428 -0.821637 -1.32631 17.8253
-0.0446767 -0.842857 -0.832365 -1.17845 16.6748
-0.0361052 -0.834285 -0.841867 -1.04045 15.5243
-0.0275338 -0.825714 -0.850229 -0.912317 14.3738
-0.0189624 -0.817142 -0.857535 -0.794044 13.2233
-0.0103909 -0.808571 -0.86387 -0.685632 12.0728
-0.00181951 -0.799999 -0.869317 -0.587082 10.9223
0.00675192 -0.791428 -0.873962 -0.498393 9.77181
0.0153233 -0.782857 -0.877889 -0.419565 8.62131
0.0238948 -0.774285 -0.881183 -0.350599 7.47082
0.0324662 -0.765714 -0.883928 -0.291494 6.32032
0.0410376 -0.757142 -0.886208 -0.24225 5.16983
0.0496091 -0.748571 -0.888109 -0.202868 4.01933
0.0581805 -0.739999 -0.889714 -0.173347 2.86884
0.0667519 -0.731428 -0.891108 -0.153688 1.71834
0.0753233 -0.722857 -0.892377 -0.14389 0.567846
0.0838948 -0.714285 -0.893603 -0.143953 -0.582427
0.0924662 -0.705714 -0.894859 -0.149262 -0.656158
0.101038 -0.697142 -0.896164 -0.155202 -0.72989
0.109609 -0.688571 -0.897522 -0.161774 -0.803622
0.11818 -0.679999 -0.898939 -0.168978 -0.877354
0.126752 -0.671428 -0.90042 -0.176814 -0.951085
0.135323 -0.662857 -0.901972 -0.185283 -1.02482
0.143895 -0.654285 -0.903599 -0.194383 -1.09855
0.152466 -0.645714 -0.905306 -0.204115 -1.17228
0.161038 -0.637142 -0.907099 -0.214479 -1.24601
0.169609 -0.628571 -0.908984 -0.225475 -1.31974
0.17818 -0.619999 -0.910967 -0.237103 -1.39348
0.186752 -0.611428 -0.913051 -0.249363 -1.46721
0.195323 -0.602857 -0.915243 -0.262255 -1.54094
0.203895 -0.594285 -0.917549 -0.275779 -1.61467
0.212466 -0.585714 -0.919973 -0.289935 -1.6884
0.221038 -0.577142 -0.922521 -0.304723 -1.76213
0.229609 -0.568571 -0.925198 -0.320026 -1.754
0.23818 -0.559999 -0.928004 -0.334324 -1.58211
0.246752 -0.551428 -0.930925 -0.347148 -1.41023
0.255323 -0.542857 -0.93395 -0.358499 -1.23835
0.263895 -0.534285 -0.937067 -0.368377 -1.06646
0.272466 -0.525714 -0.940261 -0.376782 -0.894579
0.281038 -0.517142 -0.943522 -0.383713 -0.722695
0.289609 -0.508571 -0.946835 -0.389171 -0.550811
0.29818 -0.499999 -0.950189 -0.393155 -0.378928
0.306752 -0.491428 -0.953571 -0.395667 -0.207044
0.315323 -0.482857 -0.956967 -0.396705 -0.0351603
0.323895 -0.474285 -0.960367 -0.396269 0.136723
0.332466 -0.465714 -0.963756 -0.394361 0.308607
0.341038 -0.457142 -0.967123 -0.390979 0.480491
0.349609 -0.448571 -0.970455 -0.386124 0.652374
0.35818 -0.439999 -0.973738 -0.379795 0.824258
0.366752 -0.431428 -0.976961 -0.371994 0.996142
0.375323 -0.422857 -0.980112 -0.362931 1.09382
0.383895 -0.414285 -0.983181 -0.353296 1.15438
0.392466 -0.405714 -0.986167 -0.343141 1.21495
0.401038 -0.397142 -0.989062 -0.332468 1.27552
0.409609 -0.388571 -0.991865 -0.321275 1.33609
0.41818 -0.379999 -0.994568 -0.309563 1.39666
0.426752 -0.371428 -0.99717 -0.297332 1.45723
0.435323 -0.362857 -0.999664 -0.284582 1.5178
0.443895 -0.354285 -1.00205 -0.271313 1.57837
0.452466 -0.345714 -1.00431 -0.257525 1.63893
0.461038 -0.337142 -1.00646 -0.243217 1.6995
0.469609 -0.328571 -1.00848 -0.22839 1.76007
0.47818 -0.319999 -1.01037 -0.213044 1.82064
0.486752 -0.311428 -1.01213 -0.197179 1.88121
0.495323 -0.302857 -1.01375 -0.180795 1.94178
0.503895 -0.294285 -1.01523 -0.163892 2.00235
0.512466 -0.285714 -1.01656 -0.146469 2.06292
0.521038 -0.277142 -1.01774 -0.128987 2.01627
0.529609 -0.268571 -1.01877 -0.111905 1.9696
0.53818 -0.259999 -1.01966 -0.0952223 1.92293
0.546752 -0.251428 -1.02041 -0.0789401 1.87625
0.555323 -0.242857 -1.02101 -0.0630579 1.82958
0.563895 -0.234285 -1.02149 -0.0475758 1.78291
0.572466 -0.225714 -1.02183 -0.0324937 1.73624
0.581038 -0.217142 -1.02205 -0.0178117 1.68957
0.589609 -0.208571 -1.02214 -0.00352964 1.6429
0.59818 -0.199999 -1.02211 0.0103523 1.59623
0.606752 -0.191428 -1.02196 0.0238343 1.54956
0.615323 -0.182857 -1.0217 0.0369162 1.50289
0.623895 -0.174285 -1.02133 0.049598 1.45622
0.632466 -0.165714 -1.02085 0.0618799 1.40954
0.641038 -0.157142 -1.02027 0.0737616 1.36287
0.649609 -0.148571 -1.01959 0.0852434 1.3162
0.65818 -0.139999 -1.01881 0.0962756 1.23487
0.666752 -0.131428 -1.01794 0.106214 1.08413
0.675323 -0.122857 -1.01699 0.114861 0.933385
0.683895 -0.114285 -1.01598 0.122215 0.782642
0.692466 -0.105714 -1.0149 0.128277 0.631898
0.701038 -0.0971423 -1.01378 0.133048 0.481154
0.709609 -0.0885709 -1.01262 0.136526 0.330411
0.71818 -0.0799994 -1.01144 0.138712 0.179667
0.726752 -0.071428 -1.01025 0.139606 0.0289232
0.735323 -0.0628566 -1.00905 0.139208 -0.12182
0.743895 -0.0542852 -1.00787 0.137517 -0.272564
0.752466 -0.0457137 -1.0067 0.134535 -0.423308
0.761038 -0.0371423 -1.00557 0.130261 -0.574051
0.769609 -0.0285709 -1.00447 0.124694 -0.724795
0.77818 -0.0199994 -1.00343 0.117836 -0.875539
0.786752 -0.011428 -1.00246 0.109685 -1.02628
0.795323 -0.00285659 -1.00155 0.100242 -1.17703
0.803895 0.00571484 -1.00074 0.0900008 -1.15509
0.812466 0.0142863 -1.00001 0.0805641 -1.04682
0.821038 0.0228577 -0.999356 0.0720553 -0.938562
0.829609 0.0314291 -0.998771 0.0644745 -0.8303
0.83818 0.0400006 -0.998248 0.0578216 -0.722038
0.846752 0.048572 -0.997777 0.0520967 -0.613776
0.855323 0.0571434 -0.997352 0.0472997 -0.505514
0.863895 0.0657148 -0.996964 0.0434307 -0.397252
0.872466 0.0742863 -0.996605 0.0404897 -0.28899
0.881038 0.0828577 -0.996267 0.0384766 -0.180728
0.889609 0.0914291 -0.995943 0.0373915 -0.072466
0.89818 0.100001 -0.995623 0.0372343 0.0357959
0.906752 0.108572 -0.995302 0.0380051 0.144058
0.915323 0.117143 -0.994969 0.0397039 0.25232
0.923895 0.125715 -0.994618 0.0423306 0.360582
0.932466 0.134286 -0.994241 0.0458853 0.468844
0.941038 0.142858 -0.993829 0.0503679 0.577106
0.949609 0.151429 -0.993376 0.0554163 0.600827
0.95818 0.160001 -0.992878 0.0606678 0.624534
0.966752 0.168572 -0.992335 0.0661226 0.648242
0.975323 0.177143 -0.991744 0.0717805 0.671949
0.983895 0.185715 -0.991104 0.0776417 0.695656
0.992466 0.194286 -0.990413 0.0837061 0.719364
1.00104 0.202858 -0.989669 0.0899737 0.743071
1.00961 0.211429 -0.98887 0.0964444 0.766779
1.01818 0.220001 -0.988015 0.103118 0.790486
1.02675 0.228572 -0.987101 0.109996 0.814193
1.03532 0.237143 -0.986128 0.117076 0.837901
1.04389 0.245715 -0.985094 0.12436 0.861608
1.05247 0.254286 -0.983996 0.131846 0.885316
1.06104 0.262858 -0.982833 0.139536 0.909023
1.06961 0.271429 -0.981603 0.14743 0.93273
1.07818 0.280001 -0.980305 0.155526 0.956438
1.08675 0.288572 -0.978937 0.163743 0.922033
1.09532 0.297143 -0.977501 0.171001 0.771511
1.10389 0.305715 -0.976009 0.176969 0.620989
1.11247 0.314286 -0.974471 0.181646 0.470466
1.12104 0.322858 -0.972899 0.185034 0.319944
1.12961 0.331429 -0.971303 0.187131 0.169421
1.13818 0.340001 -0.969694 0.187938 0.0188989
1.14675 0.348572 -0.968085 0.187455 -0.131623
1.15532 0.357143 -0.966485 0.185682 -0.282146
1.16389 0.365715 -0.964905 0.182618 -0.432668
1.17247 0.374286 -0.963358 0.178265 -0.583191
1.18104 0.382858 -0.961853 0.172621 -0.733713
1.18961 0.391429 -0.960402 0.165687 -0.884236
1.19818 0.400001 -0.959016 0.157462 -1.03476
1.20675 0.408572 -0.957707 0.147948 -1.18528
1.21532 0.417143 -0.956484 0.137143 -1.3358
1.22389 0.425715 -0.955359 0.125048 -1.48633
1.23247 0.434286 -0.954343 0.112212 -1.44471
1.24104 0.442858 -0.953432 0.100419 -1.30702
1.24961 0.451429 -0.952618 0.0898062 -1.16933
1.25818 0.460001 -0.951889 0.0803735 -1.03165
1.26675 0.468572 -0.951237 0.0721209 -0.893958
1.27532 0.477143 -0.95065 0.0650485 -0.756269
1.28389 0.485715 -0.950118 0.0591563 -0.618581
1.29247 0.494286 -0.949632 0.0544442 -0.480892
1.30104 0.502858 -0.949181 0.0509124 -0.343204
1.30961 0.511429 -0.948756 0.0485607 -0.205515
1.31818 0.520001 -0.948346 0.0473893 -0.067827
1.32675 0.528572 -0.94794 0.047398 0.0698614
1.33532 0.537143 -0.94753 0.0485869 0.20755
1.34389 0.545715 -0.947104 0.050956 0.345238
1.35247 0.554286 -0.946653 0.0545053 0.482927
1.36104 0.562858 -0.946166 0.0592347 0.620615
1.36961 0.571429 -0.945634 0.0651444 0.758304
1.37818 0.580001 -0.945048 0.071583 0.744043
1.38675 0.588572 -0.944407 0.0778994 0.729782
1.39532 0.597143 -0.943713 0.0840936 0.715522
1.40389 0.605715 -0.942966 0.0901655 0.701261
1.41247 0.614286 -0.942168 0.0961152 0.687001
1.42104 0.622858 -0.941319 0.101943 0.67274
1.42961 0.631429 -0.94042 0.107648 0.658479
1.43818 0.640001 -0.939474 0.113231 0.644219
1.44675 0.648572 -0.93848 0.118692 0.629958
1.45532 0.657143 -0.937439 0.12403 0.615698
1.46389 0.665715 -0.936354 0.129246 0.601437
1.47247 0.674286 -0.935224 0.134341 0.587177
1.48104 0.682858 -0.934051 0.139312 0.572916
1.48961 0.691429 -0.932836 0.144162 0.558655
1.49818 0.700001 -0.93158 0.148889 0.544395
1.50675 0.708572 -0.930284 0.153494 0.530134
1.51532 0.717143 -0.928949 0.157936 0.486993
1.52389 0.725715 -0.927579 0.161678 0.386032
1.53247 0.734286 -0.92618 0.164554 0.285072
1.54104 0.742858 -0.92476 0.166565 0.184111
1.54961 0.751429 -0.923327 0.16771 0.0831509
1.55818 0.76 -0.921888 0.16799 -0.0178095
1.56675 0.768572 -0.92045 0.167405 -0.11877
1.57532 0.777143 -0.91902 0.165954 -0.21973
1.58389 0.785715 -0.917607 0.163638 -0.320691
1.59247 0.794286 -0.916218 0.160456 -0.421651
1.60104 0.802858 -0.914859 0.15641 -0.522612
1.60961 0.811429 -0.913539 0.151497 -0.623572
1.61818 0.82 -0.912264 0.14572 -0.724532
1.62675 0.828572 -0.911043 0.139077 -0.825493
1.63532 0.837143 -0.909883 0.131568 -0.926453
1.64389 0.845715 -0.90879 0.123195 -1.02741
1.65247 0.854286 -0.907773 0.113956 -1.12837
1.66104 0.862858 -0.906838 0.104239 -1.09355
1.66961 0.871429 -0.905984 0.0953063 -0.990735
1.67818 0.88 -0.905202 0.0872549 -0.887921
1.68675 0.888572 -0.904486 0.0800848 -0.785107
1.69532 0.897143 -0.903827 0.0737959 -0.682293
1.70389 0.905715 -0.903218 0.0683883 -0.579479
1.71247 0.914286 -0.902652 0.063862 -0.476664
1.72104 0.922858 -0.902121 0.0602169 -0.37385
1.72961 0.931429 -0.901617 0.0574531 -0.271036
1.73818 0.94 -0.901133 0.0555706 -0.168222
1.74675 0.948572 -0.900662 0.0545693 -0.0654078
1.75532 0.957143 -0.900195 0.0544493 0.0374064
1.76389 0.965715 -0.899726 0.0552106 0.140221
1.77247 0.974286 -0.899246 0.0568531 0.243035
1.78104 0.982858 -0.898749 0.0593769 0.345849
1.78961 0.991429 -0.898226 0.0627819 0.448663
1.79818 1 -0.89767 0.0670683 0.551471
1.80675 1.00857 -0.897075 0.0716948 0.528052
1.81532 1.01714 -0.896441 0.0761206 0.504632
1.82389 1.02571 -0.895771 0.0803456 0.481213
1.83247 1.03429 -0.895065 0.0843699 0.457793
1.84104 1.04286 -0.894325 0.0881935 0.434374
1.84961 1.05143 -0.893553 0.0918163 0.410954
1.85818 1.06 -0.892752 0.0952384 0.387535
1.86675 1.06857 -0.891921 0.0984598 0.364115
1.87532 1.07714 -0.891064 0.10148 0.340696
1.88389 1.08571 -0.890182 0.1043 0.317277
1.89247 1.09429 -0.889277 0.106919 0.293857
1.90104 1.10286 -0.88835 0.109338 0.270438
1.90961 1.11143 -0.887403 0.111556 0.247018
1.91818 1.12 -0.886438 0.113572 0.223599
1.92675 1.12857 -0.885457 0.115389 0.200179
1.93532 1.13714 -0.884461 0.117004 0.17676
1.94389 1.14571 -0.883451 0.118414 0.150042
1.95247 1.15429 -0.882431 0.119557 0.116724
1.96104 1.16286 -0.881403 0.120415 0.0834047
1.96961 1.17143 -0.880368 0.120987 0.0500858
1.97818 1.18 -0.879329 0.121274 0.016767
1.98675 1.18857 -0.87829 0.121275 -0.0165518
1.99532 1.19714 -0.877251 0.12099 -0.0498707
2.00389 1.20571 -0.876216 0.12042 -0.0831895
2.01247 1.21429 -0.875188 0.119564 -0.116508
2.02104 1.22286 -0.874168 0.118422 -0.149827
2.02961 1.23143 -0.873159 0.116995 -0.183146
2.03818 1.24 -0.872163 0.115283 -0.216465
2.04675 1.24857 -0.871183 0.113285 -0.249784
2.05532 1.25714 -0.870222 0.111001 -0.283103
2.06389 1.26571 -0.869281 0.108431 -0.316421
2.07247 1.27429 -0.868364 0.105576 -0.34974
2.08104 1.28286 -0.867472 0.102436 -0.383059
2.08961 1.29143 -0.866608 0.0991626 -0.36286
2.09818 1.3 -0.865771 0.0962535 -0.315926
2.10675 1.30857 -0.864957 0.0937467 -0.268991
2.11532 1.31714 -0.864163 0.0916422 -0.222057
2.12389 1.32571 -0.863385 0.08994 -0.175123
2.13247 1.33429 -0.86262 0.0886401 -0.128188
2.14104 1.34286 -0.861864 0.0877425 -0.0812541
2.14961 1.35143 -0.861114 0.0872472 -0.0343197
2.15818 1.36 -0.860367 0.0871542 0.0126146
2.16675 1.36857 -0.859619 0.0874635 0.0595489
2.17532 1.37714 -0.858867 0.088175 0.106483
2.18389 1.38571 -0.858106 0.0892889 0.153418
2.19247 1.39429 -0.857335 0.090805 0.200352
2.20104 1.40286 -0.856549 0.0927235 0.247286
2.20961 1.41143 -0.855744 0.0950442 0.294221
2.21818 1.42 -0.854918 0.0977673 0.341155
2.22675 1.42857 -0.854067 0.100893 0.388089
2.23532 1.43714 -0.853188 0.104088 0.35755
2.24389 1.44571 -0.852283 0.107022 0.32701
2.25247 1.45429 -0.851354 0.109694 0.296469
2.26104 1.46286 -0.850404 0.112104 0.265928
2.26961 1.47143 -0.849433 0.114253 0.235388
2.27818 1.48 -0.848446 0.11614 0.204847
2.28675 1.48857 -0.847443 0.117765 0.174307
2.29532 1.49714 -0.846428 0.119128 0.143766
2.30389 1.50571 -0.845402 0.120229 0.113226
2.31247 1.51429 -0.844367 0.121069 0.082685
2.32104 1.52286 -0.843327 0.121647 0.0521445
2.32961 1.53143 -0.842283 0.121963 0.0216039
2.33818 1.54 -0.841237 0.122017 -0.00893664
2.34675 1.54857 -0.840192 0.121809 -0.0394772
2.35532 1.55714 -0.83915 0.12134 -0.0700178
2.36389 1.56571 -0.838112 0.120609 -0.100558
2.37247 1.57429 -0.837083 0.119632 -0.119824
2.38104 1.58286 -0.836062 0.118619 -0.11654
2.38961 1.59143 -0.835049 0.117635 -0.113255
2.39818 1.6 -0.834045 0.116678 -0.109971
2.40675 1.60857 -0.833049 0.115749 -0.106686
2.41532 1.61714 -0.832061 0.114849 -0.103402
2.42389 1.62571 -0.83108 0.113977 -0.100117
2.43247 1.63429 -0.830107 0.113133 -0.0968328
2.44104 1.64286 -0.82914 0.112317 -0.0935483
2.44961 1.65143 -0.828181 0.111529 -0.0902639
2.45818 1.66 -0.827228 0.110769 -0.0869794
2.46675 1.66857 -0.826282 0.110038 -0.0836949
2.47532 1.67714 -0.825342 0.109335 -0.0804105
2.48389 1.68571 -0.824408 0.108659 -0.077126
2.49247 1.69429 -0.823479 0.108012 -0.0738415
2.50104 1.70286 -0.822556 0.107394 -0.0705571
2.50961 1.71143 -0.821638 0.106803 -0.0672726
2.51818 1.72 -0.820725 0.10627 -0.0535879
2.52675 1.72857 -0.819816 0.105892 -0.0346978
2.53532 1.73714 -0.818909 0.105675 -0.0158077
2.54389 1.74571 -0.818004 0.105621 0.00308241
2.55247 1.75429 -0.817098 0.105728 0.0219725
2.56104 1.76286 -0.816191 0.105997 0.0408626
2.56961 1.77143 -0.815281 0.106429 0.0597527
2.57818 1.78 -0.814366 0.107022 0.0786428
2.58675 1.78857 -0.813445 0.107777 0.0975329
2.59532 1.79714 -0.812518 0.108694 0.116423
2.60389 1.80571 -0.811582 0.109773 0.135313
2.61247 1.81429 -0.810636 0.111013 0.154203
2.62104 1.82286 -0.809678 0.112416 0.173093
2.62961 1.83143 -0.808708 0.113981 0.191983
2.63818 1.84 -0.807724 0.115707 0.210873
2.64675 1.84857 -0.806724 0.117596 0.229763
2.65532 1.85714 -0.805707 0.119646 0.248654
2.66389 1.86571 -0.804673 0.12169 0.228304
2.67247 1.87429 -0.803622 0.12356 0.207942
2.68104 1.88286 -0.802555 0.125255 0.18758
2.68961 1.89143 -0.801475 0.126775 0.167218
2.69818 1.9 -0.800382 0.128121 0.146855
2.70675 1.90857 -0.799279 0.129293 0.126493
2.71532 1.91714 -0.798166 0.13029 0.106131
2.72389 1.92571 -0.797046 0.131112 0.085769
2.73247 1.93429 -0.795919 0.13176 0.0654068
2.74104 1.94286 -0.794788 0.132234 0.0450447
2.74961 1.95143 -0.793653 0.132532 0.0246825
2.75818 1.96 -0.792516 0.132657 0.00432039
2.76675 1.96857 -0.791379 0.132607 -0.0160418
2.77532 1.97714 -0.790244 0.132382 -0.0364039
2.78389 1.98571 -0.78911 0.131982 -0.0567661
2.79247 1.99429 -0.787982 0.131409 -0.0771282
2.80104 2.00286 -0.786858 0.130682 -0.0821567
2.80961 2.01143 -0.785741 0.130088 -0.0565242
2.81818 2.02 -0.784628 0.129713 -0.0308916
2.82675 2.02857 -0.783517 0.129558 -0.00525901
2.83532 2.03714 -0.782406 0.129623 0.0203736
2.84389 2.04571 -0.781294 0.129908 0.0460061
2.85247 2.05429 -0.780178 0.130412 0.0716387
2.86104 2.06286 -0.779058 0.131136 0.0972713
2.86961 2.07143 -0.77793 0.132079 0.122904
2.87818 2.08 -0.776793 0.133243 0.148536
2.88675 2.08857 -0.775645 0.134626 0.174169
2.89532 2.09714 -0.774484 0.136228 0.199802
2.90389 2.10571 -0.773309 0.138051 0.225434
2.91247 2.11429 -0.772117 0.140093 0.251067
2.92104 2.12286 -0.770907 0.142355 0.276699
2.92961 2.13143 -0.769676 0.144836 0.302332
2.93818 2.14 -0.768423 0.147538 0.327964
2.94675 2.14857 -0.767146 0.150371 0.323019
2.95532 2.15714 -0.765846 0.153053 0.302773
2.96389 2.16571 -0.764523 0.155562 0.282527
2.97247 2.17429 -0.76318 0.157896 0.262281
2.98104 2.18286 -0.761817 0.160058 0.242035
2.98961 2.19143 -0.760436 0.162046 0.221789
2.99818 2.2 -0.759039 0.16386 0.201543
3.00675 2.20857 -0.757628 0.165501 0.181297
3.01532 2.21714 -0.756203 0.166968 0.161051
3.02389 2.22571 -0.754766 0.168262 0.140805
3.03247 2.23429 -0.753319 0.169382 0.120559
3.04104 2.24286 -0.751863 0.170328 0.100313
3.04961 2.25143 -0.750399 0.171101 0.0800668
3.05818 2.26 -0.74893 0.171701 0.0598207
3.06675 2.26857 -0.747456 0.172127 0.0395747
3.07532 2.27714 -0.74598 0.172379 0.0193286
3.08389 2.28571 -0.744502 0.172458 -0.000913249
3.09247 2.29429 -0.743024 0.172455 0.000288362
3.10104 2.30286 -0.741545 0.172463 0.00148997
3.10961 2.31143 -0.740067 0.172481 0.00269158
3.11818 2.32 -0.738588 0.172509 0.00389319
3.12675 2.32857 -0.73711 0.172548 0.0050948
3.13532 2.33714 -0.73563 0.172597 0.00629642
3.14389 2.34571 -0.734151 0.172656 0.00749803
3.15247 2.35429 -0.732671 0.172725 0.00869964
3.16104 2.36286 -0.73119 0.172805 0.00990125
3.16961 2.37143 -0.729708 0.172895 0.0111029
3.17818 2.38 -0.728226 0.172995 0.0123045
3.18675 2.38857 -0.726743 0.173106 0.0135061
3.19532 2.39714 -0.725258 0.173227 0.0147077
3.20389 2.40571 -0.723773 0.173358 0.0159093
3.21247 2.41429 -0.722286 0.173499 0.0171109
3.22104 2.42286 -0.720799 0.173651 0.0183125
3.22961 2.43143 -0.71931 0.173814 0.0201625
3.23818 2.44 -0.717819 0.174001 0.0233093
3.24675 2.44857 -0.716327 0.174214 0.0264561
3.25532 2.45714 -0.714832 0.174454 0.0296029
3.26389 2.46571 -0.713336 0.174721 0.0327497
3.27247 2.47429 -0.711837 0.175016 0.0358965
3.28104 2.48286 -0.710335 0.175337 0.0390433
3.28961 2.49143 -0.708831 0.175685 0.0421902
3.29818 2.5 -0.707324 0.17606 0.045337
3.30675 2.50857 -0.705813 0.176462 0.0484838
3.31532 2.51714 -0.704299 0.176891 0.0516306
3.32389 2.52571 -0.70278 0.177347 0.0547774
3.33247 2.53429 -0.701258 0.17783 0.0579242
3.34104 2.54286 -0.699732 0.17834 0.061071
3.34961 2.55143 -0.698201 0.178877 0.0642178
3.35818 2.56 -0.696665 0.179441 0.0673646
3.36675 2.56857 -0.695125 0.180032 0.0705114
3.37532 2.57714 -0.693579 0.180642 0.0710617
3.38389 2.58571 -0.692028 0.181248 0.0703138
3.39247 2.59429 -0.690472 0.181848 0.0695658
3.40104 2.60286 -0.688911 0.182441 0.0688178
3.40961 2.61143 -0.687344 0.183027 0.0680698
3.41818 2.62 -0.685773 0.183608 0.0673218
3.42675 2.62857 -0.684197 0.184182 0.0665739
3.43532 2.63714 -0.682616 0.184749 0.0658259
3.44389 2.64571 -0.68103 0.18531 0.0650779
3.45247 2.65429 -0.679439 0.185865 0.0643299
3.46104 2.66286 -0.677843 0.186413 0.0635819
3.46961 2.67143 -0.676243 0.186955 0.062834
3.47818 2.68 -0.674638 0.18749 0.062086
3.48675 2.68857 -0.673029 0.188019 0.061338
3.49532 2.69714 -0.671415 0.188541 0.06059
3.50389 2.70571 -0.669797 0.189058 0.059842
3.51247 2.71429 -0.668174 0.189567 0.059094
3.52104 2.72286 -0.666547 0.190029 0.0487376
3.52961 2.73143 -0.664917 0.190403 0.0383789
3.53818 2.74 -0.663284 0.190687 0.0280203
3.54675 2.74857 -0.661648 0.190883 0.0176617
3.55532 2.75714 -0.660012 0.19099 0.00730301
3.56389 2.76571 -0.658374 0.191008 -0.00305563
3.57247 2.77429 -0.656737 0.190938 -0.0134143
3.58104 2.78286 -0.655101 0.190778 -0.0237729
3.58961 2.79143 -0.653467 0.19053 -0.0341315
3.59818 2.8 -0.651835 0.190193 -0.0444902
3.60675 2.80857 -0.650207 0.189768 -0.0548488
3.61532 2.81714 -0.648583 0.189253 -0.0652075
3.62389 2.82571 -0.646963 0.18865 -0.0755661
3.63247 2.83429 -0.645349 0.187958 -0.0859247
3.64104 2.84286 -0.643741 0.187177 -0.0962834
3.64961 2.85143 -0.64214 0.186307 -0.106642
3.65818 2.86 -0.640547 0.185353 -0.113905
3.66675 2.86857 -0.638963 0.184372 -0.114966
3.67532 2.87714 -0.637387 0.183382 -0.116027
3.68389 2.88571 -0.635819 0.182383 -0.117088
3.69247 2.89429 -0.63426 0.181375 -0.11815
3.70104 2.90286 -0.63271 0.180358 -0.119211
3.70961 2.91143 -0.631168 0.179331 -0.120272
3.71818 2.92 -0.629636 0.178296 -0.121333
3.72675 2.92857 -0.628112 0.177251 -0.122395
3.73532 2.93714 -0.626597 0.176198 -0.123456
3.74389 2.94571 -0.625091 0.175135 -0.124517
3.75247 2.95429 -0.623595 0.174063 -0.125579
3.76104 2.96286 -0.622108 0.172982 -0.12664
3.76961 2.97143 -0.62063 0.171892 -0.127701
3.77818 2.98 -0.619161 0.170793 -0.128762
3.78675 2.98857 -0.617702 0.169685 -0.129824
3.79532 2.99714 -0.616252 0.168567 -0.130885
3.80389 3.00571 -0.614812 0.167443 -0.131341
3.81247 3.01429 -0.613382 0.166316 -0.131494
3.82104 3.02286 -0.611961 0.165189 -0.131647
3.82961 3.03143 -0.61055 0.16406 -0.1318
3.83818 3.04 -0.609148 0.162929 -0.131954
3.84675 3.04857 -0.607757 0.161797 -0.132107
3.85532 3.05714 -0.606375 0.160664 -0.13226
3.86389 3.06571 -0.605002 0.15953 -0.132413
3.87247 3.07429 -0.60364 0.158395 -0.132566
3.88104 3.08286 -0.602287 0.157258 -0.132719
3.88961 3.09143 -0.600944 0.156119 -0.132873
3.89818 3.1 -0.599611 0.15498 -0.133026
3.90675 3.10857 -0.598287 0.153839 -0.133179
3.91532 3.11714 -0.596974 0.152697 -0.133332
3.92389 3.12571 -0.59567 0.151553 -0.133485
3.93247 3.13429 -0.594376 0.150408 -0.133639
3.94104 3.14286 -0.593091 0.149262 -0.133792
3.94961 3.15143 -0.591817 0.148079 -0.142267
3.95818 3.16 -0.590553 0.146823 -0.150744
3.96675 3.16857 -0.5893 0.145495 -0.159221
3.97532 3.17714 -0.588059 0.144094 -0.167698
3.98389 3.18571 -0.58683 0.14262 -0.176175
3.99247 3.19429 -0.585614 0.141074 -0.184652
4.00104 3.20286 -0.584412 0.139455 -0.193129
4.00961 3.21143 -0.583224 0.137763 -0.201606
4.01818 3.22 -0.58205 0.135999 -0.210082
4.02675 3.22857 -0.580893 0.134162 -0.218559
4.03532 3.23714 -0.579751 0.132252 -0.227036
4.04389 3.24571 -0.578626 0.13027 -0.235513
4.05247 3.25429 -0.577518 0.128214 -0.24399
4.06104 3.26286 -0.576428 0.126087 -0.252467
4.06961 3.27143 -0.575357 0.123886 -0.260944
4.07818 3.28 -0.574304 0.121613 -0.269421
4.08675 3.28857 -0.573272 0.119272 -0.275191
4.09532 3.29714 -0.57226 0.116911 -0.275552
4.10389 3.30571 -0.571268 0.114548 -0.275914
4.11247 3.31429 -0.570296 0.112181 -0.276275
4.12104 3.32286 -0.569345 0.109812 -0.276636
4.12961 3.33143 -0.568414 0.107439 -0.276998
4.13818 3.34 -0.567503 0.105063 -0.277359
4.14675 3.34857 -0.566612 0.102684 -0.277721
4.15532 3.35714 -0.565743 0.100302 -0.278082
4.16389 3.36571 -0.564893 0.0979172 -0.278443
4.17247 3.37429 -0.564064 0.095529 -0.278805
4.18104 3.38286 -0.563255 0.0931377 -0.279166
4.18961 3.39143 -0.562467 0.0907433 -0.279527
4.19818 3.4 -0.5617 0.0883458 -0.279889
4.20675 3.40857 -0.560953 0.0859452 -0.28025
4.21532 3.41714 -0.560226 0.0835416 -0.280612
4.22389 3.42571 -0.559521 0.0811348 -0.280973
4.23247 3.43429 -0.558836 0.0787234 -0.281842
4.24104 3.44286 -0.558171 0.0763028 -0.282965
4.24961 3.45143 -0.557528 0.0738726 -0.284088
4.25818 3.46 -0.556905 0.0714327 -0.285211
4.26675 3.46857 -0.556303 0.0689833 -0.286334
4.27532 3.47714 -0.555722 0.0665242 -0.287457
4.28389 3.48571 -0.555163 0.0640554 -0.288579
4.29247 3.49429 -0.554624 0.0615771 -0.289702
4.30104 3.50286 -0.554107 0.0590891 -0.290825
4.30961 3.51143 -0.553611 0.0565915 -0.291948
4.31818 3.52 -0.553137 0.0540843 -0.293071
4.32675 3.52857 -0.552684 0.0515674 -0.294194
4.33532 3.53714 -0.552253 0.049041 -0.295317
4.34389 3.54571 -0.551843 0.0465049 -0.29644
4.35247 3.55429 -0.551456 0.0439591 -0.297563
4.36104 3.56286 -0.55109 0.0414038 -0.298686
4.36961 3.57143 -0.550746 0.0388388 -0.299809
4.37818 3.58 -0.550424 0.0363219 -0.287463
4.38675 3.58857 -0.550123 0.0339109 -0.275118
4.39532 3.59714 -0.549842 0.0316056 -0.262772
4.40389 3.60571 -0.549581 0.0294062 -0.250427
4.41247 3.61429 -0.549338 0.0273126 -0.238082
4.42104 3.62286 -0.549112 0.0253248 -0.225736
4.42961 3.63143 -0.548903 0.0234428 -0.213391
4.43818 3.64 -0.54871 0.0216667 -0.201045
4.44675 3.64857 -0.548532 0.0199963 -0.1887
4.45532 3.65714 -0.548367 0.0184318 -0.176354
4.46389 3.66571 -0.548215 0.0169731 -0.164009
4.47247 3.67429 -0.548076 0.0156202 -0.151664
4.48104 3.68286 -0.547947 0.0143732 -0.139318
4.48961 3.69143 -0.547829 0.0132319 -0.126973
4.49818 3.7 -0.54772 0.0121965 -0.114627
4.50675 3.70857 -0.54762 0.0112669 -0.102282
4.51532 3.71714 -0.547527 0.0104211 -0.105376
4.52389 3.72571 -0.547442 0.0093721 -0.13938
4.53247 3.73429 -0.547367 0.00803168 -0.173384
4.54104 3.74286 -0.547305 0.0063998 -0.207388
4.54961 3.75143 -0.547258 0.00447646 -0.241392
4.55818 3.76 -0.547229 0.00226165 -0.275397
4.56675 3.76857 -0.54722 -0.000244626 -0.309401
4.57532 3.77714 -0.547234 -0.00304236 -0.343405
4.58389 3.78571 -0.547273 -0.00613157 -0.377409
4.59247 3.79429 -0.54734 -0.00951223 -0.411413
4.60104 3.80286 -0.547437 -0.0131844 -0.445417
4.60961 3.81143 -0.547567 -0.017148 -0.479422
4.61818 3.82 -0.547732 -0.021403 -0.513426
4.62675 3.82857 -0.547935 -0.0259495 -0.54743
4.63532 3.83714 -0.548178 -0.0307875 -0.581434
4.64389 3.84571 -0.548463 -0.035917 -0.615438
4.65247 3.85429 -0.548794 -0.0413379 -0.649442
4.66104 3.86286 -0.549172 -0.0469232 -0.638931
4.66961 3.87143 -0.549598 -0.0522591 -0.60613
4.67818 3.88 -0.550068 -0.057314 -0.573328
4.68675 3.88857 -0.550579 -0.0620876 -0.540527
4.69532 3.89714 -0.551131 -0.0665801 -0.507725
4.70389 3.90571 -0.55172 -0.0707915 -0.474923
4.71247 3.91429 -0.552344 -0.0747217 -0.442122
4.72104 3.92286 -0.553 -0.0783707 -0.40932
4.72961 3.93143 -0.553687 -0.0817386 -0.376519
4.73818 3.94 -0.554401 -0.0848253 -0.343717
4.74675 3.94857 -0.55514 -0.0876309 -0.310915
4.75532 3.95714 -0.555902 -0.0901553 -0.278114
4.76389 3.96571 -0.556685 -0.0923985 -0.245312
4.77247 3.97429 -0.557485 -0.0943606 -0.21251
4.78104 3.98286 -0.558301 -0.0960416 -0.179709
4.78961 3.99143 -0.559131 -0.0974414 -0.146907
4.79818 4 -0.559971 -0.09856 -0.114107
4.80675 4.00857 -0.56082 -0.0995245 -0.110957
4.81532 4.01714 -0.561677 -0.100462 -0.107807
4.82389 4.02571 -0.562542 -0.101373 -0.104658
4.83247 4.03429 -0.563415 -0.102256 -0.101508
4.84104 4.04286 -0.564295 -0.103113 -0.0983582
4.84961 4.05143 -0.565182 -0.103942 -0.0952085
4.85818 4.06 -0.566077 -0.104745 -0.0920589
4.86675 4.06857 -0.566978 -0.105521 -0.0889092
4.87532 4.07714 -0.567886 -0.106269 -0.0857595
4.88389 4.08571 -0.5688 -0.106991 -0.0826098
4.89247 4.09429 -0.56972 -0.107685 -0.0794601
4.90104 4.10286 -0.570646 -0.108353 -0.0763104
4.90961 4.11143 -0.571577 -0.108993 -0.0731608
4.91818 4.12 -0.572514 -0.109607 -0.0700111
4.92675 4.12857 -0.573456 -0.110194 -0.0668614
4.93532 4.13714 -0.574403 -0.110753 -0.0637117
4.94389 4.14571 -0.575355 -0.111306 -0.0744567
4.95247 4.15429 -0.576312 -0.112109 -0.113014
4.96104 4.16286 -0.577277 -0.113243 -0.151571
4.96961 4.17143 -0.578254 -0.114707 -0.190128
4.97818 4.18 -0.579245 -0.116502 -0.228685
4.98675 4.18857 -0.580252 -0.118628 -0.267242
4.99532 4.19714 -0.581279 -0.121084 -0.305799
5.00389 4.20571 -0.582329 -0.12387 -0.344356
5.01247 4.21429 -0.583404 -0.126987 -0.382913
5.02104 4.22286 -0.584507 -0.130434 -0.421471
5.02961 4.23143 -0.585641 -0.134212 -0.460028
5.03818 4.24 -0.586808 -0.13832 -0.498585
5.04675 4.24857 -0.588013 -0.142759 -0.537142
5.05532 4.25714 -0.589257 -0.147529 -0.575699
5.06389 4.26571 -0.590543 -0.152628 -0.614256
5.07247 4.27429 -0.591874 -0.158059 -0.652813
5.08104 4.28286 -0.593253 -0.16382 -0.69137
5.08961 4.29143 -0.594683 -0.169745 -0.672011
5.09818 4.3 -0.596162 -0.175298 -0.623718
5.10675 4.30857 -0.597687 -0.180438 -0.575425
5.11532 4.31714 -0.599254 -0.185163 -0.527132
5.12389 4.32571 -0.60086 -0.189474 -0.478839
5.13247 4.33429 -0.602501 -0.193371 -0.430546
5.14104 4.34286 -0.604174 -0.196855 -0.382252
5.14961 4.35143 -0.605875 -0.199924 -0.333959
5.15818 4.36 -0.6076 -0.20258 -0.285666
5.16675 4.36857 -0.609346 -0.204822 -0.237373
5.17532 4.37714 -0.61111 -0.206649 -0.18908
5.18389 4.38571 -0.612888 -0.208063 -0.140787
5.19247 4.39429 -0.614676 -0.209063 -0.0924938
5.20104 4.40286 -0.61647 -0.209649 -0.0442007
5.20961 4.41143 -0.618268 -0.20982 0.00409244
5.21818 4.42 -0.620066 -0.209578 0.0523856
5.22675 4.42857 -0.62186 -0.208922 0.100679
5.23532 4.43714 -0.623648 -0.208238 0.0589218
5.24389 4.44571 -0.625431 -0.207912 0.017162
5.25247 4.45429 -0.627213 -0.207944 -0.0245978
5.26104 4.46286 -0.628997 -0.208334 -0.0663577
5.26961 4.47143 -0.630785 -0.209082 -0.108117
5.27818 4.48 -0.632582 -0.210187 -0.149877
5.28675 4.48857 -0.634389 -0.211651 -0.191637
5.29532 4.49714 -0.636211 -0.213473 -0.233397
5.30389 4.50571 -0.63805 -0.215652 -0.275157
5.31247 4.51429 -0.639909 -0.21819 -0.316917
5.32104 4.52286 -0.641791 -0.221085 -0.358676
5.32961 4.53143 -0.6437 -0.224338 -0.400436
5.33818 4.54 -0.645638 -0.22795 -0.442196
5.34675 4.54857 -0.647609 -0.231919 -0.483956
5.35532 4.55714 -0.649615 -0.236246 -0.525716
5.36389 4.56571 -0.65166 -0.240931 -0.567476
5.37247 4.57429 -0.653746 -0.24592 -0.571183
5.38104 4.58286 -0.655874 -0.250505 -0.498781
5.38961 4.59143 -0.658039 -0.25447 -0.426378
5.39818 4.6 -0.660235 -0.257815 -0.353976
5.40675 4.60857 -0.662457 -0.260538 -0.281573
5.41532 4.61714 -0.664699 -0.262642 -0.20917
5.42389 4.62571 -0.666957 -0.264124 -0.136768
5.43247 4.63429 -0.669225 -0.264986 -0.0643653
5.44104 4.64286 -0.671498 -0.265228 0.0080372
5.44961 4.65143 -0.67377 -0.264848 0.0804397
5.45818 4.66 -0.676037 -0.263849 0.152842
5.46675 4.66857 -0.678292 -0.262228 0.225245
5.47532 4.67714 -0.68053 -0.259987 0.297647
5.48389 4.68571 -0.682747 -0.257126 0.37005
5.49247 4.69429 -0.684936 -0.253644 0.442452
5.50104 4.70286 -0.687093 -0.249541 0.514855
5.50961 4.71143 -0.689212 -0.244818 0.587258
5.51818 4.72 -0.691289 -0.239708 0.577498
5.52675 4.72857 -0.693323 -0.234976 0.526615
5.53532 4.73714 -0.695318 -0.230681 0.475732
5.54389 4.74571 -0.697279 -0.226821 0.424848
5.55247 4.75429 -0.699208 -0.223397 0.373965
5.56104 4.76286 -0.70111 -0.22041 0.323082
5.56961 4.77143 -0.702988 -0.217859 0.272198
5.57818 4.78 -0.704846 -0.215744 0.221315
5.58675 4.78857 -0.706687 -0.214065 0.170432
5.59532 4.79714 -0.708517 -0.212822 0.119548
5.60389 4.80571 -0.710337 -0.212016 0.0686649
5.61247 4.81429 -0.712152 -0.211645 0.0177815
5.62104 4.82286 -0.713966 -0.211711 -0.0331018
5.62961 4.83143 -0.715783 -0.212213 -0.0839851
5.63818 4.84 -0.717606 -0.21315 -0.134868
5.64675 4.84857 -0.719438 -0.214525 -0.185752
5.65532 4.85714 -0.721284 -0.216335 -0.236635
5.66389 4.86571 -0.723148 -0.218584 -0.288163
5.67247 4.87429 -0.725033 -0.221275 -0.339691
5.68104 4.88286 -0.726943 -0.224407 -0.391219
5.68961 4.89143 -0.728881 -0.227981 -0.442747
5.69818 4.9 -0.730852 -0.231997 -0.494275
5.70675 4.90857 -0.732859 -0.236455 -0.545804
5.71532 4.91714 -0.734907 -0.241354 -0.597332
5.72389 4.92571 -0.736998 -0.246695 -0.64886
5.73247 4.93429 -0.739137 -0.252477 -0.700388
5.74104 4.94286 -0.741328 -0.258701 -0.751916
5.74961 4.95143 -0.743573 -0.265367 -0.803444
5.75818 4.96 -0.745878 -0.272475 -0.854972
5.76675 4.96857 -0.748246 -0.280024 -0.9065
5.77532 4.97714 -0.75068 -0.288015 -0.958028
5.78389 4.98571 -0.753184 -0.296447 -1.00956
5.79247 4.99429 -0.755763 -0.305321 -1.06108
5.80104 5.00286 -0.758419 -0.314543 -1.0464
5.80961 5.01143 -0.761152 -0.322881 -0.899322
5.81818 5.02 -0.763951 -0.329959 -0.752241
5.82675 5.02857 -0.766805 -0.335777 -0.605159
5.83532 5.03714 -0.769704 -0.340334 -0.458078
5.84389 5.04571 -0.772636 -0.34363 -0.310997
5.85247 5.05429 -0.775591 -0.345665 -0.163915
5.86104 5.06286 -0.778558 -0.34644 -0.0168338
5.86961 5.07143 -0.781526 -0.345954 0.130248
5.87818 5.08 -0.784485 -0.344207 0.277329
5.88675 5.08857 -0.787423 -0.341199 0.42441
5.89532 5.09714 -0.79033 -0.336931 0.571492
5.90389 5.10571 -0.793196 -0.331402 0.718573
5.91247 5.11429 -0.796008 -0.324613 0.865654
5.92104 5.12286 -0.798757 -0.316563 1.01274
5.92961 5.13143 -0.801431 -0.307252 1.15982
5.93818 5.14 -0.80402 -0.29668 1.3069
5.94675 5.14857 -0.806514 -0.285293 1.29794
5.95532 5.15714 -0.808913 -0.274541 1.21089
5.96389 5.16571 -0.811223 -0.264535 1.12384
5.97247 5.17429 -0.81345 -0.255276 1.03679
5.98104 5.18286 -0.815601 -0.246762 0.949738
5.98961 5.19143 -0.817682 -0.238994 0.862689
5.99818 5.2 -0.8197 -0.231973 0.775639
6.00675 5.20857 -0.821661 -0.225698 0.68859
6.01532 5.21714 -0.823572 -0.220168 0.601541
6.02389 5.22571 -0.825438 -0.215385 0.514491
6.03247 5.23429 -0.827266 -0.211349 0.427442
6.04104 5.24286 -0.829063 -0.208058 0.340392
6.04961 5.25143 -0.830835 -0.205513 0.253343
6.05818 5.26 -0.832588 -0.203715 0.166293
6.06675 5.26857 -0.834329 -0.202663 0.079244
6.07532 5.27714 -0.836064 -0.202356 -0.00780542
6.08389 5.28571 -0.8378 -0.202796 -0.094864
6.09247 5.29429 -0.839544 -0.2042 -0.232591
6.10104 5.30286 -0.841304 -0.206784 -0.370318
6.10961 5.31143 -0.843092 -0.210548 -0.508045
6.11818 5.32 -0.844917 -0.215493 -0.645772
6.12675 5.32857 -0.84679 -0.221618 -0.783499
6.13532 5.33714 -0.84872 -0.228924 -0.921226
6.14389 5.34571 -0.850717 -0.237411 -1.05895
6.15247 5.35429 -0.852793 -0.247078 -1.19668
6.16104 5.36286 -0.854956 -0.257925 -1.33441
6.16961 5.37143 -0.857218 -0.269953 -1.47213
6.17818 5.38 -0.859587 -0.283162 -1.60986
6.18675 5.38857 -0.862075 -0.297551 -1.74759
6.19532 5.39714 -0.864692 -0.313121 -1.88532
6.20389 5.40571 -0.867447 -0.329871 -2.02304
6.21247 5.41429 -0.87035 -0.347801 -2.16077
6.22104 5.42286 -0.873412 -0.366913 -2.2985
6.22961 5.43143 -0.876643 -0.386948 -2.25681
6.23818 5.44 -0.880038 -0.404575 -1.85624
6.24675 5.44857 -0.883569 -0.418769 -1.45567
6.25532 5.45714 -0.887207 -0.42953 -1.05511
6.26389 5.46571 -0.890922 -0.436857 -0.654538
6.27247 5.47429 -0.894686 -0.44075 -0.253969
6.28104 5.48286 -0.898468 -0.441211 0.146599
6.28961 5.49143 -0.90224 -0.438237 0.547168
6.29818 5.5 -0.905971 -0.43183 0.947736
6.30675 5.50857 -0.909633 -0.42199 1.3483
6.31532 5.51714 -0.913195 -0.408717 1.74887
6.32389 5.52571 -0.91663 -0.39201 2.14944
6.33247 5.53429 -0.919906 -0.371869 2.55001
6.34104 5.54286 -0.922995 -0.348295 2.95058
6.34961 5.55143 -0.925867 -0.321288 3.35115
6.35818 5.56 -0.928493 -0.290847 3.75172
6.36675 5.56857 -0.930843 -0.256973 4.15228
6.37532 5.57714 -0.932892 -0.221559 3.88978
6.38389 5.58571 -0.934655 -0.190765 3.2957
6.39247 5.59429 -0.936176 -0.165062 2.70162
6.40104 5.60286 -0.937499 -0.144451 2.10754
6.40961 5.61143 -0.938667 -0.128933 1.51346
6.41818 5.62 -0.939724 -0.118506 0.919378
6.42675 5.62857 -0.940713 -0.113172 0.325299
6.43532 5.63714 -0.941679 -0.11293 -0.26878
6.44389 5.64571 -0.942664 -0.117779 -0.86286
6.45247 5.65429 -0.943712 -0.127721 -1.45694
6.46104 5.66286 -0.944868 -0.142756 -2.05102
6.46961 5.67143 -0.946174 -0.162882 -2.6451
6.47818 5.68 -0.947675 -0.1881 -3.23918
6.48675 5.68857 -0.949413 -0.21841 -3.83326
6.49532 5.69714 -0.951433 -0.253813 -4.42734
6.50389 5.70571 -0.953779 -0.294308 -5.02142
6.51247 5.71429 -0.956493 -0.339894 -5.61549
6.52104 5.72286 -0.95961 -0.386867 -5.34466
6.52961 5.73143 -0.963119 -0.431517 -5.07362
6.53818 5.74 -0.967 -0.473844 -4.80258
6.54675 5.74857 -0.971235 -0.513847 -4.53154
6.55532 5.75714 -0.975803 -0.551527 -4.2605
6.56389 5.76571 -0.980683 -0.586884 -3.98946
6.57247 5.77429 -0.985857 -0.619918 -3.71842
6.58104 5.78286 -0.991304 -0.650629 -3.44738
6.58961 5.79143 -0.997004 -0.679016 -3.17634
6.59818 5.8 -1.00294 -0.70508 -2.9053
6.60675 5.80857 -1.00908 -0.728821 -2.63426
6.61532 5.81714 -1.01542 -0.750239 -2.36322
6.62389 5.82571 -1.02194 -0.769333 -2.09218
6.63247 5.83429 -1.02861 -0.786105 -1.82114
6.64104 5.84286 -1.03541 -0.800553 -1.5501
6.64961 5.85143 -1.04232 -0.812678 -1.27905
6.65818 5.86 -1.04933 -0.822335 -0.906526
6.66675 5.86857 -1.05641 -0.827637 -0.330712
6.67532 5.87714 -1.06351 -0.828004 0.245103
6.68389 5.88571 -1.07059 -0.823435 0.820918
6.69247 5.89429 -1.07761 -0.813931 1.39673
6.70104 5.90286 -1.08453 -0.799491 1.97255
6.70961 5.91143 -1.0913 -0.780116 2.54836
6.71818 5.92 -1.09789 -0.755805 3.12418
6.72675 5.92857 -1.10424 -0.726559 3.69999
6.73532 5.93714 -1.11033 -0.692377 4.27581
6.74389 5.94571 -1.1161 -0.653259 4.85162
6.75247 5.95429 -1.12151 -0.609206 5.42743
6.76104 5.96286 -1.12653 -0.560217 6.00325
6.76961 5.97143 -1.1311 -0.506293 6.57906
6.77818 5.98 -1.13519 -0.447433 7.15488
6.78675 5.98857 -1.13876 -0.383638 7.73069
6.79532 5.99714 -1.14176 -0.314907 8.30651
6.80389 6.00571 -1.14415 -0.242728 8.36193
6.81247 6.01429 -1.14592 -0.171932 8.15719
6.82104 6.02286 -1.1471 -0.10289 7.95246
6.82961 6.03143 -1.14769 -0.0356037 7.74772
6.83818 6.04 -1.14771 0.0299279 7.54298
6.84675 6.04857 -1.14718 0.0937045 7.33824
6.85532 6.05714 -1.14611 0.155726 7.1335
6.86389 6.06571 -1.14452 0.215993 6.92876
6.87247 6.07429 -1.14241 0.274505 6.72403
6.88104 6.08286 -1.13982 0.331262 6.51929
6.88961 6.09143 -1.13674 0.386264 6.31455
6.89818 6.1 -1.1332 0.439512 6.10981
6.90675 6.10857 -1.12921 0.491004 5.90507
6.91532 6.11714 -1.12479 0.540741 5.70033
6.92389 6.12571 -1.11995 0.588724 5.49559
6.93247 6.13429 -1.1147 0.634951 5.29086
6.94104 6.14286 -1.10907 0.679424 5.08612
6.94961 6.15143 -1.1031 0.708744 1.75465
6.95818 6.16 -1.097 0.709504 -1.57742
6.96675 6.16857 -1.09102 0.681703 -4.90948
6.97532 6.17714 -1.08539 0.625341 -8.24155
6.98389 6.18571 -1.08038 0.540419 -11.5736
6.99247 6.19429 -1.07621 0.426937 -14.9057
7.00104 6.20286 -1.07314 0.284893 -18.2377
7.00961 6.21143 -1.07141 0.11429 -21.5698
7.01818 6.22 -1.07126 -0.0848748 -24.9019
7.02675 6.22857 -1.07294 -0.3126 -28.2339
7.03532 6.23714 -1.0767 -0.568885 -31.566
7.04389 6.24571 -1.08278 -0.853731 -34.8981
7.05247 6.25429 -1.09142 -1.16714 -38.2301
7.06104 6.26286 -1.10287 -1.50911 -41.5622
7.06961 6.27143 -1.11737 -1.87963 -44.8943
7.07818 6.28 -1.13517 -2.27872 -48.2263
7.08675 6.28857 -1.15651 -2.70025 -47.2748
7.09532 6.29714 -1.18128 -3.06469 -37.7627
7.10389 6.30571 -1.20882 -3.34761 -28.2506
7.11247 6.31429 -1.23843 -3.54899 -18.7386
7.12104 6.32286 -1.26942 -3.66884 -9.22652
7.12961 6.33143 -1.30109 -3.70716 0.285541
7.13818 6.34 -1.33274 -3.66395 9.7976
7.14675 6.34857 -1.36367 -3.5392 19.3097
7.15532 6.35714 -1.39318 -3.33292 28.8217
7.16389 6.36571 -1.42057 -3.04511 38.3338
7.17247 6.37429 -1.44515 -2.67577 47.8458
7.18104 6.38286 -1.46621 -2.2249 57.3579
7.18961 6.39143 -1.48306 -1.69249 66.87
7.19818 6.4 -1.49499 -1.07856 76.382
7.20675 6.40857 -1.50131 -0.383088 85.8941
7.21532 6.41714 -1.50133 0.393913 95.4062
7.22389 6.42571 -1.49433 1.25245 104.918
7.23247 6.43429 -1.47974 2.13087 92.8557
7.24104 6.44286 -1.45834 2.82884 70.0038
7.24961 6.45143 -1.4318 3.33094 47.1519
7.25818 6.46 -1.4018 3.63716 24.3
7.26675 6.46857 -1.37001 3.74751 1.44809
7.27532 6.47714 -1.33812 3.66198 -21.4038
7.28389 6.48571 -1.3078 3.38059 -44.2557
7.29247 6.49429 -1.28072 2.90332 -67.1076
7.30104 6.50286 -1.25858 2.23017 -89.9595
7.30961 6.51143 -1.24305 1.36115 -112.811
7.31818 6.52 -1.23581 0.296262 -135.663
7.32675 6.52857 -1.23853 -0.964503 -158.515
7.33532 6.53714 -1.2529 -2.42114 -181.367
7.34389 6.54571 -1.2806 -4.07365 -204.219
7.35247 6.55429 -1.3233 -5.92204 -227.071
7.36104 6.56286 -1.38268 -7.96629 -249.923
7.36961 6.57143 -1.46042 -10.2064 -272.775
7.37818 6.58 -1.55742 -12.3689 -231.793
7.38675 6.58857 -1.67146 -14.18 -190.81
7.39532 6.59714 -1.79951 -15.6399 -149.827
7.40389 6.60571 -1.93856 -16.7485 -108.845
7.41247 6.61429 -2.08562 -17.5058 -67.8616
7.42104 6.62286 -2.23766 -17.9118 -26.8787
7.42961 6.63143 -2.39168 -17.9666 14.1043
7.43818 6.64 -2.54466 -17.6701 55.0872
7.44675 6.64857 -2.69359 -17.0222 96.0701
7.45532 6.65714 -2.83546 -16.0231 137.053
7.46389 6.66571 -2.96727 -14.6728 178.036
7.47247 6.67429 -3.08599 -12.9711 219.019
7.48104 6.68286 -3.18862 -10.9181 260.002
7.48961 6.69143 -3.27216 -8.51391 300.985
7.49818 6.7 -3.33357 -5.7584 341.968
7.50675 6.70857 -3.36987 -2.65161 382.951
7.51532 6.71714 -3.37806 0.768949 397.652
7.52389 6.72571 -3.35733 4.01489 359.735
7.53247 6.73429 -3.31016 6.93583 321.817
7.54104 6.74286 -3.23936 9.53175 283.899
7.54961 6.75143 -3.14769 11.8027 245.981
7.55818 6.76 -3.03795 13.7486 208.063
7.56675 6.76857 -2.91293 15.3695 170.145
7.57532 6.77714 -2.77541 16.6653 132.227
7.58389 6.78571 -2.62817 17.6362 94.3092
7.59247 6.79429 -2.474 18.2821 56.3913
7.60104 6.80286 -2.31569 18.6029 18.4734
7.60961 6.81143 -2.15602 18.5988 -19.4445
7.61818 6.82 -1.99778 18.2696 -57.3624
7.62675 6.82857 -1.84376 17.6154 -95.2803
7.63532 6.83714 -1.69673 16.6362 -133.198
7.64389 6.84571 -1.55949 15.332 -171.116
7.65247 6.85429 -1.43483 13.7028 -209.034
7.66104 6.86286 -1.32538 11.8207 -221.686
7.66961 6.87143 -1.2322 9.92054 -221.686
7.67818 6.88 -1.15531 8.02037 -221.686
7.68675 6.88857 -1.09471 6.1202 -221.686
7.69532 6.89714 -1.0504 4.22003 -221.686
7.70389 6.90571 -1.02237 2.31986 -221.686
7.71247 6.91429 -1.01063 0.419693 -221.686
7.72104 6.92286 -1.01517 -1.48048 -221.686
7.72961 6.93143 -1.03601 -3.38065 -221.686
7.73818 6.94 -1.07313 -5.28081 -221.686
7.74675 6.94857 -1.12653 -7.18098 -221.686
7.75532 6.95714 -1.19623 -9.08115 -221.686
7.76389 6.96571 -1.28221 -10.9813 -221.686
7.77247 6.97429 -1.38448 -12.8815 -221.686
7.78104 6.98286 -1.50304 -14.7817 -221.686
7.78961 6.99143 -1.63788 -16.6818 -221.686
7.79818 7 -1.78901 -18.582 -221.686


