Raw Data (#.=61)
log.afreq  log.sfreq  log.loss  storage   
==========================================
-0.773248 -1.57143 -1.31738 2.6586
-0.630391 -1.42857 -1.1532 2.6462
-0.487532 -1.28571 -1.13488 2.6305
-0.344674 -1.14285 -1.15128 2.6159
-0.20182 -1 -1.06034 2.5996
-0.0589614 -0.857141 -1.01952 2.58
0.083893 -0.714285 -1.01579 2.5601
0.226752 -0.571428 -1.01125 2.5396
0.369609 -0.428571 -0.97106 2.5187
0.512468 -0.285712 -0.911784 2.4944
0.655326 -0.142855 -0.939247 2.469
0.79818 0 -0.923008 2.4454
0.941039 0.142859 -0.892799 2.4187
1.08389 0.285715 -0.902993 2.3926
1.22675 0.428572 -0.891763 2.3659
1.36961 0.571429 -0.897016 2.3392
1.51247 0.714288 -0.901848 2.3128
1.65533 0.857145 -0.906878 2.2867
1.79818 1 -0.916946 2.261
1.94104 1.14286 -0.932995 2.2361
2.08389 1.28571 -0.947929 2.2121
2.22675 1.42857 -0.96436 2.1889
2.36961 1.57143 -0.985291 2.1667
2.51247 1.71429 -1.00887 2.1456
2.65533 1.85715 -1.02948 2.1256
2.79818 2 -1.05343 2.1065
2.94104 2.14286 -1.08128 2.0886
3.08389 2.28571 -1.10571 2.0717
3.22675 2.42857 -1.1344 2.0558
3.36961 2.57143 -1.16829 2.041
3.51247 2.71429 -1.18819 2.0272
3.65533 2.85715 -1.21458 2.0139
3.79818 3 -1.25967 2.0018
3.94104 3.14286 -1.28931 1.9907
4.08389 3.28571 -1.32293 1.9803
4.22675 3.42857 -1.36098 1.9708
4.36961 3.57143 -1.4092 1.9621
4.51247 3.71429 -1.44995 1.9544
4.65533 3.85715 -1.46892 1.9471
4.79818 4 -1.4939 1.9402
4.94104 4.14286 -1.50652 1.9336
5.08389 4.28571 -1.52927 1.9272
5.22675 4.42857 -1.54909 1.9212
5.36961 4.57143 -1.57658 1.9154
5.51247 4.71429 -1.60677 1.9101
5.65533 4.85715 -1.60226 1.9049
5.79818 5 -1.64066 1.8998
5.94104 5.14286 -1.67683 1.8953
6.08389 5.28571 -1.68943 1.8909
6.22675 5.42857 -1.72241 1.8868
6.36961 5.57143 -1.77123 1.883
6.51247 5.71429 -1.74732 1.8795
6.65533 5.85715 -2.3361 1.8765
6.79818 6 -2.70779 1.8771
6.94104 6.14286 -1.92731 1.8759
7.08389 6.28571 -1.92167 1.8731
7.22675 6.42857 -1.70743 1.8731
7.36961 6.57143 -2.02466 1.8784
7.51247 6.71429 -1.41366 1.8798
7.65533 6.85715 -1.17465 1.8945
7.79818 7 -2.01849 1.9005


Cubic Spline Interpolation (Global Range)
log.afreq  log.sfreq  f  df  d2f         
=========================================
-0.773248 -1.57143 -1.31738 1.71756 -7.95661
-0.764677 -1.56286 -1.30295 1.64936 -7.95661
-0.756105 -1.55429 -1.2891 1.58116 -7.95661
-0.747534 -1.54571 -1.27584 1.51296 -7.95661
-0.738962 -1.53714 -1.26316 1.44476 -7.95661
-0.730391 -1.52857 -1.25107 1.37656 -7.95661
-0.721819 -1.52 -1.23957 1.30837 -7.95661
-0.713248 -1.51143 -1.22864 1.24017 -7.95661
-0.704677 -1.50286 -1.21831 1.17197 -7.95661
-0.696105 -1.49429 -1.20855 1.10377 -7.95661
-0.687534 -1.48571 -1.19938 1.03557 -7.95661
-0.678962 -1.47714 -1.1908 0.967368 -7.95661
-0.670391 -1.46857 -1.1828 0.899168 -7.95661
-0.661819 -1.46 -1.17539 0.830969 -7.95661
-0.653248 -1.45143 -1.16856 0.762769 -7.95661
-0.644677 -1.44286 -1.16231 0.69457 -7.95661
-0.636105 -1.43429 -1.15665 0.62637 -7.95661
-0.627534 -1.42571 -1.15157 0.55831 -7.85945
-0.618962 -1.41714 -1.14707 0.492192 -7.56796
-0.610391 -1.40857 -1.14313 0.428573 -7.27648
-0.601819 -1.4 -1.13972 0.367452 -6.985
-0.593248 -1.39143 -1.13682 0.30883 -6.69352
-0.584677 -1.38286 -1.13442 0.252706 -6.40204
-0.576105 -1.37429 -1.13248 0.199081 -6.11055
-0.567534 -1.36571 -1.131 0.147954 -5.81907
-0.558962 -1.35714 -1.12994 0.0993254 -5.52759
-0.550391 -1.34857 -1.12929 0.0531953 -5.23611
-0.541819 -1.34 -1.12902 0.00956355 -4.94463
-0.533248 -1.33143 -1.12911 -0.0315698 -4.65315
-0.524677 -1.32286 -1.12955 -0.0702047 -4.36166
-0.516105 -1.31429 -1.13031 -0.106341 -4.07018
-0.507534 -1.30571 -1.13137 -0.139979 -3.7787
-0.498962 -1.29714 -1.1327 -0.171119 -3.48722
-0.490391 -1.28857 -1.13429 -0.19976 -3.19574
-0.481819 -1.28 -1.13612 -0.224945 -2.56903
-0.473248 -1.27143 -1.13813 -0.243561 -1.77454
-0.464677 -1.26286 -1.14028 -0.255366 -0.980058
-0.456105 -1.25429 -1.14249 -0.260362 -0.185574
-0.447534 -1.24571 -1.14472 -0.258547 0.60891
-0.438962 -1.23714 -1.1469 -0.249923 1.40339
-0.430391 -1.22857 -1.14898 -0.234489 2.19788
-0.421819 -1.22 -1.1509 -0.212245 2.99236
-0.413248 -1.21143 -1.1526 -0.183192 3.78684
-0.404677 -1.20286 -1.15402 -0.147328 4.58133
-0.396105 -1.19429 -1.15511 -0.104655 5.37581
-0.387534 -1.18571 -1.1558 -0.0551713 6.1703
-0.378962 -1.17714 -1.15604 0.00112191 6.96478
-0.370391 -1.16857 -1.15576 0.064225 7.75926
-0.361819 -1.16 -1.15491 0.134138 8.55375
-0.353248 -1.15143 -1.15344 0.210861 9.34823
-0.344677 -1.14286 -1.15128 0.294393 10.1427
-0.336105 -1.13429 -1.1484 0.377206 9.17978
-0.327534 -1.12571 -1.14484 0.451761 8.21631
-0.318962 -1.11714 -1.14068 0.518057 7.25283
-0.310391 -1.10857 -1.13598 0.576095 6.28936
-0.30182 -1.1 -1.13082 0.625875 5.32589
-0.293248 -1.09143 -1.12527 0.667396 4.36241
-0.284677 -1.08286 -1.11941 0.700659 3.39894
-0.276105 -1.07429 -1.11329 0.725664 2.43546
-0.267534 -1.06571 -1.10699 0.74241 1.47199
-0.258962 -1.05714 -1.10058 0.750898 0.508514
-0.250391 -1.04857 -1.09414 0.751127 -0.45496
-0.24182 -1.04 -1.08773 0.743098 -1.41843
-0.233248 -1.03143 -1.08143 0.726811 -2.38191
-0.224677 -1.02286 -1.07529 0.702266 -3.34538
-0.216105 -1.01429 -1.06941 0.669462 -4.30886
-0.207534 -1.00571 -1.06384 0.6284 -5.27233
-0.198962 -0.997142 -1.05866 0.579672 -5.82068
-0.190391 -0.988571 -1.0539 0.530988 -5.53901
-0.18182 -0.979999 -1.04955 0.484718 -5.25733
-0.173248 -0.971428 -1.04559 0.440862 -4.97565
-0.164677 -0.962857 -1.04199 0.399421 -4.69397
-0.156105 -0.954285 -1.03873 0.360394 -4.41229
-0.147534 -0.945714 -1.0358 0.323782 -4.13061
-0.138962 -0.937142 -1.03317 0.289584 -3.84894
-0.130391 -0.928571 -1.03083 0.2578 -3.56726
-0.12182 -0.919999 -1.02875 0.228431 -3.28558
-0.113248 -0.911428 -1.02691 0.201476 -3.0039
-0.104677 -0.902857 -1.02529 0.176935 -2.72222
-0.0961052 -0.894285 -1.02387 0.154809 -2.44054
-0.0875338 -0.885714 -1.02263 0.135097 -2.15887
-0.0789624 -0.877142 -1.02154 0.1178 -1.87719
-0.0703909 -0.868571 -1.0206 0.102917 -1.59551
-0.0618195 -0.859999 -1.01977 0.0904482 -1.31383
-0.0532481 -0.851428 -1.01904 0.0799847 -1.17546
-0.0446767 -0.842857 -1.0184 0.070195 -1.1088
-0.0361052 -0.834285 -1.01784 0.0609767 -1.04214
-0.0275338 -0.825714 -1.01735 0.0523297 -0.975477
-0.0189624 -0.817142 -1.01694 0.0442542 -0.908815
-0.0103909 -0.808571 -1.01659 0.03675 -0.842153
-0.00181951 -0.799999 -1.01631 0.0298173 -0.775491
0.00675192 -0.791428 -1.01608 0.0234559 -0.708829
0.0153233 -0.782857 -1.0159 0.0176659 -0.642167
0.0238948 -0.774285 -1.01578 0.0124473 -0.575505
0.0324662 -0.765714 -1.01569 0.00780013 -0.508843
0.0410376 -0.757142 -1.01564 0.00372432 -0.442181
0.0496091 -0.748571 -1.01562 0.000219885 -0.375519
0.0581805 -0.739999 -1.01564 -0.00271316 -0.308857
0.0667519 -0.731428 -1.01567 -0.00507481 -0.242195
0.0753233 -0.722857 -1.01572 -0.00686508 -0.175533
0.0838948 -0.714285 -1.01579 -0.00808396 -0.10886
0.0924662 -0.705714 -1.01586 -0.00850314 0.0110505
0.101038 -0.697142 -1.01593 -0.00789452 0.130962
0.109609 -0.688571 -1.01599 -0.00625809 0.250873
0.11818 -0.679999 -1.01603 -0.00359385 0.370784
0.126752 -0.671428 -1.01605 9.82022e-05 0.490695
0.135323 -0.662857 -1.01603 0.00481806 0.610606
0.143895 -0.654285 -1.01596 0.0105657 0.730517
0.152466 -0.645714 -1.01584 0.0173412 0.850428
0.161038 -0.637142 -1.01566 0.0251445 0.970339
0.169609 -0.628571 -1.01541 0.0339756 1.09025
0.17818 -0.619999 -1.01508 0.0438345 1.21016
0.186752 -0.611428 -1.01466 0.0547212 1.33007
0.195323 -0.602857 -1.01414 0.0666357 1.44998
0.203895 -0.594285 -1.01351 0.079578 1.56989
0.212466 -0.585714 -1.01277 0.0935482 1.6898
0.221038 -0.577142 -1.0119 0.108546 1.80972
0.229609 -0.568571 -1.0109 0.124547 1.91256
0.23818 -0.559999 -1.00977 0.141235 1.98125
0.246752 -0.551428 -1.00848 0.158512 2.04995
0.255323 -0.542857 -1.00705 0.176377 2.11864
0.263895 -0.534285 -1.00546 0.194831 2.18734
0.272466 -0.525714 -1.00371 0.213874 2.25603
0.281038 -0.517142 -1.00179 0.233506 2.32473
0.289609 -0.508571 -0.999701 0.253727 2.39342
0.29818 -0.499999 -0.997437 0.274536 2.46212
0.306752 -0.491428 -0.994993 0.295935 2.53081
0.315323 -0.482857 -0.992363 0.317922 2.59951
0.323895 -0.474285 -0.989541 0.340497 2.6682
0.332466 -0.465714 -0.986524 0.363662 2.7369
0.341038 -0.457142 -0.983305 0.387416 2.80559
0.349609 -0.448571 -0.979881 0.411758 2.87429
0.35818 -0.439999 -0.976245 0.436689 2.94298
0.366752 -0.431428 -0.972393 0.462209 3.01168
0.375323 -0.422857 -0.968322 0.486878 2.57649
0.383895 -0.414285 -0.964063 0.506018 1.88935
0.392466 -0.405714 -0.959665 0.519267 1.20222
0.401038 -0.397142 -0.955178 0.526627 0.515091
0.409609 -0.388571 -0.950654 0.528097 -0.17204
0.41818 -0.379999 -0.946142 0.523678 -0.859172
0.426752 -0.371428 -0.941693 0.513369 -1.5463
0.435323 -0.362857 -0.937358 0.49717 -2.23344
0.443895 -0.354285 -0.933187 0.475081 -2.92057
0.452466 -0.345714 -0.929231 0.447103 -3.6077
0.461038 -0.337142 -0.925539 0.413235 -4.29483
0.469609 -0.328571 -0.922163 0.373477 -4.98196
0.47818 -0.319999 -0.919154 0.32783 -5.66909
0.486752 -0.311428 -0.91656 0.276293 -6.35623
0.495323 -0.302857 -0.914434 0.218866 -7.04336
0.503895 -0.294285 -0.912825 0.15555 -7.73049
0.512466 -0.285714 -0.911784 0.0863435 -8.41762
0.521038 -0.277142 -0.911343 0.0176749 -7.60473
0.529609 -0.268571 -0.911461 -0.0440233 -6.79153
0.53818 -0.259999 -0.912078 -0.0987513 -5.97832
0.546752 -0.251428 -0.913134 -0.146509 -5.16512
0.555323 -0.242857 -0.91457 -0.187296 -4.35191
0.563895 -0.234285 -0.916325 -0.221113 -3.5387
0.572466 -0.225714 -0.91834 -0.24796 -2.7255
0.581038 -0.217142 -0.920556 -0.267836 -1.91229
0.589609 -0.208571 -0.922912 -0.280742 -1.09909
0.59818 -0.199999 -0.925349 -0.286677 -0.285882
0.606752 -0.191428 -0.927806 -0.285643 0.527324
0.615323 -0.182857 -0.930226 -0.277637 1.34053
0.623895 -0.174285 -0.932546 -0.262662 2.15374
0.632466 -0.165714 -0.934708 -0.240716 2.96694
0.641038 -0.157142 -0.936653 -0.2118 3.78015
0.649609 -0.148571 -0.938319 -0.175914 4.59335
0.65818 -0.139999 -0.939649 -0.133569 5.04758
0.666752 -0.131428 -0.940612 -0.0914391 4.78284
0.675323 -0.122857 -0.941223 -0.0515779 4.51809
0.683895 -0.114285 -0.941502 -0.013986 4.25335
0.692466 -0.105714 -0.941469 0.0213367 3.98861
0.701038 -0.0971423 -0.941143 0.0543901 3.72387
0.709609 -0.0885709 -0.940543 0.0851744 3.45912
0.71818 -0.0799994 -0.939689 0.113689 3.19438
0.726752 -0.071428 -0.938601 0.139935 2.92964
0.735323 -0.0628566 -0.937297 0.163912 2.6649
0.743895 -0.0542852 -0.935797 0.185619 2.40016
0.752466 -0.0457137 -0.934121 0.205057 2.13541
0.761038 -0.0371423 -0.932289 0.222226 1.87067
0.769609 -0.0285709 -0.930318 0.237126 1.60593
0.77818 -0.0199994 -0.92823 0.249756 1.34119
0.786752 -0.011428 -0.926043 0.260118 1.07644
0.795323 -0.00285659 -0.923777 0.26821 0.811701
0.803895 0.00571484 -0.921452 0.274006 0.537617
0.812466 0.0142863 -0.919087 0.277419 0.258864
0.821038 0.0228577 -0.916703 0.278444 -0.0198888
0.829609 0.0314291 -0.91432 0.277078 -0.298642
0.83818 0.0400006 -0.91196 0.273324 -0.577395
0.846752 0.048572 -0.909642 0.26718 -0.856148
0.855323 0.0571434 -0.907386 0.258647 -1.1349
0.863895 0.0657148 -0.905215 0.247725 -1.41365
0.872466 0.0742863 -0.903147 0.234413 -1.69241
0.881038 0.0828577 -0.901203 0.218712 -1.97116
0.889609 0.0914291 -0.899404 0.200622 -2.24991
0.89818 0.100001 -0.897771 0.180142 -2.52867
0.906752 0.108572 -0.896323 0.157273 -2.80742
0.915323 0.117143 -0.895081 0.132015 -3.08617
0.923895 0.125715 -0.894066 0.104367 -3.36493
0.932466 0.134286 -0.893299 0.0743305 -3.64368
0.941038 0.142858 -0.892799 0.0419044 -3.92243
0.949609 0.151429 -0.892579 0.0100853 -3.50191
0.95818 0.160001 -0.892616 -0.0181284 -3.08127
0.966752 0.168572 -0.892879 -0.0427365 -2.66063
0.975323 0.177143 -0.893338 -0.0637392 -2.24
0.983895 0.185715 -0.893962 -0.0811364 -1.81936
0.992466 0.194286 -0.894719 -0.0949282 -1.39872
1.00104 0.202858 -0.895579 -0.105114 -0.978083
1.00961 0.211429 -0.89651 -0.111695 -0.557445
1.01818 0.220001 -0.897483 -0.114671 -0.136807
1.02675 0.228572 -0.898466 -0.114041 0.28383
1.03532 0.237143 -0.899428 -0.109805 0.704468
1.04389 0.245715 -0.900338 -0.101964 1.12511
1.05247 0.254286 -0.901166 -0.0905175 1.54574
1.06104 0.262858 -0.901879 -0.0754656 1.96638
1.06961 0.271429 -0.902449 -0.0568081 2.38702
1.07818 0.280001 -0.902843 -0.0345452 2.80766
1.08675 0.288572 -0.903031 -0.00902672 2.98356
1.09532 0.297143 -0.903003 0.0152047 2.67043
1.10389 0.305715 -0.902778 0.0367521 2.35731
1.11247 0.314286 -0.90238 0.0556156 2.04418
1.12104 0.322858 -0.901832 0.0717952 1.73106
1.12961 0.331429 -0.901157 0.0852909 1.41793
1.13818 0.340001 -0.900378 0.0961026 1.1048
1.14675 0.348572 -0.899517 0.10423 0.791679
1.15532 0.357143 -0.898599 0.109674 0.478553
1.16389 0.365715 -0.897645 0.112434 0.165427
1.17247 0.374286 -0.896679 0.11251 -0.147698
1.18104 0.382858 -0.895724 0.109902 -0.460824
1.18961 0.391429 -0.894803 0.10461 -0.773949
1.19818 0.400001 -0.893938 0.0966345 -1.08707
1.20675 0.408572 -0.893154 0.0859747 -1.4002
1.21532 0.417143 -0.892472 0.072631 -1.71333
1.22389 0.425715 -0.891916 0.0566034 -2.02645
1.23247 0.434286 -0.891508 0.0387991 -2.02203
1.24104 0.442858 -0.891247 0.022167 -1.85881
1.24961 0.451429 -0.891124 0.00693377 -1.6956
1.25818 0.460001 -0.891125 -0.00690045 -1.53239
1.26675 0.468572 -0.891238 -0.0193357 -1.36917
1.27532 0.477143 -0.891452 -0.030372 -1.20596
1.28389 0.485715 -0.891755 -0.0400093 -1.04275
1.29247 0.494286 -0.892134 -0.0482477 -0.879535
1.30104 0.502858 -0.892578 -0.0550871 -0.716322
1.30961 0.511429 -0.893074 -0.0605275 -0.553109
1.31818 0.520001 -0.893611 -0.0645689 -0.389896
1.32675 0.528572 -0.894177 -0.0672114 -0.226683
1.33532 0.537143 -0.89476 -0.0684549 -0.0634705
1.34389 0.545715 -0.895347 -0.0682995 0.0997424
1.35247 0.554286 -0.895926 -0.0667451 0.262955
1.36104 0.562858 -0.896487 -0.0637917 0.426168
1.36961 0.571429 -0.897016 -0.0594393 0.589381
1.37818 0.580001 -0.897504 -0.0545655 0.547844
1.38675 0.588572 -0.897952 -0.0500477 0.506307
1.39532 0.597143 -0.898363 -0.045886 0.46477
1.40389 0.605715 -0.89874 -0.0420802 0.423232
1.41247 0.614286 -0.899086 -0.0386306 0.381695
1.42104 0.622858 -0.899403 -0.0355369 0.340158
1.42961 0.631429 -0.899696 -0.0327993 0.298621
1.43818 0.640001 -0.899967 -0.0304177 0.257084
1.44675 0.648572 -0.900218 -0.0283921 0.215547
1.45532 0.657143 -0.900454 -0.0267226 0.17401
1.46389 0.665715 -0.900678 -0.0254091 0.132473
1.47247 0.674286 -0.900891 -0.0244516 0.0909356
1.48104 0.682858 -0.901098 -0.0238502 0.0493985
1.48961 0.691429 -0.901301 -0.0236048 0.00786142
1.49818 0.700001 -0.901503 -0.0237154 -0.0336757
1.50675 0.708572 -0.901708 -0.0241821 -0.0752128
1.51532 0.717143 -0.901919 -0.0249888 -0.105572
1.52389 0.725715 -0.902137 -0.0259279 -0.113555
1.53247 0.734286 -0.902364 -0.0269355 -0.121537
1.54104 0.742858 -0.902599 -0.0280114 -0.129519
1.54961 0.751429 -0.902844 -0.0291558 -0.137501
1.55818 0.76 -0.903099 -0.0303686 -0.145484
1.56675 0.768572 -0.903365 -0.0316498 -0.153466
1.57532 0.777143 -0.903642 -0.0329994 -0.161448
1.58389 0.785715 -0.903931 -0.0344175 -0.169431
1.59247 0.794286 -0.904232 -0.035904 -0.177413
1.60104 0.802858 -0.904546 -0.0374589 -0.185395
1.60961 0.811429 -0.904874 -0.0390822 -0.193377
1.61818 0.82 -0.905217 -0.0407739 -0.20136
1.62675 0.828572 -0.905574 -0.0425341 -0.209342
1.63532 0.837143 -0.905946 -0.0443626 -0.217324
1.64389 0.845715 -0.906334 -0.0462596 -0.225307
1.65247 0.854286 -0.906739 -0.048225 -0.233289
1.66104 0.862858 -0.907161 -0.0502663 -0.243892
1.66961 0.871429 -0.907601 -0.0524079 -0.255808
1.67818 0.88 -0.90806 -0.0546516 -0.267723
1.68675 0.888572 -0.908538 -0.0569974 -0.279639
1.69532 0.897143 -0.909037 -0.0594454 -0.291554
1.70389 0.905715 -0.909558 -0.0619955 -0.30347
1.71247 0.914286 -0.9101 -0.0646478 -0.315386
1.72104 0.922858 -0.910666 -0.0674021 -0.327301
1.72961 0.931429 -0.911256 -0.0702586 -0.339217
1.73818 0.94 -0.911871 -0.0732173 -0.351132
1.74675 0.948572 -0.912512 -0.076278 -0.363048
1.75532 0.957143 -0.913179 -0.0794409 -0.374963
1.76389 0.965715 -0.913874 -0.082706 -0.386879
1.77247 0.974286 -0.914597 -0.0860732 -0.398795
1.78104 0.982858 -0.91535 -0.0895425 -0.41071
1.78961 0.991429 -0.916132 -0.0931139 -0.422626
1.79818 1 -0.916946 -0.0967875 -0.434539
1.80675 1.00857 -0.917791 -0.100345 -0.395518
1.81532 1.01714 -0.918665 -0.103568 -0.356498
1.82389 1.02571 -0.919566 -0.106456 -0.317477
1.83247 1.03429 -0.920489 -0.10901 -0.278456
1.84104 1.04286 -0.921433 -0.11123 -0.239436
1.84961 1.05143 -0.922395 -0.113115 -0.200415
1.85818 1.06 -0.923372 -0.114665 -0.161394
1.86675 1.06857 -0.92436 -0.115882 -0.122374
1.87532 1.07714 -0.925357 -0.116763 -0.0833529
1.88389 1.08571 -0.926361 -0.117311 -0.0443323
1.89247 1.09429 -0.927367 -0.117523 -0.00531161
1.90104 1.10286 -0.928374 -0.117402 0.0337091
1.90961 1.11143 -0.929379 -0.116945 0.0727297
1.91818 1.12 -0.930378 -0.116155 0.11175
1.92675 1.12857 -0.931369 -0.11503 0.150771
1.93532 1.13714 -0.932349 -0.11357 0.189792
1.94389 1.14571 -0.933315 -0.111804 0.209478
1.95247 1.15429 -0.934266 -0.11009 0.190466
1.96104 1.16286 -0.935203 -0.108539 0.171454
1.96961 1.17143 -0.936127 -0.10715 0.152442
1.97818 1.18 -0.93704 -0.105925 0.13343
1.98675 1.18857 -0.937943 -0.104863 0.114418
1.99532 1.19714 -0.938838 -0.103964 0.0954058
2.00389 1.20571 -0.939726 -0.103228 0.0763938
2.01247 1.21429 -0.940608 -0.102654 0.0573817
2.02104 1.22286 -0.941486 -0.102244 0.0383697
2.02961 1.23143 -0.942362 -0.101996 0.0193577
2.03818 1.24 -0.943235 -0.101912 0.000345689
2.04675 1.24857 -0.944109 -0.101991 -0.0186663
2.05532 1.25714 -0.944984 -0.102232 -0.0376784
2.06389 1.26571 -0.945862 -0.102636 -0.0566904
2.07247 1.27429 -0.946744 -0.103204 -0.0757024
2.08104 1.28286 -0.947632 -0.103934 -0.0947144
2.08961 1.29143 -0.948526 -0.104809 -0.107071
2.09818 1.3 -0.949429 -0.105765 -0.116102
2.10675 1.30857 -0.95034 -0.106799 -0.125133
2.11532 1.31714 -0.95126 -0.10791 -0.134165
2.12389 1.32571 -0.95219 -0.109099 -0.143196
2.13247 1.33429 -0.95313 -0.110365 -0.152227
2.14104 1.34286 -0.954082 -0.111708 -0.161259
2.14961 1.35143 -0.955046 -0.113129 -0.17029
2.15818 1.36 -0.956022 -0.114628 -0.179321
2.16675 1.36857 -0.957011 -0.116203 -0.188353
2.17532 1.37714 -0.958014 -0.117857 -0.197384
2.18389 1.38571 -0.959031 -0.119587 -0.206416
2.19247 1.39429 -0.960064 -0.121395 -0.215447
2.20104 1.40286 -0.961113 -0.123281 -0.224478
2.20961 1.41143 -0.962178 -0.125243 -0.23351
2.21818 1.42 -0.96326 -0.127284 -0.242541
2.22675 1.42857 -0.96436 -0.129401 -0.251572
2.23532 1.43714 -0.965478 -0.131548 -0.249422
2.24389 1.44571 -0.966615 -0.133677 -0.247271
2.25247 1.45429 -0.96777 -0.135787 -0.24512
2.26104 1.46286 -0.968943 -0.137879 -0.242969
2.26961 1.47143 -0.970133 -0.139952 -0.240818
2.27818 1.48 -0.971342 -0.142007 -0.238667
2.28675 1.48857 -0.972568 -0.144044 -0.236516
2.29532 1.49714 -0.973811 -0.146062 -0.234365
2.30389 1.50571 -0.975072 -0.148062 -0.232214
2.31247 1.51429 -0.976349 -0.150043 -0.230063
2.32104 1.52286 -0.977644 -0.152005 -0.227912
2.32961 1.53143 -0.978955 -0.15395 -0.225761
2.33818 1.54 -0.980283 -0.155876 -0.223611
2.34675 1.54857 -0.981627 -0.157783 -0.22146
2.35532 1.55714 -0.982988 -0.159672 -0.219309
2.36389 1.56571 -0.984364 -0.161543 -0.217158
2.37247 1.57429 -0.985757 -0.16338 -0.204712
2.38104 1.58286 -0.987164 -0.164993 -0.171676
2.38961 1.59143 -0.988585 -0.166323 -0.138641
2.39818 1.6 -0.990015 -0.16737 -0.105605
2.40675 1.60857 -0.991453 -0.168134 -0.0725697
2.41532 1.61714 -0.992896 -0.168614 -0.0395341
2.42389 1.62571 -0.994343 -0.168811 -0.00649846
2.43247 1.63429 -0.995789 -0.168725 0.0265371
2.44104 1.64286 -0.997234 -0.168356 0.0595728
2.44961 1.65143 -0.998675 -0.167704 0.0926084
2.45818 1.66 -1.00011 -0.166769 0.125644
2.46675 1.66857 -1.00153 -0.16555 0.15868
2.47532 1.67714 -1.00295 -0.164049 0.191715
2.48389 1.68571 -1.00434 -0.162264 0.224751
2.49247 1.69429 -1.00573 -0.160196 0.257786
2.50104 1.70286 -1.00709 -0.157844 0.290822
2.50961 1.71143 -1.00843 -0.15521 0.323858
2.51818 1.72 -1.00975 -0.152422 0.311534
2.52675 1.72857 -1.01105 -0.149902 0.276507
2.53532 1.73714 -1.01232 -0.147682 0.241481
2.54389 1.74571 -1.01358 -0.145762 0.206454
2.55247 1.75429 -1.01482 -0.144143 0.171428
2.56104 1.76286 -1.01605 -0.142824 0.136401
2.56961 1.77143 -1.01727 -0.141805 0.101375
2.57818 1.78 -1.01848 -0.141086 0.0663481
2.58675 1.78857 -1.01969 -0.140667 0.0313216
2.59532 1.79714 -1.02089 -0.140549 -0.00370483
2.60389 1.80571 -1.0221 -0.140731 -0.0387313
2.61247 1.81429 -1.02331 -0.141213 -0.0737578
2.62104 1.82286 -1.02452 -0.141995 -0.108784
2.62961 1.83143 -1.02574 -0.143078 -0.143811
2.63818 1.84 -1.02697 -0.14446 -0.178837
2.64675 1.84857 -1.02822 -0.146143 -0.213864
2.65532 1.85714 -1.02948 -0.148127 -0.24889
2.66389 1.86571 -1.03076 -0.150279 -0.253323
2.67247 1.87429 -1.03206 -0.152469 -0.257746
2.68104 1.88286 -1.03337 -0.154698 -0.262169
2.68961 1.89143 -1.03471 -0.156964 -0.266592
2.69818 1.9 -1.03606 -0.159268 -0.271015
2.70675 1.90857 -1.03744 -0.16161 -0.275438
2.71532 1.91714 -1.03883 -0.163989 -0.27986
2.72389 1.92571 -1.04025 -0.166407 -0.284283
2.73247 1.93429 -1.04169 -0.168863 -0.288706
2.74104 1.94286 -1.04315 -0.171356 -0.293129
2.74961 1.95143 -1.04463 -0.173888 -0.297552
2.75818 1.96 -1.04613 -0.176457 -0.301975
2.76675 1.96857 -1.04765 -0.179065 -0.306398
2.77532 1.97714 -1.0492 -0.18171 -0.310821
2.78389 1.98571 -1.05077 -0.184393 -0.315244
2.79247 1.99429 -1.05236 -0.187114 -0.319667
2.80104 2.00286 -1.05397 -0.18985 -0.308277
2.80961 2.01143 -1.05561 -0.192309 -0.26527
2.81818 2.02 -1.05727 -0.194398 -0.222263
2.82675 2.02857 -1.05894 -0.196119 -0.179255
2.83532 2.03714 -1.06063 -0.197471 -0.136248
2.84389 2.04571 -1.06233 -0.198454 -0.0932408
2.85247 2.05429 -1.06403 -0.199069 -0.0502335
2.86104 2.06286 -1.06574 -0.199316 -0.00722612
2.86961 2.07143 -1.06745 -0.199193 0.0357812
2.87818 2.08 -1.06915 -0.198702 0.0787886
2.88675 2.08857 -1.07085 -0.197843 0.121796
2.89532 2.09714 -1.07254 -0.196614 0.164803
2.90389 2.10571 -1.07422 -0.195017 0.207811
2.91247 2.11429 -1.07588 -0.193052 0.250818
2.92104 2.12286 -1.07753 -0.190718 0.293825
2.92961 2.13143 -1.07915 -0.188015 0.336833
2.93818 2.14 -1.08075 -0.184943 0.37984
2.94675 2.14857 -1.08232 -0.181659 0.368372
2.95532 2.15714 -1.08387 -0.178667 0.329645
2.96389 2.16571 -1.08539 -0.176008 0.290919
2.97247 2.17429 -1.08689 -0.17368 0.252192
2.98104 2.18286 -1.08837 -0.171684 0.213465
2.98961 2.19143 -1.08983 -0.170021 0.174738
2.99818 2.2 -1.09128 -0.168689 0.136012
3.00675 2.20857 -1.09272 -0.167689 0.097285
3.01532 2.21714 -1.09416 -0.167021 0.0585582
3.02389 2.22571 -1.09559 -0.166685 0.0198315
3.03247 2.23429 -1.09701 -0.166681 -0.0188952
3.04104 2.24286 -1.09844 -0.167009 -0.0576219
3.04961 2.25143 -1.09988 -0.167669 -0.0963486
3.05818 2.26 -1.10132 -0.168661 -0.135075
3.06675 2.26857 -1.10277 -0.169985 -0.173802
3.07532 2.27714 -1.10423 -0.17164 -0.212529
3.08389 2.28571 -1.10571 -0.173628 -0.251253
3.09247 2.29429 -1.10721 -0.175881 -0.274535
3.10104 2.30286 -1.10873 -0.178334 -0.297817
3.10961 2.31143 -1.11027 -0.180987 -0.3211
3.11818 2.32 -1.11183 -0.183839 -0.344382
3.12675 2.32857 -1.11342 -0.186891 -0.367664
3.13532 2.33714 -1.11504 -0.190142 -0.390947
3.14389 2.34571 -1.11668 -0.193592 -0.414229
3.15247 2.35429 -1.11836 -0.197243 -0.437512
3.16104 2.36286 -1.12006 -0.201093 -0.460794
3.16961 2.37143 -1.1218 -0.205142 -0.484076
3.17818 2.38 -1.12358 -0.209391 -0.507359
3.18675 2.38857 -1.12539 -0.21384 -0.530641
3.19532 2.39714 -1.12725 -0.218488 -0.553924
3.20389 2.40571 -1.12914 -0.223336 -0.577206
3.21247 2.41429 -1.13108 -0.228383 -0.600488
3.22104 2.42286 -1.13306 -0.23363 -0.623771
3.22961 2.43143 -1.13508 -0.23901 -0.600913
3.23818 2.44 -1.13715 -0.243667 -0.485767
3.24675 2.44857 -1.13926 -0.247338 -0.37062
3.25532 2.45714 -1.14139 -0.250021 -0.255474
3.26389 2.46571 -1.14354 -0.251717 -0.140327
3.27247 2.47429 -1.1457 -0.252426 -0.0251809
3.28104 2.48286 -1.14786 -0.252149 0.0899655
3.28961 2.49143 -1.15002 -0.250884 0.205112
3.29818 2.5 -1.15216 -0.248633 0.320259
3.30675 2.50857 -1.15428 -0.245394 0.435405
3.31532 2.51714 -1.15637 -0.241168 0.550552
3.32389 2.52571 -1.15841 -0.235956 0.665698
3.33247 2.53429 -1.16041 -0.229756 0.780844
3.34104 2.54286 -1.16235 -0.22257 0.895991
3.34961 2.55143 -1.16422 -0.214397 1.01114
3.35818 2.56 -1.16602 -0.205236 1.12628
3.36675 2.56857 -1.16774 -0.195089 1.24143
3.37532 2.57714 -1.16936 -0.184362 1.21394
3.38389 2.58571 -1.1709 -0.17438 1.11512
3.39247 2.59429 -1.17235 -0.165246 1.01631
3.40104 2.60286 -1.17373 -0.156958 0.91749
3.40961 2.61143 -1.17505 -0.149517 0.818674
3.41818 2.62 -1.1763 -0.142924 0.719859
3.42675 2.62857 -1.1775 -0.137177 0.621043
3.43532 2.63714 -1.17865 -0.132277 0.522227
3.44389 2.64571 -1.17977 -0.128224 0.423412
3.45247 2.65429 -1.18085 -0.125019 0.324596
3.46104 2.66286 -1.18192 -0.12266 0.22578
3.46961 2.67143 -1.18296 -0.121148 0.126965
3.47818 2.68 -1.184 -0.120483 0.0281491
3.48675 2.68857 -1.18503 -0.120666 -0.0706666
3.49532 2.69714 -1.18607 -0.121695 -0.169482
3.50389 2.70571 -1.18712 -0.123571 -0.268298
3.51247 2.71429 -1.18819 -0.126294 -0.367114
3.52104 2.72286 -1.18928 -0.129789 -0.448338
3.52961 2.73143 -1.19041 -0.13398 -0.529559
3.53818 2.74 -1.19158 -0.138867 -0.61078
3.54675 2.74857 -1.1928 -0.144451 -0.692
3.55532 2.75714 -1.19406 -0.15073 -0.773221
3.56389 2.76571 -1.19538 -0.157706 -0.854442
3.57247 2.77429 -1.19677 -0.165378 -0.935662
3.58104 2.78286 -1.19822 -0.173746 -1.01688
3.58961 2.79143 -1.19975 -0.18281 -1.0981
3.59818 2.8 -1.20136 -0.19257 -1.17932
3.60675 2.80857 -1.20305 -0.203027 -1.26054
3.61532 2.81714 -1.20484 -0.21418 -1.34177
3.62389 2.82571 -1.20672 -0.226029 -1.42299
3.63247 2.83429 -1.20871 -0.238574 -1.50421
3.64104 2.84286 -1.21082 -0.251815 -1.58543
3.64961 2.85143 -1.21303 -0.265752 -1.66665
3.65818 2.86 -1.21537 -0.280248 -1.65141
3.66675 2.86857 -1.21783 -0.29351 -1.44297
3.67532 2.87714 -1.2204 -0.304985 -1.23452
3.68389 2.88571 -1.22306 -0.314673 -1.02608
3.69247 2.89429 -1.22579 -0.322575 -0.817637
3.70104 2.90286 -1.22858 -0.32869 -0.609193
3.70961 2.91143 -1.23142 -0.333018 -0.40075
3.71818 2.92 -1.23429 -0.33556 -0.192307
3.72675 2.92857 -1.23717 -0.336315 0.0161357
3.73532 2.93714 -1.24005 -0.335283 0.224579
3.74389 2.94571 -1.24291 -0.332465 0.433022
3.75247 2.95429 -1.24574 -0.32786 0.641465
3.76104 2.96286 -1.24852 -0.321468 0.849908
3.76961 2.97143 -1.25125 -0.31329 1.05835
3.77818 2.98 -1.25389 -0.303325 1.26679
3.78675 2.98857 -1.25644 -0.291574 1.47524
3.79532 2.99714 -1.25888 -0.278036 1.68368
3.80389 3.00571 -1.2612 -0.263394 1.65308
3.81247 3.01429 -1.2634 -0.249868 1.50299
3.82104 3.02286 -1.26549 -0.237628 1.35289
3.82961 3.03143 -1.26748 -0.226675 1.20279
3.83818 3.04 -1.26938 -0.217009 1.0527
3.84675 3.04857 -1.2712 -0.208629 0.902598
3.85532 3.05714 -1.27296 -0.201536 0.752501
3.86389 3.06571 -1.27466 -0.195729 0.602405
3.87247 3.07429 -1.27632 -0.191209 0.452308
3.88104 3.08286 -1.27794 -0.187975 0.302211
3.88961 3.09143 -1.27954 -0.186028 0.152114
3.89818 3.1 -1.28114 -0.185368 0.00201748
3.90675 3.10857 -1.28273 -0.185994 -0.148079
3.91532 3.11714 -1.28433 -0.187906 -0.298176
3.92389 3.12571 -1.28595 -0.191105 -0.448273
3.93247 3.13429 -1.28761 -0.195591 -0.59837
3.94104 3.14286 -1.28931 -0.201363 -0.748467
3.94961 3.15143 -1.29106 -0.207568 -0.699353
3.95818 3.16 -1.29286 -0.213352 -0.650205
3.96675 3.16857 -1.29472 -0.218714 -0.601057
3.97532 3.17714 -1.29661 -0.223656 -0.551908
3.98389 3.18571 -1.29855 -0.228176 -0.50276
3.99247 3.19429 -1.30052 -0.232274 -0.453612
4.00104 3.20286 -1.30253 -0.235952 -0.404463
4.00961 3.21143 -1.30457 -0.239208 -0.355315
4.01818 3.22 -1.30663 -0.242043 -0.306167
4.02675 3.22857 -1.30872 -0.244457 -0.257018
4.03532 3.23714 -1.31082 -0.246449 -0.20787
4.04389 3.24571 -1.31294 -0.24802 -0.158722
4.05247 3.25429 -1.31507 -0.24917 -0.109573
4.06104 3.26286 -1.31721 -0.249898 -0.0604249
4.06961 3.27143 -1.31935 -0.250206 -0.0112765
4.07818 3.28 -1.3215 -0.250092 0.0378718
4.08675 3.28857 -1.32364 -0.249606 0.052431
4.09532 3.29714 -1.32578 -0.24939 -0.00212963
4.10389 3.30571 -1.32792 -0.249642 -0.0566902
4.11247 3.31429 -1.33006 -0.250362 -0.111251
4.12104 3.32286 -1.33221 -0.25155 -0.165811
4.12961 3.33143 -1.33437 -0.253205 -0.220372
4.13818 3.34 -1.33655 -0.255327 -0.274933
4.14675 3.34857 -1.33875 -0.257918 -0.329493
4.15532 3.35714 -1.34097 -0.260976 -0.384054
4.16389 3.36571 -1.34323 -0.264502 -0.438614
4.17247 3.37429 -1.34551 -0.268495 -0.493175
4.18104 3.38286 -1.34783 -0.272956 -0.547735
4.18961 3.39143 -1.35019 -0.277885 -0.602296
4.19818 3.4 -1.35259 -0.283281 -0.656857
4.20675 3.40857 -1.35505 -0.289145 -0.711417
4.21532 3.41714 -1.35755 -0.295477 -0.765978
4.22389 3.42571 -1.36011 -0.302276 -0.820538
4.23247 3.43429 -1.36274 -0.30931 -0.793319
4.24104 3.44286 -1.36541 -0.315818 -0.725205
4.24961 3.45143 -1.36815 -0.321742 -0.657091
4.25818 3.46 -1.37093 -0.327082 -0.588976
4.26675 3.46857 -1.37375 -0.331838 -0.520862
4.27532 3.47714 -1.37662 -0.336011 -0.452748
4.28389 3.48571 -1.37951 -0.3396 -0.384633
4.29247 3.49429 -1.38244 -0.342605 -0.316519
4.30104 3.50286 -1.38538 -0.345026 -0.248404
4.30961 3.51143 -1.38835 -0.346863 -0.18029
4.31818 3.52 -1.39133 -0.348117 -0.112176
4.32675 3.52857 -1.39431 -0.348786 -0.0440615
4.33532 3.53714 -1.39731 -0.348872 0.0240529
4.34389 3.54571 -1.40029 -0.348374 0.0921672
4.35247 3.55429 -1.40328 -0.347292 0.160282
4.36104 3.56286 -1.40625 -0.345626 0.228396
4.36961 3.57143 -1.4092 -0.343376 0.29651
4.37818 3.58 -1.41213 -0.340436 0.389658
4.38675 3.58857 -1.41503 -0.336697 0.482806
4.39532 3.59714 -1.4179 -0.332159 0.575954
4.40389 3.60571 -1.42072 -0.326823 0.669103
4.41247 3.61429 -1.4235 -0.320689 0.762251
4.42104 3.62286 -1.42622 -0.313756 0.855399
4.42961 3.63143 -1.42888 -0.306025 0.948547
4.43818 3.64 -1.43146 -0.297495 1.0417
4.44675 3.64857 -1.43397 -0.288167 1.13484
4.45532 3.65714 -1.4364 -0.278041 1.22799
4.46389 3.66571 -1.43874 -0.267116 1.32114
4.47247 3.67429 -1.44098 -0.255393 1.41429
4.48104 3.68286 -1.44311 -0.242871 1.50744
4.48961 3.69143 -1.44514 -0.229551 1.60058
4.49818 3.7 -1.44705 -0.215432 1.69373
4.50675 3.70857 -1.44883 -0.200515 1.78688
4.51532 3.71714 -1.45048 -0.184934 1.78623
4.52389 3.72571 -1.452 -0.170431 1.59779
4.53247 3.73429 -1.45341 -0.157543 1.40934
4.54104 3.74286 -1.45471 -0.146271 1.2209
4.54961 3.75143 -1.45592 -0.136614 1.03246
4.55818 3.76 -1.45706 -0.128572 0.844015
4.56675 3.76857 -1.45813 -0.122145 0.655572
4.57532 3.77714 -1.45915 -0.117333 0.467129
4.58389 3.78571 -1.46015 -0.114137 0.278686
4.59247 3.79429 -1.46112 -0.112556 0.0902432
4.60104 3.80286 -1.46208 -0.11259 -0.0981997
4.60961 3.81143 -1.46305 -0.114239 -0.286643
4.61818 3.82 -1.46404 -0.117504 -0.475086
4.62675 3.82857 -1.46507 -0.122384 -0.663528
4.63532 3.83714 -1.46615 -0.128879 -0.851971
4.64389 3.84571 -1.46728 -0.136989 -1.04041
4.65247 3.85429 -1.4685 -0.146714 -1.22886
4.66104 3.86286 -1.4698 -0.157371 -1.17793
4.66961 3.87143 -1.47119 -0.166736 -1.00715
4.67818 3.88 -1.47266 -0.174637 -0.836366
4.68675 3.88857 -1.47418 -0.181074 -0.665582
4.69532 3.89714 -1.47576 -0.186047 -0.494798
4.70389 3.90571 -1.47737 -0.189556 -0.324014
4.71247 3.91429 -1.479 -0.191601 -0.15323
4.72104 3.92286 -1.48065 -0.192183 0.0175536
4.72961 3.93143 -1.48229 -0.1913 0.188338
4.73818 3.94 -1.48392 -0.188954 0.359122
4.74675 3.94857 -1.48553 -0.185144 0.529906
4.75532 3.95714 -1.48709 -0.17987 0.700689
4.76389 3.96571 -1.48861 -0.173132 0.871473
4.77247 3.97429 -1.49006 -0.16493 1.04226
4.78104 3.98286 -1.49143 -0.155265 1.21304
4.78961 3.99143 -1.49271 -0.144135 1.38383
4.79818 4 -1.4939 -0.131542 1.5546
4.80675 4.00857 -1.49497 -0.11895 1.38355
4.81532 4.01714 -1.49594 -0.107824 1.21251
4.82389 4.02571 -1.49682 -0.0981642 1.04147
4.83247 4.03429 -1.49763 -0.0899703 0.870427
4.84104 4.04286 -1.49837 -0.0832425 0.699385
4.84961 4.05143 -1.49906 -0.0779809 0.528343
4.85818 4.06 -1.49971 -0.0741852 0.3573
4.86675 4.06857 -1.50033 -0.0718557 0.186258
4.87532 4.07714 -1.50094 -0.0709923 0.0152154
4.88389 4.08571 -1.50155 -0.0715949 -0.155827
4.89247 4.09429 -1.50218 -0.0736636 -0.326869
4.90104 4.10286 -1.50282 -0.0771984 -0.497912
4.90961 4.11143 -1.5035 -0.0821992 -0.668954
4.91818 4.12 -1.50424 -0.0886661 -0.839997
4.92675 4.12857 -1.50503 -0.0965992 -1.01104
4.93532 4.13714 -1.5059 -0.105998 -1.18208
4.94389 4.14571 -1.50685 -0.116726 -1.25715
4.95247 4.15429 -1.50789 -0.127 -1.14011
4.96104 4.16286 -1.50902 -0.136271 -1.02307
4.96961 4.17143 -1.51023 -0.144539 -0.906034
4.97818 4.18 -1.5115 -0.151803 -0.788996
4.98675 4.18857 -1.51283 -0.158064 -0.671957
4.99532 4.19714 -1.51421 -0.163322 -0.554919
5.00389 4.20571 -1.51562 -0.167577 -0.437881
5.01247 4.21429 -1.51708 -0.170829 -0.320842
5.02104 4.22286 -1.51855 -0.173077 -0.203804
5.02961 4.23143 -1.52004 -0.174323 -0.0867657
5.03818 4.24 -1.52154 -0.174565 0.0302727
5.04675 4.24857 -1.52303 -0.173804 0.147311
5.05532 4.25714 -1.52451 -0.17204 0.264349
5.06389 4.26571 -1.52598 -0.169272 0.381388
5.07247 4.27429 -1.52741 -0.165501 0.498426
5.08104 4.28286 -1.52881 -0.160728 0.615465
5.08961 4.29143 -1.53016 -0.155301 0.60977
5.09818 4.3 -1.53147 -0.150362 0.542759
5.10675 4.30857 -1.53274 -0.145997 0.475748
5.11532 4.31714 -1.53398 -0.142206 0.408738
5.12389 4.32571 -1.53518 -0.13899 0.341727
5.13247 4.33429 -1.53636 -0.136348 0.274717
5.14104 4.34286 -1.53752 -0.134281 0.207706
5.14961 4.35143 -1.53867 -0.132787 0.140696
5.15818 4.36 -1.5398 -0.131869 0.0736849
5.16675 4.36857 -1.54093 -0.131524 0.00667435
5.17532 4.37714 -1.54206 -0.131754 -0.0603362
5.18389 4.38571 -1.54319 -0.132559 -0.127347
5.19247 4.39429 -1.54433 -0.133937 -0.194357
5.20104 4.40286 -1.54549 -0.13589 -0.261368
5.20961 4.41143 -1.54666 -0.138418 -0.328379
5.21818 4.42 -1.54786 -0.14152 -0.395389
5.22675 4.42857 -1.54909 -0.145196 -0.4624
5.23532 4.43714 -1.55035 -0.149313 -0.498145
5.24389 4.44571 -1.55165 -0.153736 -0.53389
5.25247 4.45429 -1.55299 -0.158465 -0.569635
5.26104 4.46286 -1.55437 -0.163501 -0.60538
5.26961 4.47143 -1.55579 -0.168843 -0.641124
5.27818 4.48 -1.55726 -0.174492 -0.676869
5.28675 4.48857 -1.55878 -0.180446 -0.712614
5.29532 4.49714 -1.56036 -0.186708 -0.748358
5.30389 4.50571 -1.56198 -0.193275 -0.784103
5.31247 4.51429 -1.56367 -0.20015 -0.819848
5.32104 4.52286 -1.56542 -0.20733 -0.855592
5.32961 4.53143 -1.56723 -0.214817 -0.891337
5.33818 4.54 -1.5691 -0.22261 -0.927082
5.34675 4.54857 -1.57104 -0.23071 -0.962826
5.35532 4.55714 -1.57306 -0.239116 -0.998571
5.36389 4.56571 -1.57514 -0.247828 -1.03432
5.37247 4.57429 -1.57731 -0.256688 -0.958993
5.38104 4.58286 -1.57954 -0.263633 -0.661519
5.38961 4.59143 -1.58182 -0.268028 -0.364046
5.39818 4.6 -1.58412 -0.269874 -0.066572
5.40675 4.60857 -1.58644 -0.26917 0.230902
5.41532 4.61714 -1.58873 -0.265916 0.528376
5.42389 4.62571 -1.59099 -0.260112 0.825849
5.43247 4.63429 -1.59318 -0.251758 1.12332
5.44104 4.64286 -1.5953 -0.240855 1.4208
5.44961 4.65143 -1.59731 -0.227402 1.71827
5.45818 4.66 -1.59919 -0.211399 2.01574
5.46675 4.66857 -1.60092 -0.192846 2.31322
5.47532 4.67714 -1.60249 -0.171744 2.61069
5.48389 4.68571 -1.60386 -0.148091 2.90817
5.49247 4.69429 -1.60502 -0.121889 3.20564
5.50104 4.70286 -1.60594 -0.0931375 3.50311
5.50961 4.71143 -1.60661 -0.061836 3.80059
5.51818 4.72 -1.607 -0.0294918 3.57037
5.52675 4.72857 -1.60712 -0.00100723 3.07603
5.53532 4.73714 -1.60703 0.0232401 2.58169
5.54389 4.74571 -1.60674 0.0432503 2.08735
5.55247 4.75429 -1.6063 0.0590232 1.59301
5.56104 4.76286 -1.60574 0.070559 1.09867
5.56961 4.77143 -1.6051 0.0778575 0.604325
5.57818 4.78 -1.60442 0.0809188 0.109984
5.58675 4.78857 -1.60372 0.0797429 -0.384357
5.59532 4.79714 -1.60306 0.0743298 -0.878698
5.60389 4.80571 -1.60246 0.0646795 -1.37304
5.61247 4.81429 -1.60196 0.050792 -1.86738
5.62104 4.82286 -1.6016 0.0326673 -2.36172
5.62961 4.83143 -1.60142 0.0103054 -2.85606
5.63818 4.84 -1.60144 -0.0162937 -3.3504
5.64675 4.84857 -1.60171 -0.0471301 -3.84474
5.65532 4.85714 -1.60226 -0.0822036 -4.33908
5.66389 4.86571 -1.60312 -0.118066 -4.02852
5.67247 4.87429 -1.60428 -0.151264 -3.71768
5.68104 4.88286 -1.6057 -0.181798 -3.40684
5.68961 4.89143 -1.60738 -0.209667 -3.096
5.69818 4.9 -1.60929 -0.234872 -2.78517
5.70675 4.90857 -1.6114 -0.257413 -2.47433
5.71532 4.91714 -1.6137 -0.277289 -2.16349
5.72389 4.92571 -1.61615 -0.294501 -1.85266
5.73247 4.93429 -1.61874 -0.309049 -1.54182
5.74104 4.94286 -1.62144 -0.320932 -1.23098
5.74961 4.95143 -1.62423 -0.330151 -0.920144
5.75818 4.96 -1.62709 -0.336706 -0.609306
5.76675 4.96857 -1.63 -0.340597 -0.298469
5.77532 4.97714 -1.63292 -0.341823 0.0123679
5.78389 4.98571 -1.63585 -0.340385 0.323205
5.79247 4.99429 -1.63875 -0.336282 0.634042
5.80104 5.00286 -1.64161 -0.329641 0.85703
5.80961 5.01143 -1.6444 -0.322092 0.904344
5.81818 5.02 -1.64713 -0.314138 0.951658
5.82675 5.02857 -1.64978 -0.305778 0.998971
5.83532 5.03714 -1.65237 -0.297012 1.04629
5.84389 5.04571 -1.65487 -0.287842 1.0936
5.85247 5.05429 -1.6573 -0.278265 1.14091
5.86104 5.06286 -1.65964 -0.268283 1.18823
5.86961 5.07143 -1.6619 -0.257895 1.23554
5.87818 5.08 -1.66406 -0.247102 1.28285
5.88675 5.08857 -1.66613 -0.235904 1.33017
5.89532 5.09714 -1.66811 -0.224299 1.37748
5.90389 5.10571 -1.66998 -0.21229 1.4248
5.91247 5.11429 -1.67174 -0.199874 1.47211
5.92104 5.12286 -1.6734 -0.187054 1.51942
5.92961 5.13143 -1.67495 -0.173827 1.56674
5.93818 5.14 -1.67638 -0.160195 1.61405
5.94675 5.14857 -1.67769 -0.146483 1.54742
5.95532 5.15714 -1.67889 -0.133749 1.42377
5.96389 5.16571 -1.67999 -0.122076 1.30013
5.97247 5.17429 -1.68099 -0.111462 1.17648
5.98104 5.18286 -1.6819 -0.101907 1.05283
5.98961 5.19143 -1.68274 -0.0934131 0.929184
5.99818 5.2 -1.68351 -0.0859786 0.805537
6.00675 5.20857 -1.68422 -0.0796039 0.681889
6.01532 5.21714 -1.68488 -0.074289 0.558242
6.02389 5.22571 -1.68549 -0.070034 0.434594
6.03247 5.23429 -1.68608 -0.0668388 0.310947
6.04104 5.24286 -1.68664 -0.0647035 0.187299
6.04961 5.25143 -1.68719 -0.063628 0.0636517
6.05818 5.26 -1.68774 -0.0636123 -0.0599958
6.06675 5.26857 -1.68829 -0.0646565 -0.183643
6.07532 5.27714 -1.68885 -0.0667605 -0.307291
6.08389 5.28571 -1.68943 -0.0699243 -0.430975
6.09247 5.29429 -1.69005 -0.0750241 -0.75897
6.10104 5.30286 -1.69073 -0.0829353 -1.08697
6.10961 5.31143 -1.69148 -0.0936578 -1.41496
6.11818 5.32 -1.69234 -0.107192 -1.74296
6.12675 5.32857 -1.69333 -0.123537 -2.07095
6.13532 5.33714 -1.69447 -0.142694 -2.39895
6.14389 5.34571 -1.69578 -0.164662 -2.72694
6.15247 5.35429 -1.6973 -0.189441 -3.05494
6.16104 5.36286 -1.69904 -0.217032 -3.38293
6.16961 5.37143 -1.70103 -0.247434 -3.71093
6.17818 5.38 -1.70329 -0.280648 -4.03892
6.18675 5.38857 -1.70585 -0.316673 -4.36692
6.19532 5.39714 -1.70872 -0.355509 -4.69491
6.20389 5.40571 -1.71195 -0.397157 -5.02291
6.21247 5.41429 -1.71554 -0.441616 -5.3509
6.22104 5.42286 -1.71953 -0.488887 -5.6789
6.22961 5.43143 -1.72393 -0.538091 -5.39239
6.23818 5.44 -1.72872 -0.577816 -3.87668
6.24675 5.44857 -1.7338 -0.604549 -2.36097
6.25532 5.45714 -1.73905 -0.61829 -0.845255
6.26389 5.46571 -1.74436 -0.619039 0.670457
6.27247 5.47429 -1.74962 -0.606796 2.18617
6.28104 5.48286 -1.75472 -0.581562 3.70188
6.28961 5.49143 -1.75955 -0.543335 5.21759
6.29818 5.5 -1.764 -0.492117 6.73331
6.30675 5.50857 -1.76795 -0.427907 8.24902
6.31532 5.51714 -1.7713 -0.350705 9.76473
6.32389 5.52571 -1.77393 -0.260512 11.2804
6.33247 5.53429 -1.77573 -0.157326 12.7962
6.34104 5.54286 -1.77659 -0.041149 14.3119
6.34961 5.55143 -1.7764 0.0880201 15.8276
6.35818 5.56 -1.77504 0.230181 17.3433
6.36675 5.56857 -1.77241 0.385334 18.859
6.37532 5.57714 -1.76842 0.542645 16.5828
6.38389 5.58571 -1.76321 0.666902 12.4106
6.39247 5.59429 -1.75709 0.755397 8.23827
6.40104 5.60286 -1.75036 0.808129 4.06598
6.40961 5.61143 -1.74334 0.825099 -0.106309
6.41818 5.62 -1.73632 0.806307 -4.2786
6.42675 5.62857 -1.72962 0.751752 -8.45088
6.43532 5.63714 -1.72354 0.661435 -12.6232
6.44389 5.64571 -1.71838 0.535355 -16.7955
6.45247 5.65429 -1.71446 0.373513 -20.9677
6.46104 5.66286 -1.71208 0.175908 -25.14
6.46961 5.67143 -1.71155 -0.0574594 -29.3123
6.47818 5.68 -1.71317 -0.326589 -33.4846
6.48675 5.68857 -1.71725 -0.631481 -37.6569
6.49532 5.69714 -1.7241 -0.972136 -41.8292
6.50389 5.70571 -1.73402 -1.34855 -46.0015
6.51247 5.71429 -1.74732 -1.76073 -50.1738
6.52104 5.72286 -1.76421 -2.1776 -47.0927
6.52961 5.73143 -1.78457 -2.56804 -44.01
6.53818 5.74 -1.80816 -2.93205 -40.9272
6.54675 5.74857 -1.83476 -3.26965 -37.8444
6.55532 5.75714 -1.86414 -3.58081 -34.7617
6.56389 5.76571 -1.89607 -3.86556 -31.6789
6.57247 5.77429 -1.93033 -4.12388 -28.5962
6.58104 5.78286 -1.96669 -4.35578 -25.5134
6.58961 5.79143 -2.00492 -4.56125 -22.4306
6.59818 5.8 -2.04481 -4.74031 -19.3479
6.60675 5.80857 -2.08611 -4.89293 -16.2651
6.61532 5.81714 -2.12861 -5.01914 -13.1824
6.62389 5.82571 -2.17208 -5.11892 -10.0996
6.63247 5.83429 -2.21629 -5.19227 -7.01685
6.64104 5.84286 -2.26101 -5.23921 -3.93409
6.64961 5.85143 -2.30603 -5.25971 -0.851332
6.65818 5.86 -2.3511 -5.25219 3.36218
6.66675 5.86857 -2.39592 -5.1956 9.84066
6.67532 5.87714 -2.44001 -5.08349 16.3191
6.68389 5.88571 -2.4829 -4.91585 22.7976
6.69247 5.89429 -2.52412 -4.69267 29.2761
6.70104 5.90286 -2.56319 -4.41397 35.7546
6.70961 5.91143 -2.59963 -4.07974 42.2331
6.71818 5.92 -2.63297 -3.68997 48.7116
6.72675 5.92857 -2.66273 -3.24468 55.19
6.73532 5.93714 -2.68843 -2.74386 61.6685
6.74389 5.94571 -2.70961 -2.18751 68.147
6.75247 5.95429 -2.72578 -1.57562 74.6255
6.76104 5.96286 -2.73646 -0.908213 81.104
6.76961 5.97143 -2.74119 -0.185271 87.5824
6.77818 5.98 -2.73948 0.5932 94.0609
6.78675 5.98857 -2.73086 1.4272 100.539
6.79532 5.99714 -2.71485 2.31673 107.018
6.80389 6.00571 -2.69105 3.22564 100.843
6.81247 6.01429 -2.65985 4.03644 88.3425
6.82104 6.02286 -2.62216 4.74008 75.8418
6.82961 6.03143 -2.5789 5.33658 63.3412
6.83818 6.04 -2.53099 5.82593 50.8406
6.84675 6.04857 -2.47933 6.20813 38.3399
6.85532 6.05714 -2.42487 6.48319 25.8393
6.86389 6.06571 -2.3685 6.65109 13.3386
6.87247 6.07429 -2.31115 6.71185 0.838006
6.88104 6.08286 -2.25375 6.66546 -11.6626
6.88961 6.09143 -2.1972 6.51192 -24.1633
6.89818 6.1 -2.14242 6.25123 -36.6639
6.90675 6.10857 -2.09034 5.88339 -49.1645
6.91532 6.11714 -2.04187 5.40841 -61.6652
6.92389 6.12571 -1.99793 4.82628 -74.1658
6.93247 6.13429 -1.95944 4.137 -86.6665
6.94104 6.14286 -1.92731 3.34057 -99.1671
6.94961 6.15143 -1.90221 2.53138 -89.6392
6.95818 6.16 -1.88369 1.8039 -80.107
6.96675 6.16857 -1.87105 1.15812 -70.5749
6.97532 6.17714 -1.8636 0.59404 -61.0428
6.98389 6.18571 -1.86063 0.111669 -51.5106
6.99247 6.19429 -1.86145 -0.288999 -41.9785
7.00104 6.20286 -1.86535 -0.607963 -32.4464
7.00961 6.21143 -1.87164 -0.845222 -22.9142
7.01818 6.22 -1.87961 -1.00078 -13.3821
7.02675 6.22857 -1.88856 -1.07463 -3.84996
7.03532 6.23714 -1.8978 -1.06678 5.68218
7.04389 6.24571 -1.90662 -0.977221 15.2143
7.05247 6.25429 -1.91432 -0.805961 24.7464
7.06104 6.26286 -1.9202 -0.552996 34.2786
7.06961 6.27143 -1.92356 -0.218328 43.8107
7.07818 6.28 -1.92371 0.198045 53.3428
7.08675 6.28857 -1.91994 0.687631 56.9349
7.09532 6.29714 -1.91206 1.14016 48.6561
7.10389 6.30571 -1.9006 1.52174 40.3774
7.11247 6.31429 -1.88618 1.83235 32.0986
7.12104 6.32286 -1.86939 2.072 23.8198
7.12961 6.33143 -1.85086 2.24069 15.5411
7.13818 6.34 -1.83118 2.33841 7.26229
7.14675 6.34857 -1.81097 2.36518 -1.01647
7.15532 6.35714 -1.79084 2.32099 -9.29524
7.16389 6.36571 -1.77139 2.20584 -17.574
7.17247 6.37429 -1.75323 2.01972 -25.8528
7.18104 6.38286 -1.73697 1.76265 -34.1315
7.18961 6.39143 -1.72321 1.43461 -42.4103
7.19818 6.4 -1.71258 1.03561 -50.6891
7.20675 6.40857 -1.70566 0.565654 -58.9678
7.21532 6.41714 -1.70308 0.0247347 -67.2466
7.22389 6.42571 -1.70544 -0.587145 -75.5254
7.23247 6.43429 -1.71328 -1.23417 -71.2665
7.24104 6.44286 -1.72635 -1.7999 -60.7377
7.24961 6.45143 -1.74388 -2.27538 -50.2088
7.25818 6.46 -1.7651 -2.66062 -39.68
7.26675 6.46857 -1.78923 -2.95561 -29.1511
7.27532 6.47714 -1.81551 -3.16035 -18.6223
7.28389 6.48571 -1.84315 -3.27485 -8.09343
7.29247 6.49429 -1.87139 -3.2991 2.43541
7.30104 6.50286 -1.89945 -3.2331 12.9643
7.30961 6.51143 -1.92656 -3.07685 23.4931
7.31818 6.52 -1.95194 -2.83036 34.0219
7.32675 6.52857 -1.97482 -2.49362 44.5508
7.33532 6.53714 -1.99443 -2.06663 55.0796
7.34389 6.54571 -2.00999 -1.5494 65.6085
7.35247 6.55429 -2.02073 -0.941917 76.1373
7.36104 6.56286 -2.02588 -0.244188 86.6662
7.36961 6.57143 -2.02466 0.543789 97.195
7.37818 6.58 -2.01653 1.34223 89.1078
7.38675 6.58857 -2.00185 2.07135 81.0201
7.39532 6.59714 -1.98122 2.73115 72.9324
7.40389 6.60571 -1.95523 3.32162 64.8447
7.41247 6.61429 -1.92447 3.84277 56.7571
7.42104 6.62286 -1.88955 4.2946 48.6694
7.42961 6.63143 -1.85105 4.6771 40.5817
7.43818 6.64 -1.80957 4.99029 32.494
7.44675 6.64857 -1.7657 5.23414 24.4063
7.45532 6.65714 -1.72004 5.40868 16.3186
7.46389 6.66571 -1.67318 5.51389 8.23093
7.47247 6.67429 -1.62571 5.54978 0.143246
7.48104 6.68286 -1.57824 5.51635 -7.94444
7.48961 6.69143 -1.53134 5.41359 -16.0321
7.49818 6.7 -1.48563 5.24151 -24.1198
7.50675 6.70857 -1.44169 5.00011 -32.2075
7.51532 6.71714 -1.40011 4.6927 -37.972
7.52389 6.72571 -1.36129 4.36245 -39.0851
7.53247 6.73429 -1.32535 4.02267 -40.1982
7.54104 6.74286 -1.29236 3.67334 -41.3112
7.54961 6.75143 -1.26241 3.31448 -42.4243
7.55818 6.76 -1.23557 2.94607 -43.5374
7.56675 6.76857 -1.21193 2.56812 -44.6505
7.57532 6.77714 -1.19157 2.18063 -45.7635
7.58389 6.78571 -1.17458 1.7836 -46.8766
7.59247 6.79429 -1.16102 1.37703 -47.9897
7.60104 6.80286 -1.151 0.960923 -49.1028
7.60961 6.81143 -1.14458 0.535272 -50.2158
7.61818 6.82 -1.14185 0.10008 -51.3289
7.62675 6.82857 -1.14289 -0.344652 -52.442
7.63532 6.83714 -1.14778 -0.798925 -53.555
7.64389 6.84571 -1.15661 -1.26274 -54.6681
7.65247 6.85429 -1.16946 -1.73609 -55.7812
7.66104 6.86286 -1.1864 -2.21687 -56.1526
7.66961 6.87143 -1.20746 -2.69818 -56.1526
7.67818 6.88 -1.23265 -3.17949 -56.1526
7.68675 6.88857 -1.26197 -3.66079 -56.1526
7.69532 6.89714 -1.29541 -4.1421 -56.1526
7.70389 6.90571 -1.33297 -4.62341 -56.1526
7.71247 6.91429 -1.37467 -5.10472 -56.1526
7.72104 6.92286 -1.42048 -5.58603 -56.1526
7.72961 6.93143 -1.47043 -6.06733 -56.1526
7.73818 6.94 -1.52449 -6.54864 -56.1526
7.74675 6.94857 -1.58269 -7.02995 -56.1526
7.75532 6.95714 -1.64501 -7.51126 -56.1526
7.76389 6.96571 -1.71145 -7.99257 -56.1526
7.77247 6.97429 -1.78202 -8.47387 -56.1526
7.78104 6.98286 -1.85672 -8.95518 -56.1526
7.78961 6.99143 -1.93554 -9.43649 -56.1526
7.79818 7 -2.01849 -9.9178 -56.1526


