T_nominal 443000
reduction #0  61  0.717424  4.5787e+06 -0.581179 3637.62 13.5942 

T_nominal 433000
reduction #0  61  0.789314  -0.166035 -0.200638 -29.97 2.31506 

T_nominal 428000
reduction #0  61  0.4798  35.0332 1.03335 0.334151 0.584312 

T_nominal 423000
reduction #0  61  0.390146  854.586 0.0626119 3.56275e+06 -96.0395 

T_nominal 418000
reduction #0  61  0.542919  163.495 1.09676 0.379476 1.09464 

T_nominal 413000
reduction #0  61  0.354906  916.8 0.0533638 9.37655e+06 -119.521 

T_nominal 408000
reduction #0  61  0.34884  1779.11 0.0448769 6.43179e+06 -136.607 
reduction #1  61  0.995983  1.36072 0.430984 1.25393e+06 -20.7219 866.643 0.794726 2.03932 0.0429696 

T_nominal 403000
reduction #0  61  0.447605  44.9028 1.36932 0.211302 0.782572 
reduction #1  61  0.991889  1.52136 0.540432 1.33691 -6.29966 224.873 -1.39591 6.68703 0.773264 

T_nominal 398000
reduction #0  61  0.296459  621.945 0.0417149 4.49268e+06 -144.304 
reduction #1  61  0.997163  1.56445 0.459396 1.94039 -6.52571 898.759 0.741113 2.20257 0.486283 

T_nominal 393000
reduction #0  61  0.283067  720.855 0.0357448 7.28137e+06 -173.161 
reduction #1  61  0.993038  59.2897 -1.44178 8.57691 0.874596 1.62222 0.455831 1.64484 -6.10428 

T_nominal 388000
reduction #0  61  0.263257  454.245 0.032852 2.39445e+06 -174.202 
reduction #1  61  0.992033  1.67766 0.392404 2.21144 -6.29292 175.722 1.25742 1.31648 0.693357 

T_nominal 383000
reduction #0  61  0.257427  839.477 0.0248817 2.91734e+06 -230.389 
reduction #1  61  0.967458  1.74376 0.329926 3.46558 -6.81523 471.286 0.30519 58154.5 -13.4664 

T_nominal 378000
reduction #0  61  0.224096  2266.94 0.0160572 790422 -316.326 
reduction #1  61  0.974888  1.82372 0.337759 1.61848 -5.41724 67.931 2.89514 0.576272 0.926165 

T_nominal 373000
reduction #0  61  0.577372  2.05558 0.226743 275317 -27.4359 

T_nominal 363000
reduction #0  61  0.63213  2.62171 0.281835 20.6242 -8.63375 

T_nominal 358000
reduction #0  61  0.5863  1.72394 0.309424 10.1788 -6.89308 

T_nominal 353000
reduction #0  61  0.626642  2.2917 0.352791 8.14944 -6.66253 

T_nominal 348000
reduction #0  61  0.436503  1.82322 0.300647 10.1386 -7.0017 

T_nominal 343000
reduction #0  61  0.456579  1.62444 0.308882 9.41657 -6.83197 

T_nominal 338000
reduction #0  61  0.605913  1.37333 0.331675 8.76996 -6.50195 

T_nominal 333000
reduction #0  61  0.487299  1.18654 0.407858 6.3454 -6.39194 

T_nominal 328000
reduction #0  61  0.606529  1.40307 0.40568 6.03278 -5.95576 

T_nominal 323000
reduction #0  61  0.620546  2.26419 0.446223 4.91048 -5.43707 

T_nominal 318000
reduction #0  61  0.697078  1.53412 0.417468 5.52548 -5.4744 

T_nominal 313000
reduction #0  61  0.634487  1.3248 0.404311 5.51994 -5.39816 

T_nominal 308000
reduction #0  61  0.714347  1.66236 0.468882 4.56265 -4.97623 

T_nominal 303000
reduction #0  61  0.832804  2.44548 0.460301 10.4047 -5.98583 0.00106946 1.57192 4.00289 -6.71822 

T_nominal 298000
reduction #0  61  0.656099  1.21633 0.388572 6.12798 -5.56449 

T_nominal 278000
reduction #0  61  0.602849  1.72086 0.365091 6.21516 -5.03382 

