1e+07 6.28319e+07 0.27282 2.5613
7.1969e+06 4.52195e+07 0.35546 2.6225
5.1795e+06 3.25438e+07 0.35676 2.6887
3.7276e+06 2.34212e+07 0.34031 2.7704
2.6827e+06 1.68559e+07 0.32369 2.8446
1.9307e+06 1.21309e+07 0.29679 2.9173
1.3895e+06 8.73049e+06 0.2594 2.9821
1e+06 6.28319e+06 0.21981 3.0294
719690 4.52195e+06 0.19064 3.0657
517950 3.25438e+06 0.15503 3.0932
372760 2.34212e+06 0.12557 3.1121
268270 1.68559e+06 0.10255 3.1242
193070 1.21309e+06 0.086172 3.132
138950 873049 0.076216 3.1371
100000 628319 0.072329 3.1407
71969 452195 0.074635 3.1438
51795 325438 0.083621 3.1458
37276 234212 0.10044 3.1476
26827 168559 0.12681 3.1494
19307 121309 0.16568 3.1511
13895 87304.9 0.22133 3.1528
10000 62831.9 0.29964 3.1546
7196.9 45219.5 0.40889 3.1584
5179.5 32543.8 0.5606 3.1629
3727.6 23421.2 0.77147 3.1681
2682.7 16855.9 1.065 3.1742
1930.7 12130.9 1.4726 3.1817
1389.5 8730.49 2.0378 3.1908
1000 6283.19 2.8218 3.2037
719.69 4521.95 3.9092 3.2191
517.95 3254.38 5.4193 3.2434
372.76 2342.12 7.5198 3.2806
268.27 1685.59 10.439 3.3395
193.07 1213.09 14.475 3.4325
138.95 873.049 20.081 3.5938
100 628.319 27.806 3.8684
71.969 452.195 38.507 4.3573
51.795 325.438 53.233 5.1893
37.276 234.212 73.472 6.5877
26.827 168.559 101.14 8.8678
19.307 121.309 138.73 12.467
13.895 87.3049 189.65 17.948
10 62.8319 258.47 25.987
7.1969 45.2195 350.9 37.024
5.1795 32.5438 475.04 51.553
3.7276 23.4212 642.33 69.602
2.6827 16.8559 869.73 90.991
1.9307 12.1309 1179.6 114.9
1.3895 8.73049 1603.7 141.47
1 6.28319 2189.2 170.29
0.71969 4.52195 2995.5 202.23
0.51795 3.25438 4107.5 236.98
0.37276 2.34212 5634.5 279.64
0.26827 1.68559 7709.9 333.13
0.19307 1.21309 10421 394.37
0.13895 0.873049 14334 480.7
0.1 0.628319 19392 605.18
0.071969 0.452195 26265 793.29
0.051795 0.325438 34869 1027.4
0.037276 0.234212 46812 1416.2
0.026827 0.168559 59226 1795.3

1e+07 6.28319e+07 0.24062 2.3888
7.1969e+06 4.52195e+07 0.3253 2.4495
5.1795e+06 3.25438e+07 0.34129 2.5101
3.7276e+06 2.34212e+07 0.34388 2.5894
2.6827e+06 1.68559e+07 0.34407 2.668
1.9307e+06 1.21309e+07 0.33298 2.7498
1.3895e+06 8.73049e+06 0.3082 2.8298
1e+06 6.28319e+06 0.27839 2.8959
719690 4.52195e+06 0.25171 2.9529
517950 3.25438e+06 0.21398 2.9994
372760 2.34212e+06 0.17872 3.0351
268270 1.68559e+06 0.14774 3.0613
193070 1.21309e+06 0.12236 3.0803
138950 873049 0.10297 3.094
100000 628319 0.089554 3.1036
71969 452195 0.081947 3.1109
51795 325438 0.080254 3.1163
37276 234212 0.08492 3.1205
26827 168559 0.096768 3.124
19307 121309 0.1173 3.1272
13895 87304.9 0.14897 3.1302
10000 62831.9 0.19511 3.1328
7196.9 45219.5 0.26065 3.1358
5179.5 32543.8 0.35258 3.1386
3727.6 23421.2 0.48093 3.1419
2682.7 16855.9 0.65958 3.1456
1930.7 12130.9 0.90764 3.1497
1389.5 8730.49 1.2516 3.1546
1000 6283.19 1.7296 3.1606
719.69 4521.95 2.3928 3.1688
517.95 3254.38 3.3143 3.1816
372.76 2342.12 4.5887 3.1998
268.27 1685.59 6.3624 3.2361
193.07 1213.09 8.819 3.2937
138.95 873.049 12.208 3.3931
100 628.319 16.921 3.5767
71.969 452.195 23.38 3.8984
51.795 325.438 32.358 4.4859
37.276 234.212 44.679 5.5234
26.827 168.559 61.469 7.3164
19.307 121.309 84.323 10.39
13.895 87.3049 115.12 15.483
10 62.8319 156.21 23.811
7.1969 45.2195 210.47 37.121
5.1795 32.5438 280.48 56.673
3.7276 23.4212 370.02 85.067
2.6827 16.8559 483.44 123.37
1.9307 12.1309 627.24 171.33
1.3895 8.73049 811.41 228.6
1 6.28319 1052 293.2
0.71969 4.52195 1371 363.76
0.51795 3.25438 1800.9 439.02
0.37276 2.34212 2387.9 518.99
0.26827 1.68559 3181 602.67
0.19307 1.21309 4272.8 695.36
0.13895 0.873049 5758.9 801.31
0.1 0.628319 7782 924.49
0.071969 0.452195 10538 1077.2
0.051795 0.325438 14242 1271.1
0.037276 0.234212 19176 1511.6
0.026827 0.168559 25731 1813.3

1e+07 6.28319e+07 0.21357 2.3127
7.1969e+06 4.52195e+07 0.30023 2.3646
5.1795e+06 3.25438e+07 0.32419 2.4184
3.7276e+06 2.34212e+07 0.3374 2.4943
2.6827e+06 1.68559e+07 0.35031 2.571
1.9307e+06 1.21309e+07 0.35302 2.6556
1.3895e+06 8.73049e+06 0.34142 2.7436
1e+06 6.28319e+06 0.32249 2.8219
719690 4.52195e+06 0.30273 2.8949
517950 3.25438e+06 0.26784 2.9585
372760 2.34212e+06 0.23138 3.0105
268270 1.68559e+06 0.19609 3.0515
193070 1.21309e+06 0.16429 3.083
138950 873049 0.13744 3.1065
100000 628319 0.11599 3.1239
71969 452195 0.10009 3.1371
51795 325438 0.089737 3.1468
37276 234212 0.085031 3.1544
26827 168559 0.086308 3.1603
19307 121309 0.094277 3.1652
13895 87304.9 0.11022 3.1693
10000 62831.9 0.13602 3.1727
7196.9 45219.5 0.17467 3.1761
5179.5 32543.8 0.23031 3.1792
3727.6 23421.2 0.30891 3.1826
2682.7 16855.9 0.41906 3.1863
1930.7 12130.9 0.57266 3.1903
1389.5 8730.49 0.78606 3.1946
1000 6283.19 1.0829 3.1993
719.69 4521.95 1.4946 3.2048
517.95 3254.38 2.0668 3.2124
372.76 2342.12 2.861 3.2235
268.27 1685.59 3.9611 3.2386
193.07 1213.09 5.4879 3.2672
138.95 873.049 7.6104 3.316
100 628.319 10.556 3.4038
71.969 452.195 14.632 3.5549
51.795 325.438 20.27 3.8313
37.276 234.212 27.988 4.3157
26.827 168.559 38.673 5.1966
19.307 121.309 53.229 6.7299
13.895 87.3049 73.128 9.3947
10 62.8319 99.949 13.993
7.1969 45.2195 136.07 21.441
5.1795 32.5438 182.91 33.829
3.7276 23.4212 244.02 52.975
2.6827 16.8559 321.2 81.388
1.9307 12.1309 416.81 121.03
1.3895 8.73049 534.75 173.46
1 6.28319 680.64 237.73
0.71969 4.52195 864.04 312.39
0.51795 3.25438 1099.4 395.47
0.37276 2.34212 1409.6 484.53
0.26827 1.68559 1825.2 578.54
0.19307 1.21309 2392 679.34
0.13895 0.873049 3161.3 785.37
0.1 0.628319 4210.2 900.88
0.071969 0.452195 5637.9 1029.9
0.051795 0.325438 7571.9 1178.9
0.037276 0.234212 10165 1357.3
0.026827 0.168559 13663 1578.6

1e+07 6.28319e+07 0.18042 2.2485
7.1969e+06 4.52195e+07 0.27131 2.2977
5.1795e+06 3.25438e+07 0.29928 2.344
3.7276e+06 2.34212e+07 0.31883 2.4125
2.6827e+06 1.68559e+07 0.3408 2.4836
1.9307e+06 1.21309e+07 0.35469 2.5653
1.3895e+06 8.73049e+06 0.35583 2.6547
1e+06 6.28319e+06 0.34958 2.7388
719690 4.52195e+06 0.34083 2.8223
517950 3.25438e+06 0.31402 2.8997
372760 2.34212e+06 0.2818 2.9678
268270 1.68559e+06 0.24705 3.0248
193070 1.21309e+06 0.21253 3.0712
138950 873049 0.18072 3.1079
100000 628319 0.15295 3.1366
71969 452195 0.12988 3.1589
51795 325438 0.11206 3.1761
37276 234212 0.099343 3.1895
26827 168559 0.091999 3.2002
19307 121309 0.090304 3.2088
13895 87304.9 0.094943 3.2159
10000 62831.9 0.10695 3.2218
7196.9 45219.5 0.12801 3.2272
5179.5 32543.8 0.16067 3.232
3727.6 23421.2 0.20835 3.2368
2682.7 16855.9 0.2766 3.2415
1930.7 12130.9 0.37251 3.2465
1389.5 8730.49 0.50667 3.2514
1000 6283.19 0.69374 3.2566
719.69 4521.95 0.95412 3.2622
517.95 3254.38 1.3164 3.2683
372.76 2342.12 1.8183 3.2762
268.27 1685.59 2.5159 3.2869
193.07 1213.09 3.4836 3.3026
138.95 873.049 4.8237 3.3253
100 628.319 6.6935 3.3698
71.969 452.195 9.2803 3.4409
51.795 325.438 12.847 3.5643
37.276 234.212 17.793 3.7933
26.827 168.559 24.588 4.1968
19.307 121.309 34.008 4.9296
13.895 87.3049 46.925 6.1997
10 62.8319 64.424 8.4508
7.1969 45.2195 88.287 12.483
5.1795 32.5438 120.27 18.9
3.7276 23.4212 162.56 29.707
2.6827 16.8559 215.39 46.103
1.9307 12.1309 286.24 73.072
1.3895 8.73049 372.4 110.83
1 6.28319 477.2 162.2
0.71969 4.52195 604.85 227.37
0.51795 3.25438 760 304.58
0.37276 2.34212 954.74 392.63
0.26827 1.68559 1205.4 487.88
0.19307 1.21309 1535.4 589.1
0.13895 0.873049 1978.1 695.64
0.1 0.628319 2575.5 807.6
0.071969 0.452195 3392.1 926.52
0.051795 0.325438 4506.7 1056.2
0.037276 0.234212 6023.5 1202
0.026827 0.168559 8081.5 1370.6

1e+07 6.28319e+07 0.15453 2.2167
7.1969e+06 4.52195e+07 0.2447 2.2576
5.1795e+06 3.25438e+07 0.27425 2.2967
3.7276e+06 2.34212e+07 0.29688 2.3575
2.6827e+06 1.68559e+07 0.32451 2.4213
1.9307e+06 1.21309e+07 0.34661 2.4974
1.3895e+06 8.73049e+06 0.35841 2.5837
1e+06 6.28319e+06 0.36433 2.6688
719690 4.52195e+06 0.36772 2.7576
517950 3.25438e+06 0.35208 2.8444
372760 2.34212e+06 0.3285 2.9254
268270 1.68559e+06 0.29879 2.9977
193070 1.21309e+06 0.26578 3.0599
138950 873049 0.23231 3.1117
100000 628319 0.20041 3.1539
71969 452195 0.17162 3.1878
51795 325438 0.14695 3.2146
37276 234212 0.12691 3.2359
26827 168559 0.11177 3.2528
19307 121309 0.10174 3.2663
13895 87304.9 0.097129 3.2773
10000 62831.9 0.098486 3.2862
7196.9 45219.5 0.10677 3.2938
5179.5 32543.8 0.12337 3.3004
3727.6 23421.2 0.15052 3.3062
2682.7 16855.9 0.19128 3.3117
1930.7 12130.9 0.25027 3.317
1389.5 8730.49 0.33385 3.3223
1000 6283.19 0.45118 3.3276
719.69 4521.95 0.61508 3.3331
517.95 3254.38 0.84354 3.3388
372.76 2342.12 1.1608 3.3449
268.27 1685.59 1.6021 3.3524
193.07 1213.09 2.2152 3.3621
138.95 873.049 3.064 3.3758
100 628.319 4.2422 3.3948
71.969 452.195 5.8841 3.4318
51.795 325.438 8.1463 3.4876
37.276 234.212 11.287 3.59
26.827 168.559 15.646 3.7759
19.307 121.309 21.668 4.1087
13.895 87.3049 29.927 4.692
10 62.8319 41.283 5.7264
7.1969 45.2195 56.835 7.6353
5.1795 32.5438 77.981 10.786
3.7276 23.4212 106.56 16.314
2.6827 16.8559 143.28 25.019
1.9307 12.1309 192.22 40.639
1.3895 8.73049 256.73 63.337
1 6.28319 335.3 97.85
0.71969 4.52195 430.57 145.19
0.51795 3.25438 545.77 207.18
0.37276 2.34212 684.06 283.16
0.26827 1.68559 853.27 371.12
0.19307 1.21309 1067.4 468.48
0.13895 0.873049 1344.1 572.74
0.1 0.628319 1709.7 682.48
0.071969 0.452195 2203.1 797.65
0.051795 0.325438 2867.1 918.58
0.037276 0.234212 3771.1 1047.7
0.026827 0.168559 5011.5 1190.6

1e+07 6.28319e+07 0.12548 2.1744
7.1969e+06 4.52195e+07 0.21454 2.2117
5.1795e+06 3.25438e+07 0.24399 2.2433
3.7276e+06 2.34212e+07 0.26772 2.2963
2.6827e+06 1.68559e+07 0.29781 2.3514
1.9307e+06 1.21309e+07 0.3245 2.4192
1.3895e+06 8.73049e+06 0.34344 2.4984
1e+06 6.28319e+06 0.35892 2.5784
719690 4.52195e+06 0.37347 2.6657
517950 3.25438e+06 0.37002 2.7551
372760 2.34212e+06 0.35785 2.8428
268270 1.68559e+06 0.33772 2.9255
193070 1.21309e+06 0.31128 3.0008
138950 873049 0.28103 3.067
100000 628319 0.24937 3.1234
71969 452195 0.21815 3.1707
51795 325438 0.1892 3.2094
37276 234212 0.16357 3.2409
26827 168559 0.14193 3.2664
19307 121309 0.12473 3.287
13895 87304.9 0.11231 3.3036
10000 62831.9 0.10497 3.3171
7196.9 45219.5 0.10312 3.3283
5179.5 32543.8 0.10772 3.3378
3727.6 23421.2 0.11988 3.3457
2682.7 16855.9 0.14148 3.3529
1930.7 12130.9 0.17529 3.3593
1389.5 8730.49 0.22512 3.3654
1000 6283.19 0.29649 3.3712
719.69 4521.95 0.3973 3.377
517.95 3254.38 0.5386 3.3827
372.76 2342.12 0.73581 3.3885
268.27 1685.59 1.0107 3.3947
193.07 1213.09 1.3923 3.4017
138.95 873.049 1.9231 3.4104
100 628.319 2.659 3.4225
71.969 452.195 3.6806 3.4379
51.795 325.438 5.0984 3.4662
37.276 234.212 7.0678 3.5141
26.827 168.559 9.8073 3.5987
19.307 121.309 13.58 3.7479
13.895 87.3049 18.79 4.0067
10 62.8319 25.947 4.478
7.1969 45.2195 35.933 5.2949
5.1795 32.5438 49.472 6.8154
3.7276 23.4212 68.001 9.5148
2.6827 16.8559 92.578 14.041
1.9307 12.1309 125.98 21.327
1.3895 8.73049 169.87 33.312
1 6.28319 225.02 52.522
0.71969 4.52195 296.83 83.564
0.51795 3.25438 383.06 125.77
0.37276 2.34212 486.4 182.98
0.26827 1.68559 609.53 254
0.19307 1.21309 758.07 337.91
0.13895 0.873049 941.48 432.7
0.1 0.628319 1174.3 535.39
0.071969 0.452195 1478.3 644.73
0.051795 0.325438 1885.1 759.77
0.037276 0.234212 2433 880.69
0.026827 0.168559 3177.6 1008

1e+07 6.28319e+07 0.10029 2.1371
7.1969e+06 4.52195e+07 0.18523 2.1668
5.1795e+06 3.25438e+07 0.21305 2.1919
3.7276e+06 2.34212e+07 0.2358 2.2369
2.6827e+06 1.68559e+07 0.26607 2.2835
1.9307e+06 1.21309e+07 0.29446 2.3421
1.3895e+06 8.73049e+06 0.31714 2.4123
1e+06 6.28319e+06 0.33898 2.4842
719690 4.52195e+06 0.36179 2.5656
517950 3.25438e+06 0.36893 2.6515
372760 2.34212e+06 0.36852 2.7397
268270 1.68559e+06 0.35987 2.827
193070 1.21309e+06 0.34351 2.9105
138950 873049 0.32091 2.988
100000 628319 0.2939 3.0574
71969 452195 0.26448 3.1182
51795 325438 0.23477 3.1701
37276 234212 0.20627 3.2137
26827 168559 0.18028 3.2499
19307 121309 0.1576 3.2798
13895 87304.9 0.1388 3.3044
10000 62831.9 0.12432 3.3245
7196.9 45219.5 0.11444 3.3413
5179.5 32543.8 0.10971 3.3552
3727.6 23421.2 0.1107 3.3668
2682.7 16855.9 0.11852 3.3769
1930.7 12130.9 0.1348 3.3856
1389.5 8730.49 0.16163 3.3935
1000 6283.19 0.20251 3.4006
719.69 4521.95 0.26189 3.4074
517.95 3254.38 0.34658 3.4138
372.76 2342.12 0.46605 3.42
268.27 1685.59 0.6329 3.4262
193.07 1213.09 0.86599 3.4325
138.95 873.049 1.1904 3.4394
100 628.319 1.6406 3.4476
71.969 452.195 2.2652 3.458
51.795 325.438 3.134 3.4729
37.276 234.212 4.3349 3.4931
26.827 168.559 6.0105 3.5343
19.307 121.309 8.3294 3.5958
13.895 87.3049 11.548 3.7081
10 62.8319 16.008 3.9158
7.1969 45.2195 22.165 4.2899
5.1795 32.5438 30.599 4.9495
3.7276 23.4212 42.23 6.1232
2.6827 16.8559 57.987 8.0434
1.9307 12.1309 79.154 11.653
1.3895 8.73049 108.27 17.31
1 6.28319 145.41 27.886
0.71969 4.52195 194.98 43.842
0.51795 3.25438 258.39 68.849
0.37276 2.34212 334.97 105.11
0.26827 1.68559 427.01 155.42
0.19307 1.21309 536.77 220.11
0.13895 0.873049 667.69 298.2
0.1 0.628319 826.68 387.48
0.071969 0.452195 1023.7 485.44
0.051795 0.325438 1277.9 590.59
0.037276 0.234212 1615.6 702.76
0.026827 0.168559 2065.2 819.73

1e+07 6.28319e+07 0.073219 2.0972
7.1969e+06 4.52195e+07 0.15758 2.1247
5.1795e+06 3.25438e+07 0.18329 2.1443
3.7276e+06 2.34212e+07 0.20431 2.1822
2.6827e+06 1.68559e+07 0.23332 2.221
1.9307e+06 1.21309e+07 0.26127 2.271
1.3895e+06 8.73049e+06 0.28507 2.3318
1e+06 6.28319e+06 0.30977 2.3943
719690 4.52195e+06 0.33756 2.4671
517950 3.25438e+06 0.35235 2.5459
372760 2.34212e+06 0.36148 2.6296
268270 1.68559e+06 0.3637 2.7155
193070 1.21309e+06 0.35847 2.8015
138950 873049 0.34618 2.885
100000 628319 0.32759 2.9635
71969 452195 0.30427 3.0355
51795 325438 0.27787 3.0997
37276 234212 0.2501 3.156
26827 168559 0.22273 3.2043
19307 121309 0.19701 3.2452
13895 87304.9 0.17392 3.2796
10000 62831.9 0.15406 3.3083
7196.9 45219.5 0.13793 3.3326
5179.5 32543.8 0.12591 3.3529
3727.6 23421.2 0.11842 3.3699
2682.7 16855.9 0.11605 3.3846
1930.7 12130.9 0.11972 3.3971
1389.5 8730.49 0.13072 3.408
1000 6283.19 0.1509 3.4176
719.69 4521.95 0.18308 3.4263
517.95 3254.38 0.23104 3.4342
372.76 2342.12 0.30031 3.4415
268.27 1685.59 0.39864 3.4486
193.07 1213.09 0.53679 3.4555
138.95 873.049 0.73044 3.4621
100 628.319 0.99996 3.4692
71.969 452.195 1.3755 3.477
51.795 325.438 1.8965 3.4863
37.276 234.212 2.6214 3.4989
26.827 168.559 3.6283 3.515
19.307 121.309 5.0251 3.544
13.895 87.3049 6.9682 3.5937
10 62.8319 9.6554 3.681
7.1969 45.2195 13.377 3.8376
5.1795 32.5438 18.509 4.1105
3.7276 23.4212 25.567 4.5899
2.6827 16.8559 35.276 5.4538
1.9307 12.1309 48.495 7.0624
1.3895 8.73049 66.562 9.9297
1 6.28319 91.231 13.853
0.71969 4.52195 123.66 21.761
0.51795 3.25438 165.6 34.761
0.37276 2.34212 220 54.098
0.26827 1.68559 286.9 84.525
0.19307 1.21309 368.47 127.39
0.13895 0.873049 465.41 184.09
0.1 0.628319 580.07 254.08
0.071969 0.452195 717.4 336.12
0.051795 0.325438 885.98 428
0.037276 0.234212 1101.4 528.48
0.026827 0.168559 1381.1 636.1

1e+07 6.28319e+07 0.049737 2.0628
7.1969e+06 4.52195e+07 0.13221 2.0876
5.1795e+06 3.25438e+07 0.15566 2.1022
3.7276e+06 2.34212e+07 0.17445 2.1339
2.6827e+06 1.68559e+07 0.20134 2.1657
1.9307e+06 1.21309e+07 0.22767 2.2078
1.3895e+06 8.73049e+06 0.2506 2.2597
1e+06 6.28319e+06 0.27594 2.3128
719690 4.52195e+06 0.30581 2.3762
517950 3.25438e+06 0.32494 2.4458
372760 2.34212e+06 0.34058 2.5215
268270 1.68559e+06 0.35132 2.6016
193070 1.21309e+06 0.35607 2.6846
138950 873049 0.35441 2.7684
100000 628319 0.34612 2.8509
71969 452195 0.33179 2.9299
51795 325438 0.31237 3.0038
37276 234212 0.28932 3.0709
26827 168559 0.26427 3.1309
19307 121309 0.23867 3.1836
13895 87304.9 0.2139 3.2291
10000 62831.9 0.19096 3.2681
7196.9 45219.5 0.17058 3.3016
5179.5 32543.8 0.15329 3.3302
3727.6 23421.2 0.13955 3.3545
2682.7 16855.9 0.12966 3.3755
1930.7 12130.9 0.12423 3.3936
1389.5 8730.49 0.12398 3.4094
1000 6283.19 0.12993 3.423
719.69 4521.95 0.14369 3.4351
517.95 3254.38 0.16744 3.4458
372.76 2342.12 0.20432 3.4555
268.27 1685.59 0.25871 3.4646
193.07 1213.09 0.33692 3.473
138.95 873.049 0.44759 3.4808
100 628.319 0.60343 3.4884
71.969 452.195 0.82115 3.496
51.795 325.438 1.1252 3.5038
37.276 234.212 1.5486 3.5125
26.827 168.559 2.1373 3.5235
19.307 121.309 2.9544 3.5378
13.895 87.3049 4.0892 3.5586
10 62.8319 5.6735 3.5993
7.1969 45.2195 7.8592 3.6574
5.1795 32.5438 10.885 3.7719
3.7276 23.4212 15.082 3.964
2.6827 16.8559 20.881 4.3214
1.9307 12.1309 28.724 5.0052
1.3895 8.73049 39.702 6.0453
1 6.28319 54.31 7.901
0.71969 4.52195 74.52 11.168
0.51795 3.25438 101.79 16.974
0.37276 2.34212 136.76 26.588
0.26827 1.68559 183.1 41.994
0.19307 1.21309 240.5 64.974
0.13895 0.873049 311.35 99.89
0.1 0.628319 396.23 147.29
0.071969 0.452195 496.66 208.17
0.051795 0.325438 615.34 281.38
0.037276 0.234212 759.02 365.36
0.026827 0.168559 938.44 457.99

1e+07 6.28319e+07 0.030945 2.0346
7.1969e+06 4.52195e+07 0.11036 2.0551
5.1795e+06 3.25438e+07 0.13155 2.0657
3.7276e+06 2.34212e+07 0.14766 2.0923
2.6827e+06 1.68559e+07 0.17206 2.1182
1.9307e+06 1.21309e+07 0.19611 2.1534
1.3895e+06 8.73049e+06 0.21732 2.1976
1e+06 6.28319e+06 0.24137 2.2419
719690 4.52195e+06 0.27105 2.2963
517950 3.25438e+06 0.29179 2.3563
372760 2.34212e+06 0.31089 2.4228
268270 1.68559e+06 0.32701 2.4946
193070 1.21309e+06 0.33901 2.5709
138950 873049 0.34607 2.6504
100000 628319 0.34749 2.7315
71969 452195 0.34297 2.8123
51795 325438 0.33267 2.891
37276 234212 0.31727 2.9656
26827 168559 0.29791 3.0349
19307 121309 0.27591 3.098
13895 87304.9 0.25271 3.1544
10000 62831.9 0.22956 3.2042
7196.9 45219.5 0.20747 3.2479
5179.5 32543.8 0.18722 3.2859
3727.6 23421.2 0.16948 3.3189
2682.7 16855.9 0.15456 3.3477
1930.7 12130.9 0.14295 3.3729
1389.5 8730.49 0.13505 3.395
1000 6283.19 0.13148 3.4143
719.69 4521.95 0.13309 3.4314
517.95 3254.38 0.1411 3.4465
372.76 2342.12 0.15726 3.46
268.27 1685.59 0.18414 3.4722
193.07 1213.09 0.22514 3.4834
138.95 873.049 0.28523 3.4937
100 628.319 0.37159 3.5031
71.969 452.195 0.49348 3.5121
51.795 325.438 0.66469 3.5207
37.276 234.212 0.90428 3.5292
26.827 168.559 1.2392 3.538
19.307 121.309 1.7054 3.5479
13.895 87.3049 2.3523 3.5602
10 62.8319 3.2524 3.5781
7.1969 45.2195 4.4993 3.6032
5.1795 32.5438 6.2372 3.6501
3.7276 23.4212 8.6414 3.7278
2.6827 16.8559 11.962 3.8584
1.9307 12.1309 16.54 4.1194
1.3895 8.73049 22.88 4.5713
1 6.28319 31.565 5.2276
0.71969 4.52195 43.49 6.5992
0.51795 3.25438 59.529 9.0665
0.37276 2.34212 81.321 12.857
0.26827 1.68559 109.82 19.704
0.19307 1.21309 147.82 31.149
0.13895 0.873049 196.22 48.724
0.1 0.628319 256.61 75.388
0.071969 0.452195 329.47 113.1
0.051795 0.325438 416.08 163.39
0.037276 0.234212 518.57 226.23
0.026827 0.168559 641.03 300.62

1e+07 6.28319e+07 0.014895 2.0089
7.1969e+06 4.52195e+07 0.091028 2.0268
5.1795e+06 3.25438e+07 0.11009 2.0339
3.7276e+06 2.34212e+07 0.12386 2.056
2.6827e+06 1.68559e+07 0.14582 2.0769
1.9307e+06 1.21309e+07 0.1662 2.1068
1.3895e+06 8.73049e+06 0.18599 2.1435
1e+06 6.28319e+06 0.20795 2.1803
719690 4.52195e+06 0.23606 2.2263
517950 3.25438e+06 0.25635 2.2772
372760 2.34212e+06 0.27622 2.334
268270 1.68559e+06 0.29482 2.3963
193070 1.21309e+06 0.31108 2.4638
138950 873049 0.32416 2.5357
100000 628319 0.33316 2.611
71969 452195 0.3374 2.6886
51795 325438 0.33638 2.7668
37276 234212 0.32998 2.8439
26827 168559 0.31864 2.9186
19307 121309 0.30316 2.9889
13895 87304.9 0.28466 3.0542
10000 62831.9 0.26437 3.1136
7196.9 45219.5 0.24342 3.1672
5179.5 32543.8 0.22287 3.2148
3727.6 23421.2 0.2035 3.2573
2682.7 16855.9 0.18587 3.2949
1930.7 12130.9 0.17048 3.3283
1389.5 8730.49 0.15774 3.3579
1000 6283.19 0.14801 3.3842
719.69 4521.95 0.14173 3.4077
517.95 3254.38 0.13968 3.4287
372.76 2342.12 0.14274 3.4475
268.27 1685.59 0.15225 3.4645
193.07 1213.09 0.17016 3.4799
138.95 873.049 0.19915 3.4939
100 628.319 0.24299 3.5067
71.969 452.195 0.30685 3.5186
51.795 325.438 0.39834 3.5296
37.276 234.212 0.52808 3.5401
26.827 168.559 0.71032 3.55
19.307 121.309 0.96498 3.5596
13.895 87.3049 1.3198 3.5697
10 62.8319 1.8148 3.5809
7.1969 45.2195 2.5041 3.5952
5.1795 32.5438 3.4589 3.6127
3.7276 23.4212 4.7851 3.6432
2.6827 16.8559 6.6296 3.7011
1.9307 12.1309 9.1813 3.7918
1.3895 8.73049 12.701 3.949
1 6.28319 17.548 4.2
0.71969 4.52195 24.237 4.7029
0.51795 3.25438 33.431 5.6112
0.37276 2.34212 45.869 7.0529
0.26827 1.68559 62.672 9.8902
0.19307 1.21309 85.527 14.474
0.13895 0.873049 115.58 21.939
0.1 0.628319 154.13 33.969
0.071969 0.452195 203.6 53.208
0.051795 0.325438 264.51 81.836
0.037276 0.234212 337.82 121.25
0.026827 0.168559 425.55 173.18

1e+07 6.28319e+07 0.0005112 1.9858
7.1969e+06 4.52195e+07 0.073954 2.0017
5.1795e+06 3.25438e+07 0.091338 2.0057
3.7276e+06 2.34212e+07 0.10291 2.0241
2.6827e+06 1.68559e+07 0.12248 2.0407
1.9307e+06 1.21309e+07 0.14032 2.0656
1.3895e+06 8.73049e+06 0.15761 2.0967
1e+06 6.28319e+06 0.17716 2.1268
719690 4.52195e+06 0.20287 2.1656
517950 3.25438e+06 0.22156 2.2084
372760 2.34212e+06 0.24064 2.2564
268270 1.68559e+06 0.2595 2.3095
193070 1.21309e+06 0.27739 2.3677
138950 873049 0.29362 2.4309
100000 628319 0.30732 2.498
71969 452195 0.31778 2.5689
51795 325438 0.32418 2.6424
37276 234212 0.32602 2.7173
26827 168559 0.32308 2.7921
19307 121309 0.31548 2.8653
13895 87304.9 0.30384 2.9356
10000 62831.9 0.28894 3.0016
7196.9 45219.5 0.27185 3.063
5179.5 32543.8 0.25369 3.119
3727.6 23421.2 0.23519 3.17
2682.7 16855.9 0.21732 3.216
1930.7 12130.9 0.2006 3.2576
1389.5 8730.49 0.18548 3.2951
1000 6283.19 0.17238 3.329
719.69 4521.95 0.1616 3.3596
517.95 3254.38 0.1536 3.3873
372.76 2342.12 0.14883 3.4124
268.27 1685.59 0.14802 3.4352
193.07 1213.09 0.1521 3.4561
138.95 873.049 0.16256 3.4752
100 628.319 0.18136 3.4927
71.969 452.195 0.21131 3.5087
51.795 325.438 0.25625 3.5237
37.276 234.212 0.32176 3.5375
26.827 168.559 0.41538 3.5504
19.307 121.309 0.548 3.5625
13.895 87.3049 0.73403 3.574
10 62.8319 0.99487 3.5853
7.1969 45.2195 1.3585 3.5969
5.1795 32.5438 1.8651 3.6097
3.7276 23.4212 2.5681 3.6254
2.6827 16.8559 3.5457 3.6454
1.9307 12.1309 4.9066 3.6793
1.3895 8.73049 6.7983 3.7375
1 6.28319 9.4057 3.8356
0.71969 4.52195 12.976 4.0056
0.51795 3.25438 17.95 4.2972
0.37276 2.34212 24.742 4.8542
0.26827 1.68559 34.046 5.7846
0.19307 1.21309 46.629 7.4249
0.13895 0.873049 63.68 10.28
0.1 0.628319 86.546 15.198
0.071969 0.452195 116.7 23.213
0.051795 0.325438 155.52 35.964
0.037276 0.234212 204.22 55.681
0.026827 0.168559 264.76 84.697

1e+07 6.28319e+07 -0.013077 1.9663
7.1969e+06 4.52195e+07 0.059718 1.9801
5.1795e+06 3.25438e+07 0.075332 1.9816
3.7276e+06 2.34212e+07 0.085117 1.9967
2.6827e+06 1.68559e+07 0.10261 2.0098
1.9307e+06 1.21309e+07 0.11806 2.0305
1.3895e+06 8.73049e+06 0.13281 2.0567
1e+06 6.28319e+06 0.14982 2.0814
719690 4.52195e+06 0.17294 2.114
517950 3.25438e+06 0.18937 2.1496
372760 2.34212e+06 0.20667 2.1899
268270 1.68559e+06 0.22436 2.2346
193070 1.21309e+06 0.24194 2.2843
138950 873049 0.25896 2.3379
100000 628319 0.27477 2.396
71969 452195 0.28873 2.4583
51795 325438 0.30006 2.5243
37276 234212 0.30813 2.5933
26827 168559 0.31226 2.6641
19307 121309 0.31222 2.7356
13895 87304.9 0.30795 2.8065
10000 62831.9 0.29983 2.8753
7196.9 45219.5 0.28847 2.9411
5179.5 32543.8 0.27473 3.0029
3727.6 23421.2 0.25941 3.0606
2682.7 16855.9 0.2434 3.1138
1930.7 12130.9 0.22743 3.1626
1389.5 8730.49 0.21213 3.2073
1000 6283.19 0.19792 3.2481
719.69 4521.95 0.18523 3.2856
517.95 3254.38 0.1743 3.3199
372.76 2342.12 0.16545 3.3514
268.27 1685.59 0.15902 3.3806
193.07 1213.09 0.15551 3.4074
138.95 873.049 0.15565 3.4323
100 628.319 0.16038 3.4554
71.969 452.195 0.17117 3.4767
51.795 325.438 0.1899 3.4965
37.276 234.212 0.21959 3.5149
26.827 168.559 0.26391 3.5321
19.307 121.309 0.32834 3.5482
13.895 87.3049 0.42056 3.5633
10 62.8319 0.55076 3.5776
7.1969 45.2195 0.7345 3.591
5.1795 32.5438 0.99157 3.6046
3.7276 23.4212 1.3504 3.6177
2.6827 16.8559 1.8482 3.6322
1.9307 12.1309 2.5441 3.6498
1.3895 8.73049 3.5092 3.6703
1 6.28319 4.8447 3.7071
0.71969 4.52195 6.7077 3.7697
0.51795 3.25438 9.2756 3.8654
0.37276 2.34212 12.816 4.047
0.26827 1.68559 17.67 4.354
0.19307 1.21309 24.266 4.8792
0.13895 0.873049 33.404 5.8305
0.1 0.628319 45.688 7.5151
0.071969 0.452195 62.296 10.41
0.051795 0.325438 84.458 15.246
0.037276 0.234212 113.86 23.284
0.026827 0.168559 151.67 36.071

1e+07 6.28319e+07 -0.0079518 1.9349
7.1969e+06 4.52195e+07 0.068825 1.9585
5.1795e+06 3.25438e+07 0.072726 1.9643
3.7276e+06 2.34212e+07 0.073888 1.9761
2.6827e+06 1.68559e+07 0.087885 1.985
1.9307e+06 1.21309e+07 0.10027 2.0016
1.3895e+06 8.73049e+06 0.11254 2.0236
1e+06 6.28319e+06 0.12681 2.0436
719690 4.52195e+06 0.14677 2.0714
517950 3.25438e+06 0.16091 2.1013
372760 2.34212e+06 0.17595 2.1349
268270 1.68559e+06 0.19172 2.1723
193070 1.21309e+06 0.20791 2.2141
138950 873049 0.22425 2.2592
100000 628319 0.24024 2.3086
71969 452195 0.25547 2.3624
51795 325438 0.26932 2.4197
37276 234212 0.2811 2.4809
26827 168559 0.2902 2.5452
19307 121309 0.29599 2.6116
13895 87304.9 0.29812 2.6793
10000 62831.9 0.29651 2.7469
7196.9 45219.5 0.29138 2.8133
5179.5 32543.8 0.28313 2.8776
3727.6 23421.2 0.2724 2.9388
2682.7 16855.9 0.25992 2.9967
1930.7 12130.9 0.24641 3.0507
1389.5 8730.49 0.23259 3.101
1000 6283.19 0.21903 3.1474
719.69 4521.95 0.20617 3.1905
517.95 3254.38 0.19438 3.2305
372.76 2342.12 0.18398 3.2676
268.27 1685.59 0.17511 3.3022
193.07 1213.09 0.16805 3.3346
138.95 873.049 0.16311 3.3649
100 628.319 0.16074 3.3933
71.969 452.195 0.16165 3.4201
51.795 325.438 0.1667 3.4452
37.276 234.212 0.17734 3.4687
26.827 168.559 0.19537 3.4909
19.307 121.309 0.22354 3.5117
13.895 87.3049 0.26555 3.5314
10 62.8319 0.32642 3.5501
7.1969 45.2195 0.41332 3.5676
5.1795 32.5438 0.53686 3.5844
3.7276 23.4212 0.7102 3.6001
2.6827 16.8559 0.95306 3.6154
1.9307 12.1309 1.2929 3.6309
1.3895 8.73049 1.765 3.6476
1 6.28319 2.4242 3.6666
0.71969 4.52195 3.3344 3.6892
0.51795 3.25438 4.6056 3.7268
0.37276 2.34212 6.3632 3.7879
0.26827 1.68559 8.7847 3.8858
0.19307 1.21309 12.094 4.0508
0.13895 0.873049 16.666 4.3422
0.1 0.628319 22.924 4.8517
0.071969 0.452195 31.411 5.7327
0.051795 0.325438 42.98 7.2868
0.037276 0.234212 58.542 9.9634
0.026827 0.168559 79.524 14.535

1e+07 6.28319e+07 0.0043764 1.9488
7.1969e+06 4.52195e+07 0.054824 1.9531
5.1795e+06 3.25438e+07 0.060364 1.9472
3.7276e+06 2.34212e+07 0.06309 1.956
2.6827e+06 1.68559e+07 0.075124 1.9629
1.9307e+06 1.21309e+07 0.085456 1.9769
1.3895e+06 8.73049e+06 0.095327 1.9956
1e+06 6.28319e+06 0.11142 2.0146
719690 4.52195e+06 0.12429 2.035
517950 3.25438e+06 0.13619 2.0599
372760 2.34212e+06 0.14898 2.088
268270 1.68559e+06 0.16262 2.1192
193070 1.21309e+06 0.17684 2.1543
138950 873049 0.19164 2.192
100000 628319 0.20662 2.2335
71969 452195 0.22156 2.2791
51795 325438 0.23592 2.3279
37276 234212 0.24929 2.3806
26827 168559 0.2611 2.4369
19307 121309 0.27065 2.4963
13895 87304.9 0.27746 2.5581
10000 62831.9 0.28112 2.6211
7196.9 45219.5 0.28153 2.6846
5179.5 32543.8 0.27877 2.7478
3727.6 23421.2 0.27311 2.8093
2682.7 16855.9 0.26501 2.8688
1930.7 12130.9 0.25507 2.9255
1389.5 8730.49 0.24392 2.9792
1000 6283.19 0.23213 3.0295
719.69 4521.95 0.22032 3.0767
517.95 3254.38 0.20894 3.1208
372.76 2342.12 0.19835 3.1619
268.27 1685.59 0.18878 3.2005
193.07 1213.09 0.18043 3.2369
138.95 873.049 0.1735 3.2713
100 628.319 0.16814 3.3039
71.969 452.195 0.16458 3.335
51.795 325.438 0.1633 3.3645
37.276 234.212 0.1648 3.3926
26.827 168.559 0.16993 3.4195
19.307 121.309 0.17992 3.445
13.895 87.3049 0.19662 3.4694
10 62.8319 0.22221 3.4926
7.1969 45.2195 0.26047 3.5149
5.1795 32.5438 0.31575 3.5362
3.7276 23.4212 0.39462 3.5561
2.6827 16.8559 0.50589 3.5757
1.9307 12.1309 0.66318 3.5938
1.3895 8.73049 0.88269 3.6119
1 6.28319 1.1905 3.6293
0.71969 4.52195 1.6166 3.6478
0.51795 3.25438 2.2108 3.6687
0.37276 2.34212 3.0346 3.6941
0.26827 1.68559 4.1666 3.7286
0.19307 1.21309 5.7416 3.786
0.13895 0.873049 7.9105 3.8732
0.1 0.628319 10.892 4.0269
0.071969 0.452195 14.997 4.2906
0.051795 0.325438 20.609 4.7407
0.037276 0.234212 28.3 5.5164
0.026827 0.168559 38.798 6.8708

1e+07 6.28319e+07 -0.012719 1.944
7.1969e+06 4.52195e+07 0.044989 1.9415
5.1795e+06 3.25438e+07 0.050067 1.9339
3.7276e+06 2.34212e+07 0.051871 1.941
2.6827e+06 1.68559e+07 0.062773 1.9458
1.9307e+06 1.21309e+07 0.071688 1.9574
1.3895e+06 8.73049e+06 0.079941 1.9733
1e+06 6.28319e+06 0.094395 1.9891
719690 4.52195e+06 0.10533 2.0051
517950 3.25438e+06 0.11515 2.0269
372760 2.34212e+06 0.12585 2.0504
268270 1.68559e+06 0.13742 2.0766
193070 1.21309e+06 0.14964 2.1059
138950 873049 0.16253 2.1374
100000 628319 0.1759 2.172
71969 452195 0.18964 2.2104
51795 325438 0.20341 2.2515
37276 234212 0.21683 2.2962
26827 168559 0.22959 2.3445
19307 121309 0.24106 2.3962
13895 87304.9 0.25069 2.4509
10000 62831.9 0.25795 2.5075
7196.9 45219.5 0.26263 2.5661
5179.5 32543.8 0.26443 2.6254
3727.6 23421.2 0.2634 2.6846
2682.7 16855.9 0.25975 2.743
1930.7 12130.9 0.25372 2.7999
1389.5 8730.49 0.24584 2.8546
1000 6283.19 0.23659 2.9067
719.69 4521.95 0.22656 2.956
517.95 3254.38 0.21626 3.0024
372.76 2342.12 0.20616 3.046
268.27 1685.59 0.19661 3.0871
193.07 1213.09 0.18794 3.1259
138.95 873.049 0.18027 3.1626
100 628.319 0.17375 3.1975
71.969 452.195 0.16855 3.231
51.795 325.438 0.16467 3.2631
37.276 234.212 0.16246 3.2942
26.827 168.559 0.16212 3.324
19.307 121.309 0.16416 3.3529
13.895 87.3049 0.16931 3.3808
10 62.8319 0.17839 3.4077
7.1969 45.2195 0.19333 3.4339
5.1795 32.5438 0.21536 3.4593
3.7276 23.4212 0.24888 3.4833
2.6827 16.8559 0.29669 3.5069
1.9307 12.1309 0.36476 3.5295
1.3895 8.73049 0.46143 3.551
1 6.28319 0.59486 3.5721
0.71969 4.52195 0.78317 3.5926
0.51795 3.25438 1.0458 3.6125
0.37276 2.34212 1.4098 3.6335
0.26827 1.68559 1.9159 3.6569
0.19307 1.21309 2.6215 3.683
0.13895 0.873049 3.5781 3.7116
0.1 0.628319 4.9127 3.7558
0.071969 0.452195 6.7599 3.8398
0.051795 0.325438 9.2958 3.9623
0.037276 0.234212 12.806 4.1769
0.026827 0.168559 17.646 4.5592

1e+07 6.28319e+07 -0.034956 1.9245
7.1969e+06 4.52195e+07 0.024501 1.9287
5.1795e+06 3.25438e+07 0.034587 1.9213
3.7276e+06 2.34212e+07 0.0392 1.9281
2.6827e+06 1.68559e+07 0.050368 1.9318
1.9307e+06 1.21309e+07 0.058869 1.9418
1.3895e+06 8.73049e+06 0.06635 1.9555
1e+06 6.28319e+06 0.079778 1.9688
719690 4.52195e+06 0.089507 1.9821
517950 3.25438e+06 0.097714 2.0001
372760 2.34212e+06 0.1067 2.0199
268270 1.68559e+06 0.11622 2.0424
193070 1.21309e+06 0.12647 2.0671
138950 873049 0.13752 2.0934
100000 628319 0.14911 2.1223
71969 452195 0.1612 2.1544
51795 325438 0.17369 2.1889
37276 234212 0.1863 2.2264
26827 168559 0.19884 2.2673
19307 121309 0.21082 2.3115
13895 87304.9 0.22168 2.3588
10000 62831.9 0.23102 2.4087
7196.9 45219.5 0.23843 2.4609
5179.5 32543.8 0.24356 2.5149
3727.6 23421.2 0.24625 2.5697
2682.7 16855.9 0.24645 2.625
1930.7 12130.9 0.24422 2.6798
1389.5 8730.49 0.23975 2.7335
1000 6283.19 0.2334 2.7855
719.69 4521.95 0.22561 2.8353
517.95 3254.38 0.21687 2.8827
372.76 2342.12 0.20768 2.9275
268.27 1685.59 0.19848 2.9696
193.07 1213.09 0.18968 3.0095
138.95 873.049 0.18157 3.047
100 628.319 0.17432 3.0827
71.969 452.195 0.16815 3.1167
51.795 325.438 0.16314 3.1493
37.276 234.212 0.15934 3.1808
26.827 168.559 0.15683 3.2115
19.307 121.309 0.15569 3.2414
13.895 87.3049 0.15617 3.2703
10 62.8319 0.15864 3.2989
7.1969 45.2195 0.16381 3.327
5.1795 32.5438 0.17228 3.3549
3.7276 23.4212 0.18482 3.3815
2.6827 16.8559 0.20372 3.4077
1.9307 12.1309 0.23145 3.4339
1.3895 8.73049 0.2714 3.4596
1 6.28319 0.32613 3.484
0.71969 4.52195 0.40438 3.5078
0.51795 3.25438 0.51375 3.5311
0.37276 2.34212 0.66566 3.5539
0.26827 1.68559 0.8777 3.577
0.19307 1.21309 1.1688 3.5993
0.13895 0.873049 1.5719 3.6228
0.1 0.628319 2.132 3.6463
0.071969 0.452195 2.9092 3.6803
0.051795 0.325438 3.9695 3.7196
0.037276 0.234212 5.4618 3.7832
0.026827 0.168559 7.527 3.8848

1e+07 6.28319e+07 -0.041292 1.926
7.1969e+06 4.52195e+07 0.022402 1.9236
5.1795e+06 3.25438e+07 0.029772 1.9147
3.7276e+06 2.34212e+07 0.032076 1.9197
2.6827e+06 1.68559e+07 0.042095 1.9215
1.9307e+06 1.21309e+07 0.049586 1.9296
1.3895e+06 8.73049e+06 0.055877 1.9414
1e+06 6.28319e+06 0.067886 1.9525
719690 4.52195e+06 0.076272 1.9633
517950 3.25438e+06 0.083044 1.9785
372760 2.34212e+06 0.09046 1.9953
268270 1.68559e+06 0.098423 2.0138
193070 1.21309e+06 0.10694 2.0354
138950 873049 0.11621 2.0575
100000 628319 0.12607 2.0817
71969 452195 0.13652 2.1087
51795 325438 0.14745 2.1374
37276 234212 0.15882 2.1689
26827 168559 0.17045 2.2033
19307 121309 0.18203 2.2411
13895 87304.9 0.19309 2.2812
10000 62831.9 0.20326 2.3242
7196.9 45219.5 0.21216 2.3701
5179.5 32543.8 0.21938 2.4177
3727.6 23421.2 0.2247 2.467
2682.7 16855.9 0.22794 2.5176
1930.7 12130.9 0.22891 2.5686
1389.5 8730.49 0.22766 2.6194
1000 6283.19 0.22431 2.6697
719.69 4521.95 0.21914 2.7185
517.95 3254.38 0.2124 2.7656
372.76 2342.12 0.20458 2.8105
268.27 1685.59 0.19612 2.8531
193.07 1213.09 0.18745 2.8932
138.95 873.049 0.17895 2.9309
100 628.319 0.17094 2.9666
71.969 452.195 0.16375 3.0002
51.795 325.438 0.15752 3.0321
37.276 234.212 0.15239 3.0627
26.827 168.559 0.1484 3.0921
19.307 121.309 0.14553 3.121
13.895 87.3049 0.144 3.1489
10 62.8319 0.14376 3.1765
7.1969 45.2195 0.14495 3.2038
5.1795 32.5438 0.14761 3.2305
3.7276 23.4212 0.1524 3.2577
2.6827 16.8559 0.15944 3.2846
1.9307 12.1309 0.17043 3.3111
1.3895 8.73049 0.18583 3.3376
1 6.28319 0.2079 3.3634
0.71969 4.52195 0.23828 3.3894
0.51795 3.25438 0.28165 3.4154
0.37276 2.34212 0.33997 3.4408
0.26827 1.68559 0.42212 3.466
0.19307 1.21309 0.53614 3.4907
0.13895 0.873049 0.69265 3.5155
0.1 0.628319 0.90994 3.5367
0.071969 0.452195 1.2102 3.5638
0.051795 0.325438 1.6264 3.5928
0.037276 0.234212 2.2014 3.6217
0.026827 0.168559 3.0056 3.6577

1e+07 6.28319e+07 -0.052819 1.9197
7.1969e+06 4.52195e+07 0.013675 1.9178
5.1795e+06 3.25438e+07 0.022241 1.9082
3.7276e+06 2.34212e+07 0.024809 1.9125
2.6827e+06 1.68559e+07 0.034475 1.9132
1.9307e+06 1.21309e+07 0.041396 1.92
1.3895e+06 8.73049e+06 0.046866 1.9303
1e+06 6.28319e+06 0.05813 1.9396
719690 4.52195e+06 0.065481 1.9487
517950 3.25438e+06 0.071086 1.9616
372760 2.34212e+06 0.077252 1.9759
268270 1.68559e+06 0.08383 1.9917
193070 1.21309e+06 0.090948 2.0089
138950 873049 0.098627 2.0286
100000 628319 0.10695 2.0491
71969 452195 0.11577 2.0717
51795 325438 0.12518 2.0958
37276 234212 0.13509 2.1223
26827 168559 0.14552 2.1512
19307 121309 0.15618 2.183
13895 87304.9 0.16679 2.2169
10000 62831.9 0.17695 2.2536
7196.9 45219.5 0.1864 2.2932
5179.5 32543.8 0.19474 2.3347
3727.6 23421.2 0.20168 2.3783
2682.7 16855.9 0.20704 2.4237
1930.7 12130.9 0.21054 2.4702
1389.5 8730.49 0.21204 2.5175
1000 6283.19 0.21151 2.5648
719.69 4521.95 0.209 2.6116
517.95 3254.38 0.20464 2.6574
372.76 2342.12 0.19873 2.7016
268.27 1685.59 0.19159 2.7441
193.07 1213.09 0.1836 2.7843
138.95 873.049 0.17515 2.8222
100 628.319 0.16669 2.8576
71.969 452.195 0.1585 2.8909
51.795 325.438 0.15094 2.9221
37.276 234.212 0.14422 2.9515
26.827 168.559 0.13851 2.9794
19.307 121.309 0.13385 3.0061
13.895 87.3049 0.13041 3.0319
10 62.8319 0.12813 3.0569
7.1969 45.2195 0.1271 3.0813
5.1795 32.5438 0.1274 3.106
3.7276 23.4212 0.12851 3.1299
2.6827 16.8559 0.13137 3.154
1.9307 12.1309 0.13599 3.1787
1.3895 8.73049 0.14285 3.2039
1 6.28319 0.15159 3.2278
0.71969 4.52195 0.16387 3.2531
0.51795 3.25438 0.18105 3.2779
0.37276 2.34212 0.20323 3.3034
0.26827 1.68559 0.2341 3.3287
0.19307 1.21309 0.27659 3.3545
0.13895 0.873049 0.33325 3.3789
0.1 0.628319 0.41444 3.4054
0.071969 0.452195 0.52203 3.4305
0.051795 0.325438 0.67583 3.4549
0.037276 0.234212 0.88261 3.4785
0.026827 0.168559 1.1695 3.5075

1e+07 6.28319e+07 -0.055724 1.9179
7.1969e+06 4.52195e+07 0.0091741 1.9144
5.1795e+06 3.25438e+07 0.017366 1.9039
3.7276e+06 2.34212e+07 0.019484 1.9072
2.6827e+06 1.68559e+07 0.028611 1.9069
1.9307e+06 1.21309e+07 0.034923 1.9125
1.3895e+06 8.73049e+06 0.039748 1.9215
1e+06 6.28319e+06 0.050217 1.9294
719690 4.52195e+06 0.056651 1.9368
517950 3.25438e+06 0.061318 1.948
372760 2.34212e+06 0.066445 1.9603
268270 1.68559e+06 0.071918 1.9738
193070 1.21309e+06 0.077886 1.9886
138950 873049 0.084299 2.0047
100000 628319 0.091255 2.0223
71969 452195 0.098703 2.0421
51795 325438 0.10669 2.0624
37276 234212 0.11523 2.0847
26827 168559 0.12435 2.1091
19307 121309 0.13394 2.136
13895 87304.9 0.14375 2.1648
10000 62831.9 0.15347 2.1961
7196.9 45219.5 0.16288 2.2302
5179.5 32543.8 0.17158 2.2661
3727.6 23421.2 0.17939 2.3043
2682.7 16855.9 0.18606 2.3445
1930.7 12130.9 0.19133 2.3863
1389.5 8730.49 0.19494 2.4292
1000 6283.19 0.19678 2.4728
719.69 4521.95 0.19678 2.5168
517.95 3254.38 0.19489 2.5605
372.76 2342.12 0.19125 2.6033
268.27 1685.59 0.186 2.645
193.07 1213.09 0.17941 2.685
138.95 873.049 0.17184 2.7229
100 628.319 0.16355 2.7587
71.969 452.195 0.155 2.7922
51.795 325.438 0.1466 2.8233
37.276 234.212 0.1385 2.8524
26.827 168.559 0.13109 2.8793
19.307 121.309 0.12456 2.9046
13.895 87.3049 0.11906 2.9283
10 62.8319 0.11465 2.9508
7.1969 45.2195 0.11114 2.9728
5.1795 32.5438 0.1088 2.9936
3.7276 23.4212 0.10779 3.0141
2.6827 16.8559 0.10766 3.0347
1.9307 12.1309 0.10901 3.0551
1.3895 8.73049 0.1115 3.0758
1 6.28319 0.11555 3.0962
0.71969 4.52195 0.12101 3.1177
0.51795 3.25438 0.12842 3.1392
0.37276 2.34212 0.13785 3.1615
0.26827 1.68559 0.15038 3.1838
0.19307 1.21309 0.16623 3.2075
0.13895 0.873049 0.18822 3.2297
0.1 0.628319 0.2182 3.2519
0.071969 0.452195 0.2564 3.2766
0.051795 0.325438 0.30696 3.3013
0.037276 0.234212 0.37091 3.3228
0.026827 0.168559 0.47401 3.3504

1e+07 6.28319e+07 -0.061767 1.9158
7.1969e+06 4.52195e+07 0.0042519 1.9114
5.1795e+06 3.25438e+07 0.012733 1.9002
3.7276e+06 2.34212e+07 0.014886 1.9029
2.6827e+06 1.68559e+07 0.023699 1.9019
1.9307e+06 1.21309e+07 0.029562 1.9066
1.3895e+06 8.73049e+06 0.033896 1.9145
1e+06 6.28319e+06 0.043801 1.9212
719690 4.52195e+06 0.049532 1.9269
517950 3.25438e+06 0.053474 1.9366
372760 2.34212e+06 0.057764 1.9473
268270 1.68559e+06 0.062357 1.9591
193070 1.21309e+06 0.067338 1.9719
138950 873049 0.072754 1.9858
100000 628319 0.078574 2.0009
71969 452195 0.084851 2.0172
51795 325438 0.091667 2.0356
37276 234212 0.098971 2.0546
26827 168559 0.1069 2.0753
19307 121309 0.11536 2.0983
13895 87304.9 0.12424 2.1227
10000 62831.9 0.13329 2.1494
7196.9 45219.5 0.14227 2.1788
5179.5 32543.8 0.15091 2.2098
3727.6 23421.2 0.159 2.2431
2682.7 16855.9 0.16634 2.2785
1930.7 12130.9 0.1727 2.3157
1389.5 8730.49 0.17782 2.3543
1000 6283.19 0.18154 2.3942
719.69 4521.95 0.18365 2.4349
517.95 3254.38 0.18407 2.4758
372.76 2342.12 0.18276 2.5169
268.27 1685.59 0.17973 2.5572
193.07 1213.09 0.17511 2.5966
138.95 873.049 0.16907 2.6344
100 628.319 0.16194 2.6705
71.969 452.195 0.15395 2.7044
51.795 325.438 0.14549 2.7361
37.276 234.212 0.13685 2.7656
26.827 168.559 0.12845 2.7929
19.307 121.309 0.12042 2.818
13.895 87.3049 0.11313 2.8412
10 62.8319 0.10662 2.8627
7.1969 45.2195 0.10099 2.8827
5.1795 32.5438 0.096529 2.9019
3.7276 23.4212 0.093145 2.9198
2.6827 16.8559 0.090373 2.9374
1.9307 12.1309 0.089336 2.9545
1.3895 8.73049 0.088895 2.9714
1 6.28319 0.089949 2.9876
0.71969 4.52195 0.091591 3.0042
0.51795 3.25438 0.094892 3.0213
0.37276 2.34212 0.09861 3.0387
0.26827 1.68559 0.1039 3.0562
0.19307 1.21309 0.11006 3.0755
0.13895 0.873049 0.12039 3.0924
0.1 0.628319 0.13288 3.1103
0.071969 0.452195 0.14769 3.1328
0.051795 0.325438 0.16411 3.1538
0.037276 0.234212 0.19014 3.1741
0.026827 0.168559 0.22201 3.1945

1e+07 6.28319e+07 -0.064764 1.914
7.1969e+06 4.52195e+07 0.0012335 1.9093
5.1795e+06 3.25438e+07 0.0094895 1.8975
3.7276e+06 2.34212e+07 0.011365 1.8995
2.6827e+06 1.68559e+07 0.019803 1.8978
1.9307e+06 1.21309e+07 0.025312 1.9017
1.3895e+06 8.73049e+06 0.02921 1.9088
1e+06 6.28319e+06 0.038632 1.9145
719690 4.52195e+06 0.043739 1.9191
517950 3.25438e+06 0.047082 1.9277
372760 2.34212e+06 0.050731 1.9371
268270 1.68559e+06 0.054595 1.9474
193070 1.21309e+06 0.058802 1.9586
138950 873049 0.063378 1.9707
100000 628319 0.068289 1.9838
71969 452195 0.073608 1.998
51795 325438 0.079348 2.0133
37276 234212 0.085662 2.0303
26827 168559 0.092497 2.048
19307 121309 0.099951 2.0678
13895 87304.9 0.10792 2.0887
10000 62831.9 0.11619 2.1116
7196.9 45219.5 0.12457 2.137
5179.5 32543.8 0.13289 2.1639
3727.6 23421.2 0.14087 2.193
2682.7 16855.9 0.14847 2.2241
1930.7 12130.9 0.15546 2.2575
1389.5 8730.49 0.16152 2.2917
1000 6283.19 0.16655 2.3278
719.69 4521.95 0.17034 2.3652
517.95 3254.38 0.17272 2.4033
372.76 2342.12 0.17351 2.4418
268.27 1685.59 0.17273 2.4804
193.07 1213.09 0.17033 2.5187
138.95 873.049 0.16633 2.5561
100 628.319 0.16092 2.5923
71.969 452.195 0.1543 2.627
51.795 325.438 0.14677 2.6596
37.276 234.212 0.13857 2.6902
26.827 168.559 0.13002 2.7185
19.307 121.309 0.12139 2.7447
13.895 87.3049 0.11317 2.7687
10 62.8319 0.10529 2.7906
7.1969 45.2195 0.098084 2.8105
5.1795 32.5438 0.091756 2.8289
3.7276 23.4212 0.086293 2.8462
2.6827 16.8559 0.081819 2.8622
1.9307 12.1309 0.077744 2.8769
1.3895 8.73049 0.07611 2.8911
1 6.28319 0.073908 2.9055
0.71969 4.52195 0.074234 2.9188
0.51795 3.25438 0.073569 2.9325
0.37276 2.34212 0.073798 2.9468
0.26827 1.68559 0.076836 2.9598
0.19307 1.21309 0.079935 2.9736
0.13895 0.873049 0.082489 2.9871
0.1 0.628319 0.085411 3.0003
0.071969 0.452195 0.091961 3.017
0.051795 0.325438 0.099717 3.0318
0.037276 0.234212 0.112 3.05
0.026827 0.168559 0.12268 3.0631

1e+07 6.28319e+07 -0.065863 1.9134
7.1969e+06 4.52195e+07 -0.00119 1.9074
5.1795e+06 3.25438e+07 0.0067212 1.8952
3.7276e+06 2.34212e+07 0.0085605 1.8966
2.6827e+06 1.68559e+07 0.016692 1.8943
1.9307e+06 1.21309e+07 0.021801 1.8976
1.3895e+06 8.73049e+06 0.02529 1.904
1e+06 6.28319e+06 0.034268 1.909
719690 4.52195e+06 0.039007 1.9127
517950 3.25438e+06 0.041906 1.9202
372760 2.34212e+06 0.045064 1.9286
268270 1.68559e+06 0.04837 1.9377
193070 1.21309e+06 0.051943 1.9477
138950 873049 0.055841 1.9584
100000 628319 0.060054 1.97
71969 452195 0.064592 1.9824
51795 325438 0.069513 1.9958
37276 234212 0.074916 2.0099
26827 168559 0.080749 2.0262
19307 121309 0.087212 2.0433
13895 87304.9 0.094247 2.0614
10000 62831.9 0.1017 2.0812
7196.9 45219.5 0.10945 2.1032
5179.5 32543.8 0.11728 2.1267
3727.6 23421.2 0.12504 2.1521
2682.7 16855.9 0.1326 2.1795
1930.7 12130.9 0.13978 2.2091
1389.5 8730.49 0.14639 2.2397
1000 6283.19 0.15229 2.2722
719.69 4521.95 0.15726 2.3061
517.95 3254.38 0.16113 2.3413
372.76 2342.12 0.16372 2.3772
268.27 1685.59 0.16493 2.4137
193.07 1213.09 0.16464 2.4505
138.95 873.049 0.16283 2.4871
100 628.319 0.15949 2.5229
71.969 452.195 0.15476 2.5578
51.795 325.438 0.14878 2.5912
37.276 234.212 0.14178 2.6229
26.827 168.559 0.13407 2.6527
19.307 121.309 0.12574 2.6804
13.895 87.3049 0.11731 2.7059
10 62.8319 0.10894 2.7291
7.1969 45.2195 0.10091 2.7504
5.1795 32.5438 0.093357 2.7698
3.7276 23.4212 0.086344 2.7874
2.6827 16.8559 0.080389 2.8035
1.9307 12.1309 0.075063 2.8183
1.3895 8.73049 0.07146 2.8322
1 6.28319 0.067243 2.845
0.71969 4.52195 0.065512 2.8574
0.51795 3.25438 0.062755 2.869
0.37276 2.34212 0.06134 2.8808
0.26827 1.68559 0.061327 2.8921
0.19307 1.21309 0.062435 2.9036
0.13895 0.873049 0.062898 2.9132
0.1 0.628319 0.06538 2.9233
0.071969 0.452195 0.067017 2.936
0.051795 0.325438 0.06975 2.9453
0.037276 0.234212 0.074199 2.961
0.026827 0.168559 0.081672 2.9656

1e+07 6.28319e+07 -0.069719 1.9101
7.1969e+06 4.52195e+07 -0.0033202 1.9059
5.1795e+06 3.25438e+07 0.0044142 1.8933
3.7276e+06 2.34212e+07 0.0060541 1.8942
2.6827e+06 1.68559e+07 0.013986 1.8914
1.9307e+06 1.21309e+07 0.018827 1.8941
1.3895e+06 8.73049e+06 0.022058 1.8999
1e+06 6.28319e+06 0.030697 1.9043
719690 4.52195e+06 0.035105 1.9072
517950 3.25438e+06 0.037621 1.914
372760 2.34212e+06 0.040375 1.9215
268270 1.68559e+06 0.043236 1.9297
193070 1.21309e+06 0.046296 1.9386
138950 873049 0.04966 1.9481
100000 628319 0.053294 1.9584
71969 452195 0.057208 1.9694
51795 325438 0.061431 1.9813
37276 234212 0.066056 1.9938
26827 168559 0.071104 2.0074
19307 121309 0.076667 2.0221
13895 87304.9 0.08285 2.0388
10000 62831.9 0.089534 2.0561
7196.9 45219.5 0.096626 2.0753
5179.5 32543.8 0.10391 2.0958
3727.6 23421.2 0.11122 2.1182
2682.7 16855.9 0.11851 2.1424
1930.7 12130.9 0.12567 2.1687
1389.5 8730.49 0.13247 2.1959
1000 6283.19 0.13882 2.2251
719.69 4521.95 0.14453 2.2558
517.95 3254.38 0.14947 2.2879
372.76 2342.12 0.15341 2.3212
268.27 1685.59 0.15623 2.3554
193.07 1213.09 0.1578 2.3902
138.95 873.049 0.15801 2.4254
100 628.319 0.15673 2.4604
71.969 452.195 0.15409 2.495
51.795 325.438 0.15005 2.5288
37.276 234.212 0.14476 2.5613
26.827 168.559 0.13835 2.5923
19.307 121.309 0.13111 2.6216
13.895 87.3049 0.12331 2.6489
10 62.8319 0.11523 2.6741
7.1969 45.2195 0.10705 2.6971
5.1795 32.5438 0.098972 2.7183
3.7276 23.4212 0.091256 2.7374
2.6827 16.8559 0.083802 2.7549
1.9307 12.1309 0.077584 2.7707
1.3895 8.73049 0.071833 2.7851
1 6.28319 0.067122 2.798
0.71969 4.52195 0.062974 2.8103
0.51795 3.25438 0.060121 2.8216
0.37276 2.34212 0.05715 2.8323
0.26827 1.68559 0.055078 2.8427
0.19307 1.21309 0.053481 2.8527
0.13895 0.873049 0.053947 2.8622
0.1 0.628319 0.054683 2.8692
0.071969 0.452195 0.054356 2.8804
0.051795 0.325438 0.057446 2.889
0.037276 0.234212 0.05692 2.8993
0.026827 0.168559 0.061806 2.9093

1e+07 6.28319e+07 -0.069924 1.9108
7.1969e+06 4.52195e+07 -0.0053565 1.9046
5.1795e+06 3.25438e+07 0.0023106 1.8916
3.7276e+06 2.34212e+07 0.0038356 1.8921
2.6827e+06 1.68559e+07 0.011622 1.8889
1.9307e+06 1.21309e+07 0.016258 1.8911
1.3895e+06 8.73049e+06 0.019334 1.8964
1e+06 6.28319e+06 0.027655 1.9002
719690 4.52195e+06 0.031786 1.9025
517950 3.25438e+06 0.034028 1.9086
372760 2.34212e+06 0.03642 1.9154
268270 1.68559e+06 0.038906 1.9228
193070 1.21309e+06 0.041563 1.9307
138950 873049 0.044471 1.9393
100000 628319 0.047625 1.9486
71969 452195 0.050965 1.9584
51795 325438 0.054613 1.969
37276 234212 0.058615 1.98
26827 168559 0.062962 1.9921
19307 121309 0.06778 2.0051
13895 87304.9 0.073099 2.0191
10000 62831.9 0.079011 2.0349
7196.9 45219.5 0.085433 2.0518
5179.5 32543.8 0.092088 2.0697
3727.6 23421.2 0.098937 2.0894
2682.7 16855.9 0.10587 2.1107
1930.7 12130.9 0.11277 2.1341
1389.5 8730.49 0.11952 2.1583
1000 6283.19 0.12601 2.1844
719.69 4521.95 0.13214 2.2122
517.95 3254.38 0.13774 2.2414
372.76 2342.12 0.14261 2.2719
268.27 1685.59 0.14666 2.3036
193.07 1213.09 0.14972 2.3362
138.95 873.049 0.15161 2.3696
100 628.319 0.15224 2.4034
71.969 452.195 0.15156 2.4372
51.795 325.438 0.14954 2.4707
37.276 234.212 0.14616 2.5035
26.827 168.559 0.14153 2.5353
19.307 121.309 0.13588 2.5658
13.895 87.3049 0.12934 2.5948
10 62.8319 0.12201 2.6219
7.1969 45.2195 0.11414 2.6472
5.1795 32.5438 0.10624 2.6704
3.7276 23.4212 0.09842 2.6914
2.6827 16.8559 0.090585 2.7107
1.9307 12.1309 0.083508 2.728
1.3895 8.73049 0.076888 2.7441
1 6.28319 0.071167 2.758
0.71969 4.52195 0.06573 2.7713
0.51795 3.25438 0.061459 2.7829
0.37276 2.34212 0.057552 2.7939
0.26827 1.68559 0.054585 2.8042
0.19307 1.21309 0.051555 2.8144
0.13895 0.873049 0.04956 2.8225
0.1 0.628319 0.050665 2.8322
0.071969 0.452195 0.047832 2.8397
0.051795 0.325438 0.048151 2.8466
0.037276 0.234212 0.048276 2.8559
0.026827 0.168559 0.049682 2.8636

1e+07 6.28319e+07 -0.071009 1.9092
7.1969e+06 4.52195e+07 -0.0070293 1.9025
5.1795e+06 3.25438e+07 0.00050369 1.8892
3.7276e+06 2.34212e+07 0.0018896 1.8894
2.6827e+06 1.68559e+07 0.0094791 1.8857
1.9307e+06 1.21309e+07 0.013959 1.8875
1.3895e+06 8.73049e+06 0.016836 1.8923
1e+06 6.28319e+06 0.024982 1.8956
719690 4.52195e+06 0.028852 1.8973
517950 3.25438e+06 0.030844 1.9029
372760 2.34212e+06 0.032955 1.909
268270 1.68559e+06 0.035127 1.9156
193070 1.21309e+06 0.037434 1.9229
138950 873049 0.039953 1.9306
100000 628319 0.04266 1.9389
71969 452195 0.045579 1.9477
51795 325438 0.048718 1.9572
37276 234212 0.052158 1.967
26827 168559 0.055884 1.9778
19307 121309 0.05998 1.9893
13895 87304.9 0.064569 2.0016
10000 62831.9 0.069698 2.0149
7196.9 45219.5 0.075384 2.0303
5179.5 32543.8 0.081404 2.0459
3727.6 23421.2 0.0877 2.0632
2682.7 16855.9 0.094158 2.082
1930.7 12130.9 0.1007 2.1027
1389.5 8730.49 0.10718 2.124
1000 6283.19 0.11359 2.1472
719.69 4521.95 0.11978 2.172
517.95 3254.38 0.12567 2.1981
372.76 2342.12 0.13108 2.2257
268.27 1685.59 0.13595 2.2546
193.07 1213.09 0.14007 2.2847
138.95 873.049 0.14332 2.3158
100 628.319 0.14556 2.3476
71.969 452.195 0.14663 2.38
51.795 325.438 0.14651 2.4125
37.276 234.212 0.14511 2.4445
26.827 168.559 0.14242 2.4762
19.307 121.309 0.13855 2.5069
13.895 87.3049 0.13353 2.5368
10 62.8319 0.12776 2.5654
7.1969 45.2195 0.12101 2.5923
5.1795 32.5438 0.11377 2.6174
3.7276 23.4212 0.10642 2.6406
2.6827 16.8559 0.098791 2.6619
1.9307 12.1309 0.090968 2.6814
1.3895 8.73049 0.084486 2.6989
1 6.28319 0.077201 2.7151
0.71969 4.52195 0.071974 2.729
0.51795 3.25438 0.065808 2.7426
0.37276 2.34212 0.060443 2.7553
0.26827 1.68559 0.057459 2.7659
0.19307 1.21309 0.054645 2.7761
0.13895 0.873049 0.049499 2.7855
0.1 0.628319 0.047123 2.7923
0.071969 0.452195 0.045354 2.8029
0.051795 0.325438 0.046104 2.8102
0.037276 0.234212 0.044658 2.8176
0.026827 0.168559 0.050023 2.827

1e+07 6.28319e+07 -0.072787 1.9063
7.1969e+06 4.52195e+07 -0.0084591 1.8997
5.1795e+06 3.25438e+07 -0.0010482 1.8861
3.7276e+06 2.34212e+07 0.00018746 1.886
2.6827e+06 1.68559e+07 0.0076464 1.882
1.9307e+06 1.21309e+07 0.011962 1.8835
1.3895e+06 8.73049e+06 0.014579 1.8878
1e+06 6.28319e+06 0.022621 1.8907
719690 4.52195e+06 0.026234 1.8919
517950 3.25438e+06 0.027985 1.8969
372760 2.34212e+06 0.029862 1.9024
268270 1.68559e+06 0.031761 1.9085
193070 1.21309e+06 0.033786 1.915
138950 873049 0.035977 1.922
100000 628319 0.038332 1.9295
71969 452195 0.04088 1.9374
51795 325438 0.043578 1.9459
37276 234212 0.046534 1.9547
26827 168559 0.049704 1.9644
19307 121309 0.053196 1.9746
13895 87304.9 0.057092 1.9855
10000 62831.9 0.061495 1.9971
7196.9 45219.5 0.066393 2.0098
5179.5 32543.8 0.071779 2.0237
3727.6 23421.2 0.077513 2.0394
2682.7 16855.9 0.083442 2.0559
1930.7 12130.9 0.089517 2.0742
1389.5 8730.49 0.095636 2.093
1000 6283.19 0.10177 2.1137
719.69 4521.95 0.10788 2.1358
517.95 3254.38 0.11382 2.1592
372.76 2342.12 0.11951 2.1841
268.27 1685.59 0.12484 2.2104
193.07 1213.09 0.12965 2.2379
138.95 873.049 0.13385 2.2666
100 628.319 0.13726 2.2962
71.969 452.195 0.13976 2.3267
51.795 325.438 0.14131 2.3577
37.276 234.212 0.14169 2.389
26.827 168.559 0.14093 2.4204
19.307 121.309 0.13898 2.4514
13.895 87.3049 0.1358 2.4819
10 62.8319 0.13167 2.5114
7.1969 45.2195 0.12635 2.5399
5.1795 32.5438 0.12014 2.5663
3.7276 23.4212 0.11373 2.5919
2.6827 16.8559 0.10706 2.6155
1.9307 12.1309 0.099589 2.6371
1.3895 8.73049 0.09265 2.6568
1 6.28319 0.085123 2.6751
0.71969 4.52195 0.079625 2.6914
0.51795 3.25438 0.072363 2.7064
0.37276 2.34212 0.06654 2.7203
0.26827 1.68559 0.062061 2.7326
0.19307 1.21309 0.057888 2.743
0.13895 0.873049 0.053751 2.7533
0.1 0.628319 0.048501 2.7614
0.071969 0.452195 0.048804 2.7729
0.051795 0.325438 0.045783 2.7811
0.037276 0.234212 0.041538 2.7902
0.026827 0.168559 0.046202 2.7955

1e+07 6.28319e+07 -0.073917 1.9056
7.1969e+06 4.52195e+07 -0.0098837 1.8984
5.1795e+06 3.25438e+07 -0.0025301 1.8846
3.7276e+06 2.34212e+07 -0.0013914 1.8842
2.6827e+06 1.68559e+07 0.0059361 1.8799
1.9307e+06 1.21309e+07 0.010146 1.881
1.3895e+06 8.73049e+06 0.012645 1.885
1e+06 6.28319e+06 0.020493 1.8875
719690 4.52195e+06 0.023956 1.8882
517950 3.25438e+06 0.025543 1.8928
372760 2.34212e+06 0.02719 1.8978
268270 1.68559e+06 0.028858 1.9033
193070 1.21309e+06 0.030637 1.9092
138950 873049 0.032563 1.9156
100000 628319 0.034611 1.9224
71969 452195 0.036823 1.9295
51795 325438 0.03915 1.9372
37276 234212 0.041732 1.9451
26827 168559 0.044469 1.9538
19307 121309 0.047457 1.963
13895 87304.9 0.050764 1.9727
10000 62831.9 0.054524 1.983
7196.9 45219.5 0.058779 1.9941
5179.5 32543.8 0.063489 2.0063
3727.6 23421.2 0.068659 2.0194
2682.7 16855.9 0.074038 2.0347
1930.7 12130.9 0.079659 2.0509
1389.5 8730.49 0.085344 2.0675
1000 6283.19 0.091124 2.0858
719.69 4521.95 0.096947 2.1055
517.95 3254.38 0.10274 2.1264
372.76 2342.12 0.10842 2.1487
268.27 1685.59 0.11392 2.1724
193.07 1213.09 0.11913 2.1974
138.95 873.049 0.1239 2.2235
100 628.319 0.12819 2.2508
71.969 452.195 0.13178 2.2791
51.795 325.438 0.13453 2.3082
37.276 234.212 0.13642 2.338
26.827 168.559 0.13727 2.3683
19.307 121.309 0.13704 2.3985
13.895 87.3049 0.13575 2.4288
10 62.8319 0.13346 2.4585
7.1969 45.2195 0.12991 2.4877
5.1795 32.5438 0.12548 2.5157
3.7276 23.4212 0.12031 2.5426
2.6827 16.8559 0.11421 2.5681
1.9307 12.1309 0.10764 2.5917
1.3895 8.73049 0.10095 2.6138
1 6.28319 0.093844 2.6341
0.71969 4.52195 0.087275 2.6527
0.51795 3.25438 0.080846 2.6696
0.37276 2.34212 0.074409 2.6852
0.26827 1.68559 0.068628 2.6992
0.19307 1.21309 0.062807 2.7124
0.13895 0.873049 0.059132 2.7232
0.1 0.628319 0.055186 2.7327
0.071969 0.452195 0.052006 2.7441
0.051795 0.325438 0.048473 2.7518
0.037276 0.234212 0.043173 2.7622
0.026827 0.168559 0.047455 2.7694

1e+07 6.28319e+07 -0.07451 1.9051
7.1969e+06 4.52195e+07 -0.011038 1.8973
5.1795e+06 3.25438e+07 -0.0037888 1.8832
3.7276e+06 2.34212e+07 -0.0027369 1.8825
2.6827e+06 1.68559e+07 0.004489 1.8779
1.9307e+06 1.21309e+07 0.0085322 1.8787
1.3895e+06 8.73049e+06 0.01094 1.8824
1e+06 6.28319e+06 0.018604 1.8845
719690 4.52195e+06 0.021915 1.8849
517950 3.25438e+06 0.023312 1.889
372760 2.34212e+06 0.02481 1.8936
268270 1.68559e+06 0.026295 1.8985
193070 1.21309e+06 0.027848 1.9039
138950 873049 0.029529 1.9097
100000 628319 0.031349 1.9159
71969 452195 0.033253 1.9224
51795 325438 0.035288 1.9293
37276 234212 0.037533 1.9365
26827 168559 0.03989 1.9443
19307 121309 0.042452 1.9526
13895 87304.9 0.045252 1.9613
10000 62831.9 0.048415 1.9705
7196.9 45219.5 0.052043 1.9802
5179.5 32543.8 0.056165 1.9909
3727.6 23421.2 0.060716 2.0024
2682.7 16855.9 0.06558 2.0152
1930.7 12130.9 0.070675 2.0302
1389.5 8730.49 0.07591 2.0448
1000 6283.19 0.08127 2.061
719.69 4521.95 0.086735 2.0785
517.95 3254.38 0.09225 2.0972
372.76 2342.12 0.097751 2.117
268.27 1685.59 0.10319 2.1382
193.07 1213.09 0.10851 2.1607
138.95 873.049 0.11357 2.1844
100 628.319 0.11832 2.2093
71.969 452.195 0.12257 2.2352
51.795 325.438 0.12632 2.2622
37.276 234.212 0.12929 2.29
26.827 168.559 0.13154 2.3186
19.307 121.309 0.13284 2.3477
13.895 87.3049 0.13315 2.3771
10 62.8319 0.1325 2.4063
7.1969 45.2195 0.13074 2.4354
5.1795 32.5438 0.12814 2.4644
3.7276 23.4212 0.12434 2.4917
2.6827 16.8559 0.11975 2.5186
1.9307 12.1309 0.11444 2.544
1.3895 8.73049 0.10885 2.568
1 6.28319 0.10234 2.5904
0.71969 4.52195 0.096131 2.6116
0.51795 3.25438 0.089385 2.6302
0.37276 2.34212 0.082667 2.648
0.26827 1.68559 0.076679 2.6641
0.19307 1.21309 0.070761 2.6796
0.13895 0.873049 0.065452 2.6917
0.1 0.628319 0.061245 2.7025
0.071969 0.452195 0.056867 2.7142
0.051795 0.325438 0.053372 2.7242
0.037276 0.234212 0.049087 2.7345
0.026827 0.168559 0.047614 2.7448

1e+07 6.28319e+07 -0.078118 1.9022
7.1969e+06 4.52195e+07 -0.012133 1.8962
5.1795e+06 3.25438e+07 -0.0049504 1.8819
3.7276e+06 2.34212e+07 -0.0039978 1.881
2.6827e+06 1.68559e+07 0.0031092 1.8761
1.9307e+06 1.21309e+07 0.007099 1.8767
1.3895e+06 8.73049e+06 0.0093742 1.88
1e+06 6.28319e+06 0.016909 1.8818
719690 4.52195e+06 0.020064 1.8818
517950 3.25438e+06 0.021351 1.8855
372760 2.34212e+06 0.022676 1.8897
268270 1.68559e+06 0.023993 1.8942
193070 1.21309e+06 0.025341 1.8992
138950 873049 0.026852 1.9044
100000 628319 0.028445 1.9101
71969 452195 0.030104 1.9159
51795 325438 0.031872 1.9223
37276 234212 0.033808 1.9287
26827 168559 0.035845 1.9358
19307 121309 0.038018 1.9432
13895 87304.9 0.040405 1.951
10000 62831.9 0.043081 1.9593
7196.9 45219.5 0.046138 1.9679
5179.5 32543.8 0.049679 1.9773
3727.6 23421.2 0.053675 1.9874
2682.7 16855.9 0.058 1.9986
1930.7 12130.9 0.062596 2.0109
1389.5 8730.49 0.067374 2.0247
1000 6283.19 0.072299 2.0391
719.69 4521.95 0.077319 2.0545
517.95 3254.38 0.082451 2.0711
372.76 2342.12 0.087658 2.0888
268.27 1685.59 0.0929 2.1076
193.07 1213.09 0.098105 2.1278
138.95 873.049 0.10322 2.1491
100 628.319 0.10814 2.1715
71.969 452.195 0.11281 2.1951
51.795 325.438 0.11707 2.2198
37.276 234.212 0.12087 2.2455
26.827 168.559 0.12405 2.2721
19.307 121.309 0.12656 2.2995
13.895 87.3049 0.12836 2.3274
10 62.8319 0.12917 2.3557
7.1969 45.2195 0.12909 2.3842
5.1795 32.5438 0.1278 2.4126
3.7276 23.4212 0.12616 2.4405
2.6827 16.8559 0.12318 2.4678
1.9307 12.1309 0.11903 2.4942
1.3895 8.73049 0.11471 2.5195
1 6.28319 0.10882 2.5442
0.71969 4.52195 0.10461 2.5661
0.51795 3.25438 0.097703 2.5882
0.37276 2.34212 0.091078 2.6085
0.26827 1.68559 0.085747 2.6264
0.19307 1.21309 0.080144 2.6429
0.13895 0.873049 0.073151 2.6573
0.1 0.628319 0.067344 2.671
0.071969 0.452195 0.063206 2.6847
0.051795 0.325438 0.05714 2.6965
0.037276 0.234212 0.053289 2.7094
0.026827 0.168559 0.052947 2.7162

1e+07 6.28319e+07 -0.077565 1.9023
7.1969e+06 4.52195e+07 -0.013197 1.8952
5.1795e+06 3.25438e+07 -0.0060589 1.8807
3.7276e+06 2.34212e+07 -0.0051722 1.8796
2.6827e+06 1.68559e+07 0.00187 1.8746
1.9307e+06 1.21309e+07 0.0057222 1.8748
1.3895e+06 8.73049e+06 0.0079378 1.8778
1e+06 6.28319e+06 0.015385 1.8793
719690 4.52195e+06 0.018374 1.879
517950 3.25438e+06 0.019544 1.8824
372760 2.34212e+06 0.020735 1.8862
268270 1.68559e+06 0.021912 1.8903
193070 1.21309e+06 0.023094 1.8948
138950 873049 0.02443 1.8997
100000 628319 0.025813 1.9048
71969 452195 0.027275 1.9101
51795 325438 0.028831 1.9159
37276 234212 0.030514 1.9217
26827 168559 0.032263 1.9281
19307 121309 0.034137 1.9348
13895 87304.9 0.036152 1.9419
10000 62831.9 0.038407 1.9493
7196.9 45219.5 0.041 1.9569
5179.5 32543.8 0.043988 1.9652
3727.6 23421.2 0.047477 1.974
2682.7 16855.9 0.051292 1.9839
1930.7 12130.9 0.055369 1.9947
1389.5 8730.49 0.059671 2.0065
1000 6283.19 0.064116 2.0192
719.69 4521.95 0.068716 2.0333
517.95 3254.38 0.073439 2.0479
372.76 2342.12 0.07825 2.0636
268.27 1685.59 0.083163 2.0803
193.07 1213.09 0.088118 2.0982
138.95 873.049 0.093105 2.1172
100 628.319 0.098003 2.1373
71.969 452.195 0.10279 2.1587
51.795 325.438 0.10736 2.181
37.276 234.212 0.11161 2.2044
26.827 168.559 0.11551 2.2289
19.307 121.309 0.11879 2.2543
13.895 87.3049 0.12163 2.2805
10 62.8319 0.12369 2.3074
7.1969 45.2195 0.12498 2.3344
5.1795 32.5438 0.12536 2.362
3.7276 23.4212 0.12505 2.3891
2.6827 16.8559 0.1238 2.4164
1.9307 12.1309 0.12156 2.4434
1.3895 8.73049 0.11838 2.4698
1 6.28319 0.11465 2.4951
0.71969 4.52195 0.11016 2.5194
0.51795 3.25438 0.10537 2.5428
0.37276 2.34212 0.099979 2.5641
0.26827 1.68559 0.093918 2.5847
0.19307 1.21309 0.088159 2.6034
0.13895 0.873049 0.083168 2.6207
0.1 0.628319 0.0777 2.6365
0.071969 0.452195 0.073922 2.65
0.051795 0.325438 0.067489 2.6659
0.037276 0.234212 0.060432 2.6773
0.026827 0.168559 0.059676 2.6864

1e+07 6.28319e+07 -0.079596 1.9005
7.1969e+06 4.52195e+07 -0.014129 1.8945
5.1795e+06 3.25438e+07 -0.007096 1.8798
3.7276e+06 2.34212e+07 -0.0062621 1.8784
2.6827e+06 1.68559e+07 0.00072072 1.8731
1.9307e+06 1.21309e+07 0.0044938 1.8731
1.3895e+06 8.73049e+06 0.0066028 1.8759
1e+06 6.28319e+06 0.013945 1.8771
719690 4.52195e+06 0.016855 1.8765
517950 3.25438e+06 0.017897 1.8795
372760 2.34212e+06 0.018966 1.883
268270 1.68559e+06 0.020011 1.8868
193070 1.21309e+06 0.021095 1.8909
138950 873049 0.022251 1.8953
100000 628319 0.023484 1.8998
71969 452195 0.024736 1.9049
51795 325438 0.026086 1.9101
37276 234212 0.027563 1.9154
26827 168559 0.029072 1.9212
19307 121309 0.030682 1.9272
13895 87304.9 0.032409 1.9336
10000 62831.9 0.034283 1.9402
7196.9 45219.5 0.03642 1.9471
5179.5 32543.8 0.03893 1.9544
3727.6 23421.2 0.041905 1.9621
2682.7 16855.9 0.045244 1.9708
1930.7 12130.9 0.048864 1.9803
1389.5 8730.49 0.052725 1.9907
1000 6283.19 0.056724 2.0018
719.69 4521.95 0.060848 2.0139
517.95 3254.38 0.065156 2.0272
372.76 2342.12 0.069526 2.041
268.27 1685.59 0.074053 2.0558
193.07 1213.09 0.078686 2.0717
138.95 873.049 0.083397 2.0886
100 628.319 0.088102 2.1065
71.969 452.195 0.092786 2.1256
51.795 325.438 0.097436 2.1456
37.276 234.212 0.10186 2.1667
26.827 168.559 0.1061 2.1889
19.307 121.309 0.11005 2.2121
13.895 87.3049 0.11347 2.2361
10 62.8319 0.11635 2.261
7.1969 45.2195 0.11881 2.2867
5.1795 32.5438 0.12052 2.3128
3.7276 23.4212 0.12147 2.3392
2.6827 16.8559 0.12177 2.3659
1.9307 12.1309 0.12076 2.3926
1.3895 8.73049 0.11952 2.4187
1 6.28319 0.11672 2.4454
0.71969 4.52195 0.11462 2.469
0.51795 3.25438 0.11042 2.4944
0.37276 2.34212 0.10665 2.5187
0.26827 1.68559 0.10142 2.5396
0.19307 1.21309 0.096644 2.5601
0.13895 0.873049 0.091469 2.58
0.1 0.628319 0.085035 2.5996
0.071969 0.452195 0.081923 2.6159
0.051795 0.325438 0.076021 2.6305
0.037276 0.234212 0.074059 2.6462
0.026827 0.168559 0.064904 2.6586

1e+07 6.28319e+07 -0.079913 1.9004
7.1969e+06 4.52195e+07 -0.015053 1.8937
5.1795e+06 3.25438e+07 -0.0080421 1.8789
3.7276e+06 2.34212e+07 -0.0072748 1.8773
2.6827e+06 1.68559e+07 -0.00039086 1.8718
1.9307e+06 1.21309e+07 0.0033529 1.8716
1.3895e+06 8.73049e+06 0.0053594 1.8742
1e+06 6.28319e+06 0.012636 1.8751
719690 4.52195e+06 0.015452 1.8742
517950 3.25438e+06 0.016392 1.877
372760 2.34212e+06 0.017369 1.8802
268270 1.68559e+06 0.018306 1.8836
193070 1.21309e+06 0.019267 1.8874
138950 873049 0.020299 1.8914
100000 628319 0.021387 1.8955
71969 452195 0.02248 1.9001
51795 325438 0.023674 1.9048
37276 234212 0.024961 1.9097
26827 168559 0.02627 1.9149
19307 121309 0.027637 1.9204
13895 87304.9 0.0291 1.9262
10000 62831.9 0.03066 1.9322
7196.9 45219.5 0.032448 1.9383
5179.5 32543.8 0.034525 1.9449
3727.6 23421.2 0.037017 1.9516
2682.7 16855.9 0.039891 1.9592
1930.7 12130.9 0.043086 1.9674
1389.5 8730.49 0.046495 1.9766
1000 6283.19 0.050087 1.9864
719.69 4521.95 0.053797 1.997
517.95 3254.38 0.057625 2.0085
372.76 2342.12 0.061631 2.0206
268.27 1685.59 0.065734 2.0341
193.07 1213.09 0.069988 2.0482
138.95 873.049 0.074332 2.0631
100 628.319 0.078753 2.079
71.969 452.195 0.083232 2.0959
51.795 325.438 0.087743 2.1138
37.276 234.212 0.092134 2.1327
26.827 168.559 0.096465 2.1526
19.307 121.309 0.10067 2.1736
13.895 87.3049 0.10461 2.1955
10 62.8319 0.10807 2.2182
7.1969 45.2195 0.1111 2.2417
5.1795 32.5438 0.11408 2.2662
3.7276 23.4212 0.1161 2.2911
2.6827 16.8559 0.11747 2.3164
1.9307 12.1309 0.11793 2.3427
1.3895 8.73049 0.11805 2.3679
1 6.28319 0.11706 2.3948
0.71969 4.52195 0.11568 2.4189
0.51795 3.25438 0.11323 2.4445
0.37276 2.34212 0.11122 2.4691
0.26827 1.68559 0.10717 2.4914
0.19307 1.21309 0.10292 2.5143
0.13895 0.873049 0.098532 2.5356
0.1 0.628319 0.093282 2.5562
0.071969 0.452195 0.090888 2.5749
0.051795 0.325438 0.084732 2.5902
0.037276 0.234212 0.080302 2.6077
0.026827 0.168559 0.074271 2.6214

1e+07 6.28319e+07 -0.081476 1.8991
7.1969e+06 4.52195e+07 -0.015958 1.893
5.1795e+06 3.25438e+07 -0.0089814 1.878
3.7276e+06 2.34212e+07 -0.0082449 1.8763
2.6827e+06 1.68559e+07 -0.0014056 1.8706
1.9307e+06 1.21309e+07 0.0022445 1.8702
1.3895e+06 8.73049e+06 0.004209 1.8725
1e+06 6.28319e+06 0.011393 1.8732
719690 4.52195e+06 0.01416 1.8721
517950 3.25438e+06 0.015018 1.8746
372760 2.34212e+06 0.015905 1.8775
268270 1.68559e+06 0.016753 1.8806
193070 1.21309e+06 0.017621 1.884
138950 873049 0.018515 1.8877
100000 628319 0.019462 1.8915
71969 452195 0.020456 1.8957
51795 325438 0.021487 1.9
37276 234212 0.022587 1.9044
26827 168559 0.023722 1.9092
19307 121309 0.024897 1.9142
13895 87304.9 0.026122 1.9194
10000 62831.9 0.02745 1.9248
7196.9 45219.5 0.028905 1.9303
5179.5 32543.8 0.030619 1.9362
3727.6 23421.2 0.032691 1.9421
2682.7 16855.9 0.035141 1.9487
1930.7 12130.9 0.037946 1.9559
1389.5 8730.49 0.040969 1.9639
1000 6283.19 0.044165 1.9726
719.69 4521.95 0.04747 1.9819
517.95 3254.38 0.050924 1.992
372.76 2342.12 0.054511 2.0028
268.27 1685.59 0.058191 2.0143
193.07 1213.09 0.062031 2.0271
138.95 873.049 0.065984 2.0403
100 628.319 0.070059 2.0543
71.969 452.195 0.074204 2.0693
51.795 325.438 0.078471 2.0851
37.276 234.212 0.082706 2.1018
26.827 168.559 0.086969 2.1196
19.307 121.309 0.091126 2.1384
13.895 87.3049 0.095225 2.158
10 62.8319 0.099048 2.1788
7.1969 45.2195 0.10237 2.2002
5.1795 32.5438 0.10604 2.2227
3.7276 23.4212 0.10874 2.2459
2.6827 16.8559 0.11121 2.2694
1.9307 12.1309 0.11304 2.294
1.3895 8.73049 0.11453 2.3185
1 6.28319 0.11471 2.3433
0.71969 4.52195 0.11494 2.3682
0.51795 3.25438 0.11375 2.3932
0.37276 2.34212 0.11181 2.418
0.26827 1.68559 0.11031 2.4421
0.19307 1.21309 0.10757 2.4651
0.13895 0.873049 0.10283 2.4873
0.1 0.628319 0.09872 2.5084
0.071969 0.452195 0.095787 2.5304
0.051795 0.325438 0.091902 2.5499
0.037276 0.234212 0.083268 2.5703
0.026827 0.168559 0.083638 2.5854

1e+07 6.28319e+07 -0.081349 1.8998
7.1969e+06 4.52195e+07 -0.016669 1.8924
5.1795e+06 3.25438e+07 -0.0097391 1.8772
3.7276e+06 2.34212e+07 -0.0090634 1.8754
2.6827e+06 1.68559e+07 -0.0022952 1.8695
1.9307e+06 1.21309e+07 0.0013083 1.8689
1.3895e+06 8.73049e+06 0.0032095 1.871
1e+06 6.28319e+06 0.010314 1.8715
719690 4.52195e+06 0.012991 1.8701
517950 3.25438e+06 0.013764 1.8724
372760 2.34212e+06 0.014561 1.8751
268270 1.68559e+06 0.015316 1.8779
193070 1.21309e+06 0.016064 1.8811
138950 873049 0.016894 1.8844
100000 628319 0.01774 1.8878
71969 452195 0.018595 1.8917
51795 325438 0.019506 1.8956
37276 234212 0.020484 1.8996
26827 168559 0.021452 1.9039
19307 121309 0.022457 1.9085
13895 87304.9 0.023512 1.9132
10000 62831.9 0.024584 1.9181
7196.9 45219.5 0.025816 1.923
5179.5 32543.8 0.027195 1.9282
3727.6 23421.2 0.028931 1.9335
2682.7 16855.9 0.031015 1.9393
1930.7 12130.9 0.033452 1.9456
1389.5 8730.49 0.036124 1.9526
1000 6283.19 0.038951 1.9602
719.69 4521.95 0.041904 1.9685
517.95 3254.38 0.044933 1.9773
372.76 2342.12 0.048122 1.9868
268.27 1685.59 0.051414 1.997
193.07 1213.09 0.054834 2.008
138.95 873.049 0.058373 2.0196
100 628.319 0.062068 2.0323
71.969 452.195 0.06583 2.0456
51.795 325.438 0.069791 2.0595
37.276 234.212 0.073706 2.0743
26.827 168.559 0.0778 2.0901
19.307 121.309 0.081884 2.1069
13.895 87.3049 0.085953 2.1244
10 62.8319 0.089724 2.1431
7.1969 45.2195 0.093582 2.1623
5.1795 32.5438 0.097428 2.1826
3.7276 23.4212 0.1008 2.2037
2.6827 16.8559 0.10383 2.2256
1.9307 12.1309 0.1062 2.2482
1.3895 8.73049 0.10851 2.2713
1 6.28319 0.11007 2.296
0.71969 4.52195 0.11103 2.3189
0.51795 3.25438 0.11144 2.3435
0.37276 2.34212 0.11195 2.3675
0.26827 1.68559 0.11029 2.3913
0.19307 1.21309 0.10911 2.4151
0.13895 0.873049 0.10722 2.4381
0.1 0.628319 0.105 2.4608
0.071969 0.452195 0.10233 2.4824
0.051795 0.325438 0.097582 2.5029
0.037276 0.234212 0.092501 2.5209
0.026827 0.168559 0.092387 2.5437
