Data fit to <COOP> functional form

fit temperature range in [403,333]

xData (#.=15)
[[403.000000],[398.000000],[393.000000],[388.000000],[383.000000],[378.000000],[373.000000],[368.000000],[363.000000],[358.000000],[353.000000],[348.000000],[343.000000],[338.000000],[333.000000]]

yData (#.=15)
[-5.744895,-5.596980,-5.424730,-5.253780,-5.050380,-4.861690,-4.622770,-4.440320,-4.155485,-3.926320,-3.624540,-3.375280,-3.001575,-2.675840,-2.244505]

stop condition:
intial coeffs = -12 1000 1 0.1 
scale  = -12 1000 1 0.1 
bndl   = -20 0 -500 -1000 
bndu   = 20 1e+06 500 1000 
epsf   = 0
epsx   = 1e-10
maxits = 100000

-------------------------------------
Tg_extrp [@(100)timeUnit] 300.291
m_extrp [@Tg_extrp] 59.312
-------------------------------------

Operating Mode: F

fit info 2
(relative step is no more than EpsX.)

internal iterations = 1175
time used = 0 seconds

fit coeffs
-17.6772 10987.7 383.036 0.0235849 

fit coeffs error
1.1685 1142.8 140.642 0.00178016 

Statistics
===================================
R^2 (coefficient of determination) 
0.999763 (1 cycles)

RMS error 
0.0163548

average error 
0.0140688

average relative error 
0.00376178

maximum error 
0.0297382
===================================


T  log(tau_org) log10(tauFit_fit) ErrCurve  
=========================================== 
403 -5.74489 -5.7576 0.0136677
398 -5.59698 -5.5927 0.0099936
393 -5.42473 -5.42068 0.00795542
388 -5.25378 -5.24071 0.00747496
383 -5.05038 -5.05178 0.0077658
378 -4.86169 -4.85273 0.00804845
373 -4.62277 -4.64217 0.0080033
368 -4.44032 -4.41842 0.00770405
363 -4.15549 -4.1795 0.00750984
358 -3.92632 -3.92304 0.00782787
353 -3.62454 -3.64619 0.00864585
348 -3.37528 -3.34554 0.00939023
343 -3.00157 -3.01699 0.00946804
338 -2.67584 -2.65561 0.0100031
333 -2.24451 -2.25544 0.0167358


1000/T  log(tau_org) log10(tauFit_fit) ErrCurve 
=========================================== 
2.48139 -5.74489 -5.7576 0.0136677
2.51256 -5.59698 -5.5927 0.0099936
2.54453 -5.42473 -5.42068 0.00795542
2.57732 -5.25378 -5.24071 0.00747496
2.61097 -5.05038 -5.05178 0.0077658
2.6455 -4.86169 -4.85273 0.00804845
2.68097 -4.62277 -4.64217 0.0080033
2.71739 -4.44032 -4.41842 0.00770405
2.75482 -4.15549 -4.1795 0.00750984
2.7933 -3.92632 -3.92304 0.00782787
2.83286 -3.62454 -3.64619 0.00864585
2.87356 -3.37528 -3.34554 0.00939023
2.91545 -3.00157 -3.01699 0.00946804
2.95858 -2.67584 -2.65561 0.0100031
3.003 -2.24451 -2.25544 0.0167358



T  log10(tauFit_fit)             
=================================
403 -5.7576
402.897 -5.75428
402.795 -5.75095
402.692 -5.74763
402.589 -5.7443
402.486 -5.74097
402.384 -5.73763
402.281 -5.7343
402.178 -5.73096
402.076 -5.72761
401.973 -5.72427
401.87 -5.72092
401.767 -5.71757
401.665 -5.71422
401.562 -5.71086
401.459 -5.7075
401.357 -5.70414
401.254 -5.70078
401.151 -5.69741
401.049 -5.69404
400.946 -5.69066
400.843 -5.68729
400.74 -5.68391
400.638 -5.68053
400.535 -5.67714
400.432 -5.67376
400.33 -5.67037
400.227 -5.66697
400.124 -5.66358
400.021 -5.66018
399.919 -5.65678
399.816 -5.65337
399.713 -5.64997
399.611 -5.64656
399.508 -5.64314
399.405 -5.63973
399.302 -5.63631
399.2 -5.63289
399.097 -5.62946
398.994 -5.62603
398.892 -5.6226
398.789 -5.61917
398.686 -5.61573
398.583 -5.61229
398.481 -5.60885
398.378 -5.60541
398.275 -5.60196
398.173 -5.59851
398.07 -5.59505
397.967 -5.5916
397.865 -5.58814
397.762 -5.58467
397.659 -5.58121
397.556 -5.57774
397.454 -5.57426
397.351 -5.57079
397.248 -5.56731
397.146 -5.56383
397.043 -5.56034
396.94 -5.55686
396.837 -5.55337
396.735 -5.54987
396.632 -5.54638
396.529 -5.54288
396.427 -5.53937
396.324 -5.53587
396.221 -5.53236
396.118 -5.52885
396.016 -5.52533
395.913 -5.52181
395.81 -5.51829
395.708 -5.51476
395.605 -5.51124
395.502 -5.50771
395.4 -5.50417
395.297 -5.50063
395.194 -5.49709
395.091 -5.49355
394.989 -5.49
394.886 -5.48645
394.783 -5.4829
394.681 -5.47934
394.578 -5.47578
394.475 -5.47222
394.372 -5.46865
394.27 -5.46508
394.167 -5.46151
394.064 -5.45793
393.962 -5.45435
393.859 -5.45077
393.756 -5.44718
393.653 -5.44359
393.551 -5.44
393.448 -5.43641
393.345 -5.43281
393.243 -5.4292
393.14 -5.4256
393.037 -5.42199
392.934 -5.41838
392.832 -5.41476
392.729 -5.41114
392.626 -5.40752
392.524 -5.40389
392.421 -5.40026
392.318 -5.39663
392.216 -5.39299
392.113 -5.38935
392.01 -5.38571
391.907 -5.38206
391.805 -5.37841
391.702 -5.37476
391.599 -5.3711
391.497 -5.36744
391.394 -5.36378
391.291 -5.36011
391.188 -5.35644
391.086 -5.35277
390.983 -5.34909
390.88 -5.34541
390.778 -5.34172
390.675 -5.33803
390.572 -5.33434
390.469 -5.33065
390.367 -5.32695
390.264 -5.32325
390.161 -5.31954
390.059 -5.31583
389.956 -5.31212
389.853 -5.3084
389.75 -5.30468
389.648 -5.30095
389.545 -5.29723
389.442 -5.2935
389.34 -5.28976
389.237 -5.28602
389.134 -5.28228
389.032 -5.27853
388.929 -5.27478
388.826 -5.27103
388.723 -5.26727
388.621 -5.26351
388.518 -5.25975
388.415 -5.25598
388.313 -5.25221
388.21 -5.24843
388.107 -5.24465
388.004 -5.24087
387.902 -5.23708
387.799 -5.23329
387.696 -5.2295
387.594 -5.2257
387.491 -5.2219
387.388 -5.21809
387.285 -5.21428
387.183 -5.21047
387.08 -5.20665
386.977 -5.20283
386.875 -5.199
386.772 -5.19517
386.669 -5.19134
386.567 -5.1875
386.464 -5.18366
386.361 -5.17982
386.258 -5.17597
386.156 -5.17212
386.053 -5.16826
385.95 -5.1644
385.848 -5.16054
385.745 -5.15667
385.642 -5.1528
385.539 -5.14892
385.437 -5.14504
385.334 -5.14116
385.231 -5.13727
385.129 -5.13337
385.026 -5.12948
384.923 -5.12558
384.82 -5.12167
384.718 -5.11776
384.615 -5.11385
384.512 -5.10994
384.41 -5.10601
384.307 -5.10209
384.204 -5.09816
384.101 -5.09423
383.999 -5.09029
383.896 -5.08635
383.793 -5.0824
383.691 -5.07845
383.588 -5.0745
383.485 -5.07054
383.383 -5.06658
383.28 -5.06261
383.177 -5.05864
383.074 -5.05466
382.972 -5.05068
382.869 -5.0467
382.766 -5.04271
382.664 -5.03872
382.561 -5.03472
382.458 -5.03072
382.355 -5.02672
382.253 -5.02271
382.15 -5.01869
382.047 -5.01468
381.945 -5.01065
381.842 -5.00663
381.739 -5.00259
381.636 -4.99856
381.534 -4.99452
381.431 -4.99047
381.328 -4.98642
381.226 -4.98237
381.123 -4.97831
381.02 -4.97425
380.917 -4.97018
380.815 -4.96611
380.712 -4.96204
380.609 -4.95796
380.507 -4.95387
380.404 -4.94978
380.301 -4.94569
380.199 -4.94159
380.096 -4.93748
379.993 -4.93338
379.89 -4.92926
379.788 -4.92515
379.685 -4.92103
379.582 -4.9169
379.48 -4.91277
379.377 -4.90863
379.274 -4.90449
379.171 -4.90035
379.069 -4.8962
378.966 -4.89204
378.863 -4.88788
378.761 -4.88372
378.658 -4.87955
378.555 -4.87538
378.452 -4.8712
378.35 -4.86702
378.247 -4.86283
378.144 -4.85864
378.042 -4.85444
377.939 -4.85024
377.836 -4.84603
377.734 -4.84182
377.631 -4.8376
377.528 -4.83338
377.425 -4.82915
377.323 -4.82492
377.22 -4.82068
377.117 -4.81644
377.015 -4.81219
376.912 -4.80794
376.809 -4.80369
376.706 -4.79942
376.604 -4.79516
376.501 -4.79089
376.398 -4.78661
376.296 -4.78233
376.193 -4.77804
376.09 -4.77375
375.987 -4.76945
375.885 -4.76515
375.782 -4.76084
375.679 -4.75653
375.577 -4.75221
375.474 -4.74789
375.371 -4.74356
375.268 -4.73923
375.166 -4.73489
375.063 -4.73055
374.96 -4.7262
374.858 -4.72184
374.755 -4.71748
374.652 -4.71312
374.55 -4.70875
374.447 -4.70437
374.344 -4.69999
374.241 -4.69561
374.139 -4.69122
374.036 -4.68682
373.933 -4.68242
373.831 -4.67801
373.728 -4.6736
373.625 -4.66918
373.522 -4.66475
373.42 -4.66032
373.317 -4.65589
373.214 -4.65145
373.112 -4.647
373.009 -4.64255
372.906 -4.6381
372.803 -4.63363
372.701 -4.62916
372.598 -4.62469
372.495 -4.62021
372.393 -4.61573
372.29 -4.61124
372.187 -4.60674
372.084 -4.60224
371.982 -4.59773
371.879 -4.59322
371.776 -4.5887
371.674 -4.58417
371.571 -4.57964
371.468 -4.57511
371.366 -4.57056
371.263 -4.56602
371.16 -4.56146
371.057 -4.5569
370.955 -4.55234
370.852 -4.54777
370.749 -4.54319
370.647 -4.53861
370.544 -4.53402
370.441 -4.52942
370.338 -4.52482
370.236 -4.52021
370.133 -4.5156
370.03 -4.51098
369.928 -4.50636
369.825 -4.50173
369.722 -4.49709
369.619 -4.49245
369.517 -4.4878
369.414 -4.48314
369.311 -4.47848
369.209 -4.47381
369.106 -4.46914
369.003 -4.46446
368.9 -4.45977
368.798 -4.45508
368.695 -4.45038
368.592 -4.44568
368.49 -4.44096
368.387 -4.43625
368.284 -4.43152
368.182 -4.42679
368.079 -4.42206
367.976 -4.41731
367.873 -4.41256
367.771 -4.40781
367.668 -4.40305
367.565 -4.39828
367.463 -4.3935
367.36 -4.38872
367.257 -4.38393
367.154 -4.37914
367.052 -4.37434
366.949 -4.36953
366.846 -4.36471
366.744 -4.35989
366.641 -4.35507
366.538 -4.35023
366.435 -4.34539
366.333 -4.34054
366.23 -4.33569
366.127 -4.33083
366.025 -4.32596
365.922 -4.32109
365.819 -4.31621
365.717 -4.31132
365.614 -4.30642
365.511 -4.30152
365.408 -4.29661
365.306 -4.2917
365.203 -4.28677
365.1 -4.28185
364.998 -4.27691
364.895 -4.27197
364.792 -4.26702
364.689 -4.26206
364.587 -4.25709
364.484 -4.25212
364.381 -4.24715
364.279 -4.24216
364.176 -4.23717
364.073 -4.23217
363.97 -4.22716
363.868 -4.22215
363.765 -4.21713
363.662 -4.2121
363.56 -4.20706
363.457 -4.20202
363.354 -4.19697
363.251 -4.19191
363.149 -4.18685
363.046 -4.18177
362.943 -4.1767
362.841 -4.17161
362.738 -4.16651
362.635 -4.16141
362.533 -4.1563
362.43 -4.15119
362.327 -4.14606
362.224 -4.14093
362.122 -4.13579
362.019 -4.13064
361.916 -4.12549
361.814 -4.12033
361.711 -4.11516
361.608 -4.10998
361.505 -4.10479
361.403 -4.0996
361.3 -4.0944
361.197 -4.08919
361.095 -4.08398
360.992 -4.07875
360.889 -4.07352
360.786 -4.06828
360.684 -4.06303
360.581 -4.05778
360.478 -4.05251
360.376 -4.04724
360.273 -4.04196
360.17 -4.03668
360.067 -4.03138
359.965 -4.02608
359.862 -4.02077
359.759 -4.01545
359.657 -4.01012
359.554 -4.00478
359.451 -3.99944
359.349 -3.99409
359.246 -3.98872
359.143 -3.98336
359.04 -3.97798
358.938 -3.97259
358.835 -3.9672
358.732 -3.9618
358.63 -3.95639
358.527 -3.95097
358.424 -3.94554
358.321 -3.9401
358.219 -3.93466
358.116 -3.92921
358.013 -3.92374
357.911 -3.91827
357.808 -3.9128
357.705 -3.90731
357.602 -3.90181
357.5 -3.89631
357.397 -3.89079
357.294 -3.88527
357.192 -3.87974
357.089 -3.8742
356.986 -3.86865
356.884 -3.8631
356.781 -3.85753
356.678 -3.85195
356.575 -3.84637
356.473 -3.84078
356.37 -3.83517
356.267 -3.82956
356.165 -3.82394
356.062 -3.81831
355.959 -3.81268
355.856 -3.80703
355.754 -3.80137
355.651 -3.79571
355.548 -3.79003
355.446 -3.78435
355.343 -3.77865
355.24 -3.77295
355.137 -3.76724
355.035 -3.76152
354.932 -3.75578
354.829 -3.75004
354.727 -3.74429
354.624 -3.73854
354.521 -3.73277
354.418 -3.72699
354.316 -3.7212
354.213 -3.7154
354.11 -3.70959
354.008 -3.70378
353.905 -3.69795
353.802 -3.69211
353.7 -3.68627
353.597 -3.68041
353.494 -3.67455
353.391 -3.66867
353.289 -3.66278
353.186 -3.65689
353.083 -3.65098
352.981 -3.64507
352.878 -3.63914
352.775 -3.63321
352.672 -3.62726
352.57 -3.62131
352.467 -3.61534
352.364 -3.60936
352.262 -3.60338
352.159 -3.59738
352.056 -3.59137
351.953 -3.58536
351.851 -3.57933
351.748 -3.57329
351.645 -3.56724
351.543 -3.56118
351.44 -3.55511
351.337 -3.54903
351.234 -3.54294
351.132 -3.53684
351.029 -3.53073
350.926 -3.52461
350.824 -3.51848
350.721 -3.51233
350.618 -3.50618
350.516 -3.50001
350.413 -3.49384
350.31 -3.48765
350.207 -3.48145
350.105 -3.47524
350.002 -3.46902
349.899 -3.46279
349.797 -3.45655
349.694 -3.4503
349.591 -3.44403
349.488 -3.43776
349.386 -3.43147
349.283 -3.42517
349.18 -3.41886
349.078 -3.41254
348.975 -3.40621
348.872 -3.39987
348.769 -3.39351
348.667 -3.38715
348.564 -3.38077
348.461 -3.37438
348.359 -3.36798
348.256 -3.36157
348.153 -3.35515
348.051 -3.34871
347.948 -3.34226
347.845 -3.3358
347.742 -3.32933
347.64 -3.32285
347.537 -3.31636
347.434 -3.30985
347.332 -3.30333
347.229 -3.2968
347.126 -3.29026
347.023 -3.2837
346.921 -3.27714
346.818 -3.27056
346.715 -3.26397
346.613 -3.25737
346.51 -3.25075
346.407 -3.24412
346.304 -3.23748
346.202 -3.23083
346.099 -3.22416
345.996 -3.21749
345.894 -3.2108
345.791 -3.20409
345.688 -3.19738
345.585 -3.19065
345.483 -3.18391
345.38 -3.17716
345.277 -3.17039
345.175 -3.16361
345.072 -3.15682
344.969 -3.15002
344.867 -3.1432
344.764 -3.13637
344.661 -3.12952
344.558 -3.12267
344.456 -3.1158
344.353 -3.10891
344.25 -3.10202
344.148 -3.09511
344.045 -3.08819
343.942 -3.08125
343.839 -3.0743
343.737 -3.06734
343.634 -3.06036
343.531 -3.05337
343.429 -3.04637
343.326 -3.03935
343.223 -3.03232
343.12 -3.02527
343.018 -3.01821
342.915 -3.01114
342.812 -3.00406
342.71 -2.99696
342.607 -2.98984
342.504 -2.98271
342.401 -2.97557
342.299 -2.96842
342.196 -2.96125
342.093 -2.95406
341.991 -2.94686
341.888 -2.93965
341.785 -2.93242
341.683 -2.92518
341.58 -2.91792
341.477 -2.91065
341.374 -2.90337
341.272 -2.89607
341.169 -2.88875
341.066 -2.88142
340.964 -2.87408
340.861 -2.86672
340.758 -2.85935
340.655 -2.85196
340.553 -2.84456
340.45 -2.83714
340.347 -2.82971
340.245 -2.82226
340.142 -2.81479
340.039 -2.80731
339.936 -2.79982
339.834 -2.79231
339.731 -2.78479
339.628 -2.77725
339.526 -2.76969
339.423 -2.76212
339.32 -2.75453
339.217 -2.74693
339.115 -2.73931
339.012 -2.73168
338.909 -2.72403
338.807 -2.71637
338.704 -2.70868
338.601 -2.70099
338.499 -2.69327
338.396 -2.68555
338.293 -2.6778
338.19 -2.67004
338.088 -2.66226
337.985 -2.65447
337.882 -2.64666
337.78 -2.63883
337.677 -2.63099
337.574 -2.62313
337.471 -2.61525
337.369 -2.60736
337.266 -2.59945
337.163 -2.59152
337.061 -2.58358
336.958 -2.57562
336.855 -2.56765
336.752 -2.55965
336.65 -2.55164
336.547 -2.54361
336.444 -2.53557
336.342 -2.52751
336.239 -2.51943
336.136 -2.51133
336.034 -2.50322
335.931 -2.49509
335.828 -2.48694
335.725 -2.47877
335.623 -2.47059
335.52 -2.46238
335.417 -2.45416
335.315 -2.44593
335.212 -2.43767
335.109 -2.4294
335.006 -2.42111
334.904 -2.4128
334.801 -2.40447
334.698 -2.39613
334.596 -2.38776
334.493 -2.37938
334.39 -2.37098
334.287 -2.36256
334.185 -2.35412
334.082 -2.34567
333.979 -2.33719
333.877 -2.3287
333.774 -2.32019
333.671 -2.31166
333.568 -2.30311
333.466 -2.29454
333.363 -2.28595
333.26 -2.27734
333.158 -2.26872
333.055 -2.26007
332.952 -2.25141
332.85 -2.24272
332.747 -2.23402
332.644 -2.2253
332.541 -2.21655
332.439 -2.20779
332.336 -2.19901
332.233 -2.19021
332.131 -2.18139
332.028 -2.17254
331.925 -2.16368
331.822 -2.1548
331.72 -2.1459
331.617 -2.13698
331.514 -2.12804
331.412 -2.11907
331.309 -2.11009
331.206 -2.10109
331.103 -2.09206
331.001 -2.08302
330.898 -2.07395
330.795 -2.06487
330.693 -2.05576
330.59 -2.04663
330.487 -2.03748
330.384 -2.02831
330.282 -2.01912
330.179 -2.00991
330.076 -2.00067
329.974 -1.99142
329.871 -1.98214
329.768 -1.97284
329.666 -1.96352
329.563 -1.95418
329.46 -1.94482
329.357 -1.93543
329.255 -1.92603
329.152 -1.9166
329.049 -1.90715
328.947 -1.89767
328.844 -1.88818
328.741 -1.87866
328.638 -1.86912
328.536 -1.85956
328.433 -1.84997
328.33 -1.84036
328.228 -1.83073
328.125 -1.82108
328.022 -1.8114
327.919 -1.8017
327.817 -1.79198
327.714 -1.78224
327.611 -1.77247
327.509 -1.76268
327.406 -1.75286
327.303 -1.74302
327.201 -1.73316
327.098 -1.72327
326.995 -1.71336
326.892 -1.70343
326.79 -1.69347
326.687 -1.68349
326.584 -1.67349
326.482 -1.66346
326.379 -1.6534
326.276 -1.64332
326.173 -1.63322
326.071 -1.62309
325.968 -1.61294
325.865 -1.60277
325.763 -1.59257
325.66 -1.58234
325.557 -1.57209
325.454 -1.56181
325.352 -1.55151
325.249 -1.54119
325.146 -1.53083
325.044 -1.52046
324.941 -1.51005
324.838 -1.49963
324.735 -1.48917
324.633 -1.47869
324.53 -1.46819
324.427 -1.45766
324.325 -1.4471
324.222 -1.43652
324.119 -1.42591
324.017 -1.41527
323.914 -1.40461
323.811 -1.39392
323.708 -1.3832
323.606 -1.37246
323.503 -1.36169
323.4 -1.3509
323.298 -1.34007
323.195 -1.32922
323.092 -1.31835
322.989 -1.30744
322.887 -1.29651
322.784 -1.28555
322.681 -1.27456
322.579 -1.26355
322.476 -1.25251
322.373 -1.24143
322.27 -1.23034
322.168 -1.21921
322.065 -1.20805
321.962 -1.19687
321.86 -1.18566
321.757 -1.17442
321.654 -1.16315
321.551 -1.15185
321.449 -1.14053
321.346 -1.12917
321.243 -1.11779
321.141 -1.10638
321.038 -1.09493
320.935 -1.08346
320.833 -1.07196
320.73 -1.06043
320.627 -1.04887
320.524 -1.03728
320.422 -1.02566
320.319 -1.01401
320.216 -1.00233
320.114 -0.990615
320.011 -0.978874
319.908 -0.967103
319.805 -0.9553
319.703 -0.943468
319.6 -0.931604
319.497 -0.91971
319.395 -0.907784
319.292 -0.895828
319.189 -0.88384
319.086 -0.871821
318.984 -0.85977
318.881 -0.847688
318.778 -0.835574
318.676 -0.823428
318.573 -0.811251
318.47 -0.799041
318.368 -0.786799
318.265 -0.774525
318.162 -0.762218
318.059 -0.749879
317.957 -0.737507
317.854 -0.725103
317.751 -0.712665
317.649 -0.700195
317.546 -0.687691
317.443 -0.675155
317.34 -0.662584
317.238 -0.649981
317.135 -0.637344
317.032 -0.624672
316.93 -0.611968
316.827 -0.599229
316.724 -0.586456
316.621 -0.573648
316.519 -0.560807
316.416 -0.547931
316.313 -0.53502
316.211 -0.522074
316.108 -0.509094
316.005 -0.496078
315.902 -0.483028
315.8 -0.469942
315.697 -0.456821
315.594 -0.443664
315.492 -0.430472
315.389 -0.417243
315.286 -0.403979
315.184 -0.390679
315.081 -0.377342
314.978 -0.36397
314.875 -0.350561
314.773 -0.337115
314.67 -0.323632
314.567 -0.310113
314.465 -0.296556
314.362 -0.282963
314.259 -0.269332
314.156 -0.255663
314.054 -0.241958
313.951 -0.228214
313.848 -0.214433
313.746 -0.200613
313.643 -0.186756
313.54 -0.17286
313.437 -0.158926
313.335 -0.144953
313.232 -0.130942
313.129 -0.116891
313.027 -0.102802
312.924 -0.0886737
312.821 -0.0745061
312.718 -0.060299
312.616 -0.0460523
312.513 -0.031766
312.41 -0.0174398
312.308 -0.00307354
312.205 0.0113329
312.102 0.0257796
312 0.0402667
311.897 0.0547945
311.794 0.069363
311.691 0.0839725
311.589 0.098623
311.486 0.113315
311.383 0.128048
311.281 0.142823
311.178 0.157639
311.075 0.172497
310.972 0.187397
310.87 0.20234
310.767 0.217324
310.664 0.232351
310.562 0.247421
310.459 0.262534
310.356 0.277689
310.253 0.292888
310.151 0.30813
310.048 0.323415
309.945 0.338744
309.843 0.354117
309.74 0.369533
309.637 0.384994
309.534 0.400499
309.432 0.416048
309.329 0.431642
309.226 0.447281
309.124 0.462964
309.021 0.478693
308.918 0.494467
308.816 0.510287
308.713 0.526152
308.61 0.542062
308.507 0.558019
308.405 0.574022
308.302 0.590071
308.199 0.606167
308.097 0.622309
307.994 0.638498
307.891 0.654734
307.788 0.671017
307.686 0.687348
307.583 0.703726
307.48 0.720152
307.378 0.736626
307.275 0.753147
307.172 0.769717
307.069 0.786336
306.967 0.803003
306.864 0.819719
306.761 0.836483
306.659 0.853297
306.556 0.870161
306.453 0.887074
306.351 0.904036
306.248 0.921049
306.145 0.938111
306.042 0.955224
305.94 0.972387
305.837 0.989601
305.734 1.00687
305.632 1.02418
305.529 1.04155
305.426 1.05897
305.323 1.07644
305.221 1.09396
305.118 1.11153
305.015 1.12916
304.913 1.14684
304.81 1.16457
304.707 1.18236
304.604 1.20019
304.502 1.21808
304.399 1.23603
304.296 1.25402
304.194 1.27208
304.091 1.29018
303.988 1.30834
303.885 1.32655
303.783 1.34482
303.68 1.36315
303.577 1.38152
303.475 1.39996
303.372 1.41845
303.269 1.43699
303.167 1.45559
303.064 1.47425
302.961 1.49296
302.858 1.51173
302.756 1.53056
302.653 1.54944
302.55 1.56838
302.448 1.58738
302.345 1.60644
302.242 1.62555
302.139 1.64472
302.037 1.66395
301.934 1.68324
301.831 1.70259
301.729 1.722
301.626 1.74146
301.523 1.76099
301.42 1.78057
301.318 1.80021
301.215 1.81992
301.112 1.83968
301.01 1.85951
300.907 1.87939
300.804 1.89934
300.701 1.91935
300.599 1.93942
300.496 1.95955
300.393 1.97974
300.291 2



T  log10(tauFit)                 
=================================
403 -5.74489
398 -5.59698
393 -5.42473
388 -5.25378
383 -5.05038
378 -4.86169
373 -4.62277
368 -4.44032
363 -4.15549
358 -3.92632
353 -3.62454
348 -3.37528
343 -3.00157
338 -2.67584
333 -2.24451



1000/T  log10(tauFit_fit)            
=================================
2.48139 -5.7576
2.48202 -5.75428
2.48266 -5.75095
2.48329 -5.74763
2.48392 -5.7443
2.48456 -5.74097
2.48519 -5.73763
2.48582 -5.7343
2.48646 -5.73096
2.48709 -5.72761
2.48773 -5.72427
2.48837 -5.72092
2.489 -5.71757
2.48964 -5.71422
2.49028 -5.71086
2.49091 -5.7075
2.49155 -5.70414
2.49219 -5.70078
2.49283 -5.69741
2.49346 -5.69404
2.4941 -5.69066
2.49474 -5.68729
2.49538 -5.68391
2.49602 -5.68053
2.49666 -5.67714
2.4973 -5.67376
2.49794 -5.67037
2.49858 -5.66697
2.49922 -5.66358
2.49987 -5.66018
2.50051 -5.65678
2.50115 -5.65337
2.50179 -5.64997
2.50244 -5.64656
2.50308 -5.64314
2.50372 -5.63973
2.50437 -5.63631
2.50501 -5.63289
2.50566 -5.62946
2.5063 -5.62603
2.50695 -5.6226
2.50759 -5.61917
2.50824 -5.61573
2.50888 -5.61229
2.50953 -5.60885
2.51018 -5.60541
2.51083 -5.60196
2.51147 -5.59851
2.51212 -5.59505
2.51277 -5.5916
2.51342 -5.58814
2.51407 -5.58467
2.51472 -5.58121
2.51537 -5.57774
2.51602 -5.57426
2.51667 -5.57079
2.51732 -5.56731
2.51797 -5.56383
2.51862 -5.56034
2.51927 -5.55686
2.51992 -5.55337
2.52058 -5.54987
2.52123 -5.54638
2.52188 -5.54288
2.52254 -5.53937
2.52319 -5.53587
2.52384 -5.53236
2.5245 -5.52885
2.52515 -5.52533
2.52581 -5.52181
2.52646 -5.51829
2.52712 -5.51476
2.52777 -5.51124
2.52843 -5.50771
2.52909 -5.50417
2.52974 -5.50063
2.5304 -5.49709
2.53106 -5.49355
2.53172 -5.49
2.53238 -5.48645
2.53304 -5.4829
2.53369 -5.47934
2.53435 -5.47578
2.53501 -5.47222
2.53567 -5.46865
2.53633 -5.46508
2.537 -5.46151
2.53766 -5.45793
2.53832 -5.45435
2.53898 -5.45077
2.53964 -5.44718
2.54031 -5.44359
2.54097 -5.44
2.54163 -5.43641
2.5423 -5.43281
2.54296 -5.4292
2.54362 -5.4256
2.54429 -5.42199
2.54495 -5.41838
2.54562 -5.41476
2.54628 -5.41114
2.54695 -5.40752
2.54762 -5.40389
2.54828 -5.40026
2.54895 -5.39663
2.54962 -5.39299
2.55029 -5.38935
2.55095 -5.38571
2.55162 -5.38206
2.55229 -5.37841
2.55296 -5.37476
2.55363 -5.3711
2.5543 -5.36744
2.55497 -5.36378
2.55564 -5.36011
2.55631 -5.35644
2.55698 -5.35277
2.55766 -5.34909
2.55833 -5.34541
2.559 -5.34172
2.55967 -5.33803
2.56035 -5.33434
2.56102 -5.33065
2.56169 -5.32695
2.56237 -5.32325
2.56304 -5.31954
2.56372 -5.31583
2.56439 -5.31212
2.56507 -5.3084
2.56574 -5.30468
2.56642 -5.30095
2.5671 -5.29723
2.56777 -5.2935
2.56845 -5.28976
2.56913 -5.28602
2.56981 -5.28228
2.57049 -5.27853
2.57116 -5.27478
2.57184 -5.27103
2.57252 -5.26727
2.5732 -5.26351
2.57388 -5.25975
2.57456 -5.25598
2.57525 -5.25221
2.57593 -5.24843
2.57661 -5.24465
2.57729 -5.24087
2.57797 -5.23708
2.57866 -5.23329
2.57934 -5.2295
2.58002 -5.2257
2.58071 -5.2219
2.58139 -5.21809
2.58207 -5.21428
2.58276 -5.21047
2.58344 -5.20665
2.58413 -5.20283
2.58482 -5.199
2.5855 -5.19517
2.58619 -5.19134
2.58688 -5.1875
2.58756 -5.18366
2.58825 -5.17982
2.58894 -5.17597
2.58963 -5.17212
2.59032 -5.16826
2.59101 -5.1644
2.5917 -5.16054
2.59239 -5.15667
2.59308 -5.1528
2.59377 -5.14892
2.59446 -5.14504
2.59515 -5.14116
2.59584 -5.13727
2.59654 -5.13337
2.59723 -5.12948
2.59792 -5.12558
2.59861 -5.12167
2.59931 -5.11776
2.6 -5.11385
2.6007 -5.10994
2.60139 -5.10601
2.60209 -5.10209
2.60278 -5.09816
2.60348 -5.09423
2.60417 -5.09029
2.60487 -5.08635
2.60557 -5.0824
2.60627 -5.07845
2.60696 -5.0745
2.60766 -5.07054
2.60836 -5.06658
2.60906 -5.06261
2.60976 -5.05864
2.61046 -5.05466
2.61116 -5.05068
2.61186 -5.0467
2.61256 -5.04271
2.61326 -5.03872
2.61396 -5.03472
2.61467 -5.03072
2.61537 -5.02672
2.61607 -5.02271
2.61677 -5.01869
2.61748 -5.01468
2.61818 -5.01065
2.61889 -5.00663
2.61959 -5.00259
2.62029 -4.99856
2.621 -4.99452
2.62171 -4.99047
2.62241 -4.98642
2.62312 -4.98237
2.62383 -4.97831
2.62453 -4.97425
2.62524 -4.97018
2.62595 -4.96611
2.62666 -4.96204
2.62737 -4.95796
2.62807 -4.95387
2.62878 -4.94978
2.62949 -4.94569
2.6302 -4.94159
2.63092 -4.93748
2.63163 -4.93338
2.63234 -4.92926
2.63305 -4.92515
2.63376 -4.92103
2.63447 -4.9169
2.63519 -4.91277
2.6359 -4.90863
2.63662 -4.90449
2.63733 -4.90035
2.63804 -4.8962
2.63876 -4.89204
2.63947 -4.88788
2.64019 -4.88372
2.64091 -4.87955
2.64162 -4.87538
2.64234 -4.8712
2.64306 -4.86702
2.64377 -4.86283
2.64449 -4.85864
2.64521 -4.85444
2.64593 -4.85024
2.64665 -4.84603
2.64737 -4.84182
2.64809 -4.8376
2.64881 -4.83338
2.64953 -4.82915
2.65025 -4.82492
2.65097 -4.82068
2.6517 -4.81644
2.65242 -4.81219
2.65314 -4.80794
2.65386 -4.80369
2.65459 -4.79942
2.65531 -4.79516
2.65604 -4.79089
2.65676 -4.78661
2.65749 -4.78233
2.65821 -4.77804
2.65894 -4.77375
2.65966 -4.76945
2.66039 -4.76515
2.66112 -4.76084
2.66184 -4.75653
2.66257 -4.75221
2.6633 -4.74789
2.66403 -4.74356
2.66476 -4.73923
2.66549 -4.73489
2.66622 -4.73055
2.66695 -4.7262
2.66768 -4.72184
2.66841 -4.71748
2.66914 -4.71312
2.66987 -4.70875
2.67061 -4.70437
2.67134 -4.69999
2.67207 -4.69561
2.67281 -4.69122
2.67354 -4.68682
2.67427 -4.68242
2.67501 -4.67801
2.67574 -4.6736
2.67648 -4.66918
2.67722 -4.66475
2.67795 -4.66032
2.67869 -4.65589
2.67943 -4.65145
2.68016 -4.647
2.6809 -4.64255
2.68164 -4.6381
2.68238 -4.63363
2.68312 -4.62916
2.68386 -4.62469
2.6846 -4.62021
2.68534 -4.61573
2.68608 -4.61124
2.68682 -4.60674
2.68756 -4.60224
2.6883 -4.59773
2.68905 -4.59322
2.68979 -4.5887
2.69053 -4.58417
2.69128 -4.57964
2.69202 -4.57511
2.69276 -4.57056
2.69351 -4.56602
2.69426 -4.56146
2.695 -4.5569
2.69575 -4.55234
2.69649 -4.54777
2.69724 -4.54319
2.69799 -4.53861
2.69874 -4.53402
2.69948 -4.52942
2.70023 -4.52482
2.70098 -4.52021
2.70173 -4.5156
2.70248 -4.51098
2.70323 -4.50636
2.70398 -4.50173
2.70473 -4.49709
2.70549 -4.49245
2.70624 -4.4878
2.70699 -4.48314
2.70774 -4.47848
2.7085 -4.47381
2.70925 -4.46914
2.71 -4.46446
2.71076 -4.45977
2.71151 -4.45508
2.71227 -4.45038
2.71302 -4.44568
2.71378 -4.44096
2.71454 -4.43625
2.71529 -4.43152
2.71605 -4.42679
2.71681 -4.42206
2.71757 -4.41731
2.71833 -4.41256
2.71909 -4.40781
2.71985 -4.40305
2.72061 -4.39828
2.72137 -4.3935
2.72213 -4.38872
2.72289 -4.38393
2.72365 -4.37914
2.72441 -4.37434
2.72517 -4.36953
2.72594 -4.36471
2.7267 -4.35989
2.72746 -4.35507
2.72823 -4.35023
2.72899 -4.34539
2.72976 -4.34054
2.73052 -4.33569
2.73129 -4.33083
2.73206 -4.32596
2.73282 -4.32109
2.73359 -4.31621
2.73436 -4.31132
2.73513 -4.30642
2.7359 -4.30152
2.73666 -4.29661
2.73743 -4.2917
2.7382 -4.28677
2.73897 -4.28185
2.73974 -4.27691
2.74052 -4.27197
2.74129 -4.26702
2.74206 -4.26206
2.74283 -4.25709
2.7436 -4.25212
2.74438 -4.24715
2.74515 -4.24216
2.74593 -4.23717
2.7467 -4.23217
2.74748 -4.22716
2.74825 -4.22215
2.74903 -4.21713
2.7498 -4.2121
2.75058 -4.20706
2.75136 -4.20202
2.75214 -4.19697
2.75291 -4.19191
2.75369 -4.18685
2.75447 -4.18177
2.75525 -4.1767
2.75603 -4.17161
2.75681 -4.16651
2.75759 -4.16141
2.75837 -4.1563
2.75915 -4.15119
2.75994 -4.14606
2.76072 -4.14093
2.7615 -4.13579
2.76229 -4.13064
2.76307 -4.12549
2.76385 -4.12033
2.76464 -4.11516
2.76542 -4.10998
2.76621 -4.10479
2.767 -4.0996
2.76778 -4.0944
2.76857 -4.08919
2.76936 -4.08398
2.77015 -4.07875
2.77093 -4.07352
2.77172 -4.06828
2.77251 -4.06303
2.7733 -4.05778
2.77409 -4.05251
2.77488 -4.04724
2.77567 -4.04196
2.77647 -4.03668
2.77726 -4.03138
2.77805 -4.02608
2.77884 -4.02077
2.77964 -4.01545
2.78043 -4.01012
2.78122 -4.00478
2.78202 -3.99944
2.78281 -3.99409
2.78361 -3.98872
2.78441 -3.98336
2.7852 -3.97798
2.786 -3.97259
2.7868 -3.9672
2.78759 -3.9618
2.78839 -3.95639
2.78919 -3.95097
2.78999 -3.94554
2.79079 -3.9401
2.79159 -3.93466
2.79239 -3.92921
2.79319 -3.92374
2.79399 -3.91827
2.7948 -3.9128
2.7956 -3.90731
2.7964 -3.90181
2.7972 -3.89631
2.79801 -3.89079
2.79881 -3.88527
2.79962 -3.87974
2.80042 -3.8742
2.80123 -3.86865
2.80203 -3.8631
2.80284 -3.85753
2.80365 -3.85195
2.80446 -3.84637
2.80526 -3.84078
2.80607 -3.83517
2.80688 -3.82956
2.80769 -3.82394
2.8085 -3.81831
2.80931 -3.81268
2.81012 -3.80703
2.81093 -3.80137
2.81175 -3.79571
2.81256 -3.79003
2.81337 -3.78435
2.81418 -3.77865
2.815 -3.77295
2.81581 -3.76724
2.81663 -3.76152
2.81744 -3.75578
2.81826 -3.75004
2.81907 -3.74429
2.81989 -3.73854
2.82071 -3.73277
2.82152 -3.72699
2.82234 -3.7212
2.82316 -3.7154
2.82398 -3.70959
2.8248 -3.70378
2.82562 -3.69795
2.82644 -3.69211
2.82726 -3.68627
2.82808 -3.68041
2.8289 -3.67455
2.82972 -3.66867
2.83055 -3.66278
2.83137 -3.65689
2.83219 -3.65098
2.83302 -3.64507
2.83384 -3.63914
2.83467 -3.63321
2.83549 -3.62726
2.83632 -3.62131
2.83715 -3.61534
2.83797 -3.60936
2.8388 -3.60338
2.83963 -3.59738
2.84046 -3.59137
2.84128 -3.58536
2.84211 -3.57933
2.84294 -3.57329
2.84377 -3.56724
2.84461 -3.56118
2.84544 -3.55511
2.84627 -3.54903
2.8471 -3.54294
2.84793 -3.53684
2.84877 -3.53073
2.8496 -3.52461
2.85043 -3.51848
2.85127 -3.51233
2.8521 -3.50618
2.85294 -3.50001
2.85378 -3.49384
2.85461 -3.48765
2.85545 -3.48145
2.85629 -3.47524
2.85713 -3.46902
2.85797 -3.46279
2.8588 -3.45655
2.85964 -3.4503
2.86048 -3.44403
2.86133 -3.43776
2.86217 -3.43147
2.86301 -3.42517
2.86385 -3.41886
2.86469 -3.41254
2.86554 -3.40621
2.86638 -3.39987
2.86722 -3.39351
2.86807 -3.38715
2.86891 -3.38077
2.86976 -3.37438
2.8706 -3.36798
2.87145 -3.36157
2.8723 -3.35515
2.87315 -3.34871
2.87399 -3.34226
2.87484 -3.3358
2.87569 -3.32933
2.87654 -3.32285
2.87739 -3.31636
2.87824 -3.30985
2.87909 -3.30333
2.87995 -3.2968
2.8808 -3.29026
2.88165 -3.2837
2.8825 -3.27714
2.88336 -3.27056
2.88421 -3.26397
2.88507 -3.25737
2.88592 -3.25075
2.88678 -3.24412
2.88763 -3.23748
2.88849 -3.23083
2.88935 -3.22416
2.8902 -3.21749
2.89106 -3.2108
2.89192 -3.20409
2.89278 -3.19738
2.89364 -3.19065
2.8945 -3.18391
2.89536 -3.17716
2.89622 -3.17039
2.89708 -3.16361
2.89795 -3.15682
2.89881 -3.15002
2.89967 -3.1432
2.90054 -3.13637
2.9014 -3.12952
2.90227 -3.12267
2.90313 -3.1158
2.904 -3.10891
2.90486 -3.10202
2.90573 -3.09511
2.9066 -3.08819
2.90747 -3.08125
2.90833 -3.0743
2.9092 -3.06734
2.91007 -3.06036
2.91094 -3.05337
2.91181 -3.04637
2.91268 -3.03935
2.91356 -3.03232
2.91443 -3.02527
2.9153 -3.01821
2.91617 -3.01114
2.91705 -3.00406
2.91792 -2.99696
2.9188 -2.98984
2.91967 -2.98271
2.92055 -2.97557
2.92142 -2.96842
2.9223 -2.96125
2.92318 -2.95406
2.92406 -2.94686
2.92493 -2.93965
2.92581 -2.93242
2.92669 -2.92518
2.92757 -2.91792
2.92845 -2.91065
2.92934 -2.90337
2.93022 -2.89607
2.9311 -2.88875
2.93198 -2.88142
2.93286 -2.87408
2.93375 -2.86672
2.93463 -2.85935
2.93552 -2.85196
2.9364 -2.84456
2.93729 -2.83714
2.93818 -2.82971
2.93906 -2.82226
2.93995 -2.81479
2.94084 -2.80731
2.94173 -2.79982
2.94262 -2.79231
2.9435 -2.78479
2.9444 -2.77725
2.94529 -2.76969
2.94618 -2.76212
2.94707 -2.75453
2.94796 -2.74693
2.94885 -2.73931
2.94975 -2.73168
2.95064 -2.72403
2.95154 -2.71637
2.95243 -2.70868
2.95333 -2.70099
2.95422 -2.69327
2.95512 -2.68555
2.95602 -2.6778
2.95691 -2.67004
2.95781 -2.66226
2.95871 -2.65447
2.95961 -2.64666
2.96051 -2.63883
2.96141 -2.63099
2.96231 -2.62313
2.96321 -2.61525
2.96412 -2.60736
2.96502 -2.59945
2.96592 -2.59152
2.96683 -2.58358
2.96773 -2.57562
2.96863 -2.56765
2.96954 -2.55965
2.97045 -2.55164
2.97135 -2.54361
2.97226 -2.53557
2.97317 -2.52751
2.97408 -2.51943
2.97498 -2.51133
2.97589 -2.50322
2.9768 -2.49509
2.97771 -2.48694
2.97862 -2.47877
2.97954 -2.47059
2.98045 -2.46238
2.98136 -2.45416
2.98227 -2.44593
2.98319 -2.43767
2.9841 -2.4294
2.98502 -2.42111
2.98593 -2.4128
2.98685 -2.40447
2.98777 -2.39613
2.98868 -2.38776
2.9896 -2.37938
2.99052 -2.37098
2.99144 -2.36256
2.99236 -2.35412
2.99328 -2.34567
2.9942 -2.33719
2.99512 -2.3287
2.99604 -2.32019
2.99696 -2.31166
2.99789 -2.30311
2.99881 -2.29454
2.99973 -2.28595
3.00066 -2.27734
3.00158 -2.26872
3.00251 -2.26007
3.00343 -2.25141
3.00436 -2.24272
3.00529 -2.23402
3.00622 -2.2253
3.00714 -2.21655
3.00807 -2.20779
3.009 -2.19901
3.00993 -2.19021
3.01086 -2.18139
3.0118 -2.17254
3.01273 -2.16368
3.01366 -2.1548
3.01459 -2.1459
3.01553 -2.13698
3.01646 -2.12804
3.0174 -2.11907
3.01833 -2.11009
3.01927 -2.10109
3.0202 -2.09206
3.02114 -2.08302
3.02208 -2.07395
3.02302 -2.06487
3.02396 -2.05576
3.0249 -2.04663
3.02584 -2.03748
3.02678 -2.02831
3.02772 -2.01912
3.02866 -2.00991
3.0296 -2.00067
3.03054 -1.99142
3.03149 -1.98214
3.03243 -1.97284
3.03338 -1.96352
3.03432 -1.95418
3.03527 -1.94482
3.03622 -1.93543
3.03716 -1.92603
3.03811 -1.9166
3.03906 -1.90715
3.04001 -1.89767
3.04096 -1.88818
3.04191 -1.87866
3.04286 -1.86912
3.04381 -1.85956
3.04476 -1.84997
3.04571 -1.84036
3.04667 -1.83073
3.04762 -1.82108
3.04857 -1.8114
3.04953 -1.8017
3.05048 -1.79198
3.05144 -1.78224
3.0524 -1.77247
3.05335 -1.76268
3.05431 -1.75286
3.05527 -1.74302
3.05623 -1.73316
3.05719 -1.72327
3.05815 -1.71336
3.05911 -1.70343
3.06007 -1.69347
3.06103 -1.68349
3.062 -1.67349
3.06296 -1.66346
3.06392 -1.6534
3.06489 -1.64332
3.06585 -1.63322
3.06682 -1.62309
3.06779 -1.61294
3.06875 -1.60277
3.06972 -1.59257
3.07069 -1.58234
3.07166 -1.57209
3.07263 -1.56181
3.0736 -1.55151
3.07457 -1.54119
3.07554 -1.53083
3.07651 -1.52046
3.07748 -1.51005
3.07846 -1.49963
3.07943 -1.48917
3.0804 -1.47869
3.08138 -1.46819
3.08235 -1.45766
3.08333 -1.4471
3.08431 -1.43652
3.08528 -1.42591
3.08626 -1.41527
3.08724 -1.40461
3.08822 -1.39392
3.0892 -1.3832
3.09018 -1.37246
3.09116 -1.36169
3.09214 -1.3509
3.09313 -1.34007
3.09411 -1.32922
3.09509 -1.31835
3.09608 -1.30744
3.09706 -1.29651
3.09805 -1.28555
3.09903 -1.27456
3.10002 -1.26355
3.10101 -1.25251
3.102 -1.24143
3.10298 -1.23034
3.10397 -1.21921
3.10496 -1.20805
3.10595 -1.19687
3.10694 -1.18566
3.10794 -1.17442
3.10893 -1.16315
3.10992 -1.15185
3.11092 -1.14053
3.11191 -1.12917
3.1129 -1.11779
3.1139 -1.10638
3.1149 -1.09493
3.11589 -1.08346
3.11689 -1.07196
3.11789 -1.06043
3.11889 -1.04887
3.11989 -1.03728
3.12089 -1.02566
3.12189 -1.01401
3.12289 -1.00233
3.12389 -0.990615
3.12489 -0.978874
3.1259 -0.967103
3.1269 -0.9553
3.12791 -0.943468
3.12891 -0.931604
3.12992 -0.91971
3.13092 -0.907784
3.13193 -0.895828
3.13294 -0.88384
3.13395 -0.871821
3.13496 -0.85977
3.13597 -0.847688
3.13698 -0.835574
3.13799 -0.823428
3.139 -0.811251
3.14001 -0.799041
3.14102 -0.786799
3.14204 -0.774525
3.14305 -0.762218
3.14407 -0.749879
3.14508 -0.737507
3.1461 -0.725103
3.14712 -0.712665
3.14813 -0.700195
3.14915 -0.687691
3.15017 -0.675155
3.15119 -0.662584
3.15221 -0.649981
3.15323 -0.637344
3.15425 -0.624672
3.15528 -0.611968
3.1563 -0.599229
3.15732 -0.586456
3.15835 -0.573648
3.15937 -0.560807
3.1604 -0.547931
3.16142 -0.53502
3.16245 -0.522074
3.16348 -0.509094
3.16451 -0.496078
3.16553 -0.483028
3.16656 -0.469942
3.16759 -0.456821
3.16862 -0.443664
3.16966 -0.430472
3.17069 -0.417243
3.17172 -0.403979
3.17275 -0.390679
3.17379 -0.377342
3.17482 -0.36397
3.17586 -0.350561
3.1769 -0.337115
3.17793 -0.323632
3.17897 -0.310113
3.18001 -0.296556
3.18105 -0.282963
3.18209 -0.269332
3.18313 -0.255663
3.18417 -0.241958
3.18521 -0.228214
3.18625 -0.214433
3.1873 -0.200613
3.18834 -0.186756
3.18938 -0.17286
3.19043 -0.158926
3.19147 -0.144953
3.19252 -0.130942
3.19357 -0.116891
3.19462 -0.102802
3.19567 -0.0886737
3.19671 -0.0745061
3.19776 -0.060299
3.19881 -0.0460523
3.19987 -0.031766
3.20092 -0.0174398
3.20197 -0.00307354
3.20302 0.0113329
3.20408 0.0257796
3.20513 0.0402667
3.20619 0.0547945
3.20724 0.069363
3.2083 0.0839725
3.20936 0.098623
3.21042 0.113315
3.21148 0.128048
3.21254 0.142823
3.2136 0.157639
3.21466 0.172497
3.21572 0.187397
3.21678 0.20234
3.21784 0.217324
3.21891 0.232351
3.21997 0.247421
3.22104 0.262534
3.2221 0.277689
3.22317 0.292888
3.22424 0.30813
3.22531 0.323415
3.22638 0.338744
3.22744 0.354117
3.22852 0.369533
3.22959 0.384994
3.23066 0.400499
3.23173 0.416048
3.2328 0.431642
3.23388 0.447281
3.23495 0.462964
3.23603 0.478693
3.2371 0.494467
3.23818 0.510287
3.23926 0.526152
3.24033 0.542062
3.24141 0.558019
3.24249 0.574022
3.24357 0.590071
3.24465 0.606167
3.24574 0.622309
3.24682 0.638498
3.2479 0.654734
3.24898 0.671017
3.25007 0.687348
3.25115 0.703726
3.25224 0.720152
3.25333 0.736626
3.25441 0.753147
3.2555 0.769717
3.25659 0.786336
3.25768 0.803003
3.25877 0.819719
3.25986 0.836483
3.26095 0.853297
3.26205 0.870161
3.26314 0.887074
3.26423 0.904036
3.26533 0.921049
3.26643 0.938111
3.26752 0.955224
3.26862 0.972387
3.26972 0.989601
3.27081 1.00687
3.27191 1.02418
3.27301 1.04155
3.27411 1.05897
3.27522 1.07644
3.27632 1.09396
3.27742 1.11153
3.27852 1.12916
3.27963 1.14684
3.28073 1.16457
3.28184 1.18236
3.28295 1.20019
3.28405 1.21808
3.28516 1.23603
3.28627 1.25402
3.28738 1.27208
3.28849 1.29018
3.2896 1.30834
3.29071 1.32655
3.29183 1.34482
3.29294 1.36315
3.29405 1.38152
3.29517 1.39996
3.29628 1.41845
3.2974 1.43699
3.29852 1.45559
3.29964 1.47425
3.30075 1.49296
3.30187 1.51173
3.30299 1.53056
3.30411 1.54944
3.30524 1.56838
3.30636 1.58738
3.30748 1.60644
3.30861 1.62555
3.30973 1.64472
3.31086 1.66395
3.31198 1.68324
3.31311 1.70259
3.31424 1.722
3.31537 1.74146
3.31649 1.76099
3.31762 1.78057
3.31876 1.80021
3.31989 1.81992
3.32102 1.83968
3.32215 1.85951
3.32329 1.87939
3.32442 1.89934
3.32556 1.91935
3.32669 1.93942
3.32783 1.95955
3.32897 1.97974
3.33011 2


1000/T  log10(tauFit)                
=================================
2.48139 -5.74489
2.51256 -5.59698
2.54453 -5.42473
2.57732 -5.25378
2.61097 -5.05038
2.6455 -4.86169
2.68097 -4.62277
2.71739 -4.44032
2.75482 -4.15549
2.7933 -3.92632
2.83286 -3.62454
2.87356 -3.37528
2.91545 -3.00157
2.95858 -2.67584
3.003 -2.24451


