Data fit to <COOP> functional form

fit temperature range in [363,308]

xData (#.=10)
[[363.000000],[353.000000],[343.000000],[338.000000],[333.000000],[328.000000],[323.000000],[318.000000],[313.000000],[308.000000]]

yData (#.=10)
[-4.573780,-4.091670,-3.572695,-3.313560,-2.934455,-2.604490,-2.218460,-1.816490,-1.345875,-0.931049]

stop condition:
intial coeffs = -12 1000 1 0.1 
scale  = -12 1000 1 0.1 
bndl   = -20 0 -500 -1000 
bndu   = 20 1e+06 500 1000 
epsf   = 0
epsx   = 1e-10
maxits = 100000

-------------------------------------
Tg_extrp [@(100)timeUnit] 283.717
m_extrp [@Tg_extrp] 40.836
-------------------------------------

Operating Mode: F

fit info 2
(relative step is no more than EpsX.)

internal iterations = 42495
time used = 0 seconds

fit coeffs
-7.58275 1.40042 0.0161019 724.579 

fit coeffs error
0.305591 0.0795993 0.000433549 4.74622 

Statistics
===================================
R^2 (coefficient of determination) 
0.999682 (1 cycles)

RMS error 
0.0200293

average error 
0.0145082

average relative error 
0.0079043

maximum error 
0.0408328
===================================


T  log(tau_org) log10(tauFit_fit) ErrCurve  
=========================================== 
363 -4.57378 -4.57173 0.0216652
353 -4.09167 -4.10936 0.013421
343 -3.57269 -3.57274 0.0111099
338 -3.31356 -3.27273 0.011435
333 -2.93445 -2.94925 0.0117173
328 -2.60449 -2.60036 0.0115038
323 -2.21846 -2.22396 0.0108565
318 -1.81649 -1.81772 0.0107925
313 -1.34587 -1.37916 0.0135027
308 -0.931049 -0.905515 0.0203927


1000/T  log(tau_org) log10(tauFit_fit) ErrCurve 
=========================================== 
2.75482 -4.57378 -4.57173 0.0216652
2.83286 -4.09167 -4.10936 0.013421
2.91545 -3.57269 -3.57274 0.0111099
2.95858 -3.31356 -3.27273 0.011435
3.003 -2.93445 -2.94925 0.0117173
3.04878 -2.60449 -2.60036 0.0115038
3.09598 -2.21846 -2.22396 0.0108565
3.14465 -1.81649 -1.81772 0.0107925
3.19489 -1.34587 -1.37916 0.0135027
3.24675 -0.931049 -0.905515 0.0203927



T  log10(tauFit_fit)             
=================================
363 -4.57173
362.921 -4.56833
362.841 -4.56492
362.762 -4.56151
362.683 -4.5581
362.604 -4.55468
362.524 -4.55125
362.445 -4.54783
362.366 -4.5444
362.286 -4.54096
362.207 -4.53752
362.128 -4.53408
362.049 -4.53063
361.969 -4.52718
361.89 -4.52373
361.811 -4.52027
361.731 -4.5168
361.652 -4.51334
361.573 -4.50986
361.494 -4.50639
361.414 -4.50291
361.335 -4.49943
361.256 -4.49594
361.176 -4.49245
361.097 -4.48895
361.018 -4.48545
360.939 -4.48195
360.859 -4.47844
360.78 -4.47492
360.701 -4.47141
360.621 -4.46789
360.542 -4.46436
360.463 -4.46083
360.384 -4.4573
360.304 -4.45376
360.225 -4.45022
360.146 -4.44668
360.067 -4.44313
359.987 -4.43957
359.908 -4.43601
359.829 -4.43245
359.749 -4.42889
359.67 -4.42532
359.591 -4.42174
359.512 -4.41816
359.432 -4.41458
359.353 -4.41099
359.274 -4.4074
359.194 -4.4038
359.115 -4.4002
359.036 -4.3966
358.957 -4.39299
358.877 -4.38938
358.798 -4.38576
358.719 -4.38214
358.639 -4.37851
358.56 -4.37488
358.481 -4.37125
358.402 -4.36761
358.322 -4.36397
358.243 -4.36032
358.164 -4.35667
358.084 -4.35301
358.005 -4.34935
357.926 -4.34569
357.847 -4.34202
357.767 -4.33835
357.688 -4.33467
357.609 -4.33099
357.529 -4.3273
357.45 -4.32361
357.371 -4.31992
357.292 -4.31622
357.212 -4.31252
357.133 -4.30881
357.054 -4.3051
356.974 -4.30138
356.895 -4.29766
356.816 -4.29394
356.737 -4.29021
356.657 -4.28647
356.578 -4.28273
356.499 -4.27899
356.419 -4.27524
356.34 -4.27149
356.261 -4.26774
356.182 -4.26398
356.102 -4.26021
356.023 -4.25644
355.944 -4.25267
355.864 -4.24889
355.785 -4.24511
355.706 -4.24132
355.627 -4.23753
355.547 -4.23373
355.468 -4.22993
355.389 -4.22613
355.31 -4.22232
355.23 -4.21851
355.151 -4.21469
355.072 -4.21086
354.992 -4.20704
354.913 -4.2032
354.834 -4.19937
354.755 -4.19553
354.675 -4.19168
354.596 -4.18783
354.517 -4.18398
354.437 -4.18012
354.358 -4.17625
354.279 -4.17239
354.2 -4.16851
354.12 -4.16464
354.041 -4.16075
353.962 -4.15687
353.882 -4.15298
353.803 -4.14908
353.724 -4.14518
353.645 -4.14128
353.565 -4.13737
353.486 -4.13345
353.407 -4.12953
353.327 -4.12561
353.248 -4.12168
353.169 -4.11775
353.09 -4.11381
353.01 -4.10987
352.931 -4.10592
352.852 -4.10197
352.772 -4.09802
352.693 -4.09406
352.614 -4.09009
352.535 -4.08612
352.455 -4.08215
352.376 -4.07817
352.297 -4.07418
352.217 -4.07019
352.138 -4.0662
352.059 -4.0622
351.98 -4.0582
351.9 -4.05419
351.821 -4.05018
351.742 -4.04616
351.662 -4.04214
351.583 -4.03811
351.504 -4.03408
351.425 -4.03005
351.345 -4.02601
351.266 -4.02196
351.187 -4.01791
351.107 -4.01385
351.028 -4.00979
350.949 -4.00573
350.87 -4.00166
350.79 -3.99758
350.711 -3.99351
350.632 -3.98942
350.552 -3.98533
350.473 -3.98124
350.394 -3.97714
350.315 -3.97304
350.235 -3.96893
350.156 -3.96481
350.077 -3.9607
349.998 -3.95657
349.918 -3.95245
349.839 -3.94831
349.76 -3.94417
349.68 -3.94003
349.601 -3.93588
349.522 -3.93173
349.443 -3.92758
349.363 -3.92341
349.284 -3.91925
349.205 -3.91507
349.125 -3.9109
349.046 -3.90671
348.967 -3.90253
348.888 -3.89834
348.808 -3.89414
348.729 -3.88994
348.65 -3.88573
348.57 -3.88152
348.491 -3.8773
348.412 -3.87308
348.333 -3.86885
348.253 -3.86462
348.174 -3.86038
348.095 -3.85614
348.015 -3.8519
347.936 -3.84764
347.857 -3.84339
347.778 -3.83913
347.698 -3.83486
347.619 -3.83059
347.54 -3.82631
347.46 -3.82203
347.381 -3.81774
347.302 -3.81345
347.223 -3.80915
347.143 -3.80485
347.064 -3.80054
346.985 -3.79623
346.905 -3.79191
346.826 -3.78759
346.747 -3.78326
346.668 -3.77892
346.588 -3.77459
346.509 -3.77024
346.43 -3.76589
346.35 -3.76154
346.271 -3.75718
346.192 -3.75282
346.113 -3.74845
346.033 -3.74407
345.954 -3.73969
345.875 -3.73531
345.795 -3.73092
345.716 -3.72652
345.637 -3.72212
345.558 -3.71771
345.478 -3.7133
345.399 -3.70889
345.32 -3.70447
345.241 -3.70004
345.161 -3.69561
345.082 -3.69117
345.003 -3.68673
344.923 -3.68228
344.844 -3.67783
344.765 -3.67337
344.686 -3.6689
344.606 -3.66443
344.527 -3.65996
344.448 -3.65548
344.368 -3.65099
344.289 -3.6465
344.21 -3.64201
344.131 -3.63751
344.051 -3.633
343.972 -3.62849
343.893 -3.62397
343.813 -3.61945
343.734 -3.61492
343.655 -3.61039
343.576 -3.60585
343.496 -3.60131
343.417 -3.59676
343.338 -3.5922
343.258 -3.58764
343.179 -3.58307
343.1 -3.5785
343.021 -3.57393
342.941 -3.56934
342.862 -3.56476
342.783 -3.56016
342.703 -3.55557
342.624 -3.55096
342.545 -3.54635
342.466 -3.54174
342.386 -3.53712
342.307 -3.53249
342.228 -3.52786
342.148 -3.52322
342.069 -3.51858
341.99 -3.51393
341.911 -3.50928
341.831 -3.50462
341.752 -3.49996
341.673 -3.49529
341.593 -3.49061
341.514 -3.48593
341.435 -3.48124
341.356 -3.47655
341.276 -3.47185
341.197 -3.46715
341.118 -3.46244
341.038 -3.45772
340.959 -3.453
340.88 -3.44828
340.801 -3.44354
340.721 -3.43881
340.642 -3.43406
340.563 -3.42932
340.483 -3.42456
340.404 -3.4198
340.325 -3.41504
340.246 -3.41026
340.166 -3.40549
340.087 -3.4007
340.008 -3.39592
339.929 -3.39112
339.849 -3.38632
339.77 -3.38152
339.691 -3.3767
339.611 -3.37189
339.532 -3.36706
339.453 -3.36224
339.374 -3.3574
339.294 -3.35256
339.215 -3.34772
339.136 -3.34286
339.056 -3.33801
338.977 -3.33314
338.898 -3.32827
338.819 -3.3234
338.739 -3.31852
338.66 -3.31363
338.581 -3.30874
338.501 -3.30384
338.422 -3.29894
338.343 -3.29403
338.264 -3.28911
338.184 -3.28419
338.105 -3.27926
338.026 -3.27433
337.946 -3.26939
337.867 -3.26444
337.788 -3.25949
337.709 -3.25454
337.629 -3.24957
337.55 -3.2446
337.471 -3.23963
337.391 -3.23465
337.312 -3.22966
337.233 -3.22467
337.154 -3.21967
337.074 -3.21466
336.995 -3.20965
336.916 -3.20464
336.836 -3.19961
336.757 -3.19459
336.678 -3.18955
336.599 -3.18451
336.519 -3.17946
336.44 -3.17441
336.361 -3.16935
336.281 -3.16429
336.202 -3.15922
336.123 -3.15414
336.044 -3.14906
335.964 -3.14397
335.885 -3.13887
335.806 -3.13377
335.726 -3.12866
335.647 -3.12355
335.568 -3.11843
335.489 -3.1133
335.409 -3.10817
335.33 -3.10303
335.251 -3.09789
335.171 -3.09274
335.092 -3.08758
335.013 -3.08242
334.934 -3.07725
334.854 -3.07208
334.775 -3.06689
334.696 -3.06171
334.617 -3.05651
334.537 -3.05131
334.458 -3.04611
334.379 -3.04089
334.299 -3.03568
334.22 -3.03045
334.141 -3.02522
334.062 -3.01998
333.982 -3.01474
333.903 -3.00949
333.824 -3.00423
333.744 -2.99897
333.665 -2.9937
333.586 -2.98843
333.507 -2.98314
333.427 -2.97786
333.348 -2.97256
333.269 -2.96726
333.189 -2.96195
333.11 -2.95664
333.031 -2.95132
332.952 -2.94599
332.872 -2.94066
332.793 -2.93532
332.714 -2.92998
332.634 -2.92463
332.555 -2.91927
332.476 -2.9139
332.397 -2.90853
332.317 -2.90316
332.238 -2.89777
332.159 -2.89238
332.079 -2.88698
332 -2.88158
331.921 -2.87617
331.842 -2.87075
331.762 -2.86533
331.683 -2.8599
331.604 -2.85447
331.524 -2.84902
331.445 -2.84358
331.366 -2.83812
331.287 -2.83266
331.207 -2.82719
331.128 -2.82171
331.049 -2.81623
330.969 -2.81074
330.89 -2.80525
330.811 -2.79975
330.732 -2.79424
330.652 -2.78873
330.573 -2.7832
330.494 -2.77768
330.414 -2.77214
330.335 -2.7666
330.256 -2.76105
330.177 -2.7555
330.097 -2.74994
330.018 -2.74437
329.939 -2.73879
329.86 -2.73321
329.78 -2.72762
329.701 -2.72203
329.622 -2.71643
329.542 -2.71082
329.463 -2.7052
329.384 -2.69958
329.305 -2.69395
329.225 -2.68832
329.146 -2.68268
329.067 -2.67703
328.987 -2.67137
328.908 -2.66571
328.829 -2.66004
328.75 -2.65436
328.67 -2.64868
328.591 -2.64299
328.512 -2.63729
328.432 -2.63159
328.353 -2.62588
328.274 -2.62016
328.195 -2.61444
328.115 -2.60871
328.036 -2.60297
327.957 -2.59723
327.877 -2.59147
327.798 -2.58572
327.719 -2.57995
327.64 -2.57418
327.56 -2.5684
327.481 -2.56261
327.402 -2.55682
327.322 -2.55102
327.243 -2.54521
327.164 -2.53939
327.085 -2.53357
327.005 -2.52774
326.926 -2.52191
326.847 -2.51607
326.767 -2.51022
326.688 -2.50436
326.609 -2.4985
326.53 -2.49263
326.45 -2.48675
326.371 -2.48086
326.292 -2.47497
326.212 -2.46907
326.133 -2.46317
326.054 -2.45725
325.975 -2.45133
325.895 -2.4454
325.816 -2.43947
325.737 -2.43353
325.657 -2.42758
325.578 -2.42162
325.499 -2.41566
325.42 -2.40969
325.34 -2.40371
325.261 -2.39772
325.182 -2.39173
325.102 -2.38573
325.023 -2.37973
324.944 -2.37371
324.865 -2.36769
324.785 -2.36166
324.706 -2.35563
324.627 -2.34958
324.548 -2.34353
324.468 -2.33747
324.389 -2.33141
324.31 -2.32534
324.23 -2.31926
324.151 -2.31317
324.072 -2.30707
323.993 -2.30097
323.913 -2.29486
323.834 -2.28875
323.755 -2.28262
323.675 -2.27649
323.596 -2.27035
323.517 -2.26421
323.438 -2.25805
323.358 -2.25189
323.279 -2.24572
323.2 -2.23955
323.12 -2.23336
323.041 -2.22717
322.962 -2.22097
322.883 -2.21477
322.803 -2.20855
322.724 -2.20233
322.645 -2.1961
322.565 -2.18987
322.486 -2.18362
322.407 -2.17737
322.328 -2.17111
322.248 -2.16485
322.169 -2.15857
322.09 -2.15229
322.01 -2.146
321.931 -2.13971
321.852 -2.1334
321.773 -2.12709
321.693 -2.12077
321.614 -2.11444
321.535 -2.10811
321.455 -2.10176
321.376 -2.09541
321.297 -2.08906
321.218 -2.08269
321.138 -2.07632
321.059 -2.06994
320.98 -2.06355
320.9 -2.05715
320.821 -2.05075
320.742 -2.04433
320.663 -2.03791
320.583 -2.03149
320.504 -2.02505
320.425 -2.01861
320.345 -2.01216
320.266 -2.0057
320.187 -1.99923
320.108 -1.99276
320.028 -1.98627
319.949 -1.97978
319.87 -1.97328
319.791 -1.96678
319.711 -1.96026
319.632 -1.95374
319.553 -1.94721
319.473 -1.94067
319.394 -1.93413
319.315 -1.92757
319.236 -1.92101
319.156 -1.91444
319.077 -1.90787
318.998 -1.90128
318.918 -1.89469
318.839 -1.88809
318.76 -1.88148
318.681 -1.87486
318.601 -1.86823
318.522 -1.8616
318.443 -1.85496
318.363 -1.84831
318.284 -1.84165
318.205 -1.83498
318.126 -1.82831
318.046 -1.82163
317.967 -1.81494
317.888 -1.80824
317.808 -1.80153
317.729 -1.79482
317.65 -1.7881
317.571 -1.78136
317.491 -1.77463
317.412 -1.76788
317.333 -1.76112
317.253 -1.75436
317.174 -1.74759
317.095 -1.74081
317.016 -1.73402
316.936 -1.72722
316.857 -1.72042
316.778 -1.7136
316.698 -1.70678
316.619 -1.69995
316.54 -1.69311
316.461 -1.68627
316.381 -1.67941
316.302 -1.67255
316.223 -1.66568
316.143 -1.6588
316.064 -1.65191
315.985 -1.64501
315.906 -1.63811
315.826 -1.63119
315.747 -1.62427
315.668 -1.61734
315.588 -1.6104
315.509 -1.60345
315.43 -1.5965
315.351 -1.58954
315.271 -1.58256
315.192 -1.57558
315.113 -1.56859
315.033 -1.56159
314.954 -1.55459
314.875 -1.54757
314.796 -1.54055
314.716 -1.53352
314.637 -1.52647
314.558 -1.51943
314.479 -1.51237
314.399 -1.5053
314.32 -1.49823
314.241 -1.49114
314.161 -1.48405
314.082 -1.47695
314.003 -1.46984
313.924 -1.46272
313.844 -1.45559
313.765 -1.44846
313.686 -1.44131
313.606 -1.43416
313.527 -1.427
313.448 -1.41983
313.369 -1.41265
313.289 -1.40546
313.21 -1.39826
313.131 -1.39105
313.051 -1.38384
312.972 -1.37662
312.893 -1.36938
312.814 -1.36214
312.734 -1.35489
312.655 -1.34763
312.576 -1.34037
312.496 -1.33309
312.417 -1.3258
312.338 -1.31851
312.259 -1.31121
312.179 -1.3039
312.1 -1.29657
312.021 -1.28924
311.941 -1.28191
311.862 -1.27456
311.783 -1.2672
311.704 -1.25983
311.624 -1.25246
311.545 -1.24508
311.466 -1.23768
311.386 -1.23028
311.307 -1.22287
311.228 -1.21545
311.149 -1.20802
311.069 -1.20058
310.99 -1.19313
310.911 -1.18568
310.831 -1.17821
310.752 -1.17074
310.673 -1.16325
310.594 -1.15576
310.514 -1.14826
310.435 -1.14075
310.356 -1.13323
310.276 -1.1257
310.197 -1.11816
310.118 -1.11061
310.039 -1.10305
309.959 -1.09549
309.88 -1.08791
309.801 -1.08032
309.722 -1.07273
309.642 -1.06513
309.563 -1.05751
309.484 -1.04989
309.404 -1.04226
309.325 -1.03462
309.246 -1.02697
309.167 -1.01931
309.087 -1.01164
309.008 -1.00396
308.929 -0.996272
308.849 -0.988575
308.77 -0.980868
308.691 -0.973151
308.612 -0.965426
308.532 -0.95769
308.453 -0.949946
308.374 -0.942191
308.294 -0.934428
308.215 -0.926654
308.136 -0.918872
308.057 -0.911079
307.977 -0.903277
307.898 -0.895466
307.819 -0.887645
307.739 -0.879814
307.66 -0.871974
307.581 -0.864124
307.502 -0.856265
307.422 -0.848396
307.343 -0.840517
307.264 -0.832628
307.184 -0.82473
307.105 -0.816822
307.026 -0.808905
306.947 -0.800978
306.867 -0.793041
306.788 -0.785094
306.709 -0.777137
306.629 -0.769171
306.55 -0.761195
306.471 -0.753209
306.392 -0.745214
306.312 -0.737208
306.233 -0.729193
306.154 -0.721168
306.074 -0.713133
305.995 -0.705088
305.916 -0.697033
305.837 -0.688968
305.757 -0.680894
305.678 -0.672809
305.599 -0.664715
305.519 -0.656611
305.44 -0.648496
305.361 -0.640372
305.282 -0.632238
305.202 -0.624093
305.123 -0.615939
305.044 -0.607775
304.964 -0.5996
304.885 -0.591416
304.806 -0.583221
304.727 -0.575017
304.647 -0.566802
304.568 -0.558577
304.489 -0.550342
304.41 -0.542097
304.33 -0.533842
304.251 -0.525577
304.172 -0.517301
304.092 -0.509015
304.013 -0.500719
303.934 -0.492413
303.855 -0.484097
303.775 -0.47577
303.696 -0.467434
303.617 -0.459086
303.537 -0.450729
303.458 -0.442361
303.379 -0.433983
303.3 -0.425595
303.22 -0.417196
303.141 -0.408787
303.062 -0.400368
302.982 -0.391938
302.903 -0.383498
302.824 -0.375048
302.745 -0.366587
302.665 -0.358115
302.586 -0.349634
302.507 -0.341141
302.427 -0.332639
302.348 -0.324125
302.269 -0.315602
302.19 -0.307067
302.11 -0.298523
302.031 -0.289967
301.952 -0.281401
301.872 -0.272825
301.793 -0.264238
301.714 -0.25564
301.635 -0.247032
301.555 -0.238413
301.476 -0.229784
301.397 -0.221144
301.317 -0.212493
301.238 -0.203832
301.159 -0.195159
301.08 -0.186477
301 -0.177783
300.921 -0.169079
300.842 -0.160364
300.762 -0.151638
300.683 -0.142901
300.604 -0.134154
300.525 -0.125396
300.445 -0.116627
300.366 -0.107847
300.287 -0.0990562
300.207 -0.0902546
300.128 -0.0814422
300.049 -0.0726189
299.97 -0.0637847
299.89 -0.0549395
299.811 -0.0460835
299.732 -0.0372164
299.653 -0.0283385
299.573 -0.0194495
299.494 -0.0105495
299.415 -0.00163857
299.335 0.00728341
299.256 0.0162164
299.177 0.0251605
299.098 0.0341156
299.018 0.0430818
298.939 0.0520591
298.86 0.0610475
298.78 0.0700471
298.701 0.0790577
298.622 0.0880796
298.543 0.0971125
298.463 0.106157
298.384 0.115212
298.305 0.124279
298.225 0.133356
298.146 0.142445
298.067 0.151546
297.988 0.160657
297.908 0.16978
297.829 0.178914
297.75 0.18806
297.67 0.197217
297.591 0.206385
297.512 0.215564
297.433 0.224755
297.353 0.233957
297.274 0.243171
297.195 0.252396
297.115 0.261633
297.036 0.270881
296.957 0.28014
296.878 0.289411
296.798 0.298693
296.719 0.307987
296.64 0.317293
296.56 0.32661
296.481 0.335938
296.402 0.345278
296.323 0.35463
296.243 0.363993
296.164 0.373368
296.085 0.382755
296.005 0.392153
295.926 0.401563
295.847 0.410984
295.768 0.420417
295.688 0.429862
295.609 0.439319
295.53 0.448787
295.45 0.458268
295.371 0.46776
295.292 0.477263
295.213 0.486779
295.133 0.496306
295.054 0.505845
294.975 0.515396
294.895 0.524959
294.816 0.534534
294.737 0.544121
294.658 0.553719
294.578 0.56333
294.499 0.572952
294.42 0.582587
294.341 0.592233
294.261 0.601891
294.182 0.611562
294.103 0.621244
294.023 0.630939
293.944 0.640645
293.865 0.650364
293.786 0.660094
293.706 0.669837
293.627 0.679592
293.548 0.689359
293.468 0.699138
293.389 0.708929
293.31 0.718733
293.231 0.728549
293.151 0.738377
293.072 0.748217
292.993 0.758069
292.913 0.767934
292.834 0.777811
292.755 0.7877
292.676 0.797602
292.596 0.807516
292.517 0.817442
292.438 0.827381
292.358 0.837331
292.279 0.847295
292.2 0.857271
292.121 0.867259
292.041 0.87726
291.962 0.887273
291.883 0.897298
291.803 0.907336
291.724 0.917387
291.645 0.92745
291.566 0.937526
291.486 0.947614
291.407 0.957715
291.328 0.967828
291.248 0.977955
291.169 0.988093
291.09 0.998245
291.011 1.00841
290.931 1.01859
290.852 1.02877
290.773 1.03898
290.693 1.04919
290.614 1.05942
290.535 1.06966
290.456 1.07991
290.376 1.09018
290.297 1.10046
290.218 1.11075
290.138 1.12105
290.059 1.13137
289.98 1.1417
289.901 1.15204
289.821 1.1624
289.742 1.17277
289.663 1.18315
289.583 1.19354
289.504 1.20395
289.425 1.21437
289.346 1.22481
289.266 1.23525
289.187 1.24571
289.108 1.25619
289.029 1.26667
288.949 1.27717
288.87 1.28768
288.791 1.29821
288.711 1.30875
288.632 1.3193
288.553 1.32987
288.474 1.34044
288.394 1.35104
288.315 1.36164
288.236 1.37226
288.156 1.38289
288.077 1.39353
287.998 1.40419
287.919 1.41486
287.839 1.42555
287.76 1.43625
287.681 1.44696
287.601 1.45768
287.522 1.46842
287.443 1.47917
287.364 1.48994
287.284 1.50071
287.205 1.51151
287.126 1.52231
287.046 1.53313
286.967 1.54396
286.888 1.55481
286.809 1.56567
286.729 1.57654
286.65 1.58743
286.571 1.59833
286.491 1.60925
286.412 1.62017
286.333 1.63112
286.254 1.64207
286.174 1.65304
286.095 1.66402
286.016 1.67502
285.936 1.68603
285.857 1.69705
285.778 1.70809
285.699 1.71914
285.619 1.73021
285.54 1.74129
285.461 1.75238
285.381 1.76349
285.302 1.77461
285.223 1.78575
285.144 1.7969
285.064 1.80806
284.985 1.81924
284.906 1.83043
284.826 1.84164
284.747 1.85286
284.668 1.86409
284.589 1.87534
284.509 1.8866
284.43 1.89788
284.351 1.90917
284.272 1.92047
284.192 1.93179
284.113 1.94312
284.034 1.95447
283.954 1.96583
283.875 1.97721
283.796 1.9886
283.717 2



T  log10(tauFit)                 
=================================
363 -4.57378
353 -4.09167
343 -3.57269
338 -3.31356
333 -2.93445
328 -2.60449
323 -2.21846
318 -1.81649
313 -1.34587
308 -0.931049



1000/T  log10(tauFit_fit)            
=================================
2.75482 -4.57173
2.75542 -4.56833
2.75602 -4.56492
2.75663 -4.56151
2.75723 -4.5581
2.75783 -4.55468
2.75844 -4.55125
2.75904 -4.54783
2.75964 -4.5444
2.76025 -4.54096
2.76085 -4.53752
2.76146 -4.53408
2.76206 -4.53063
2.76267 -4.52718
2.76327 -4.52373
2.76388 -4.52027
2.76448 -4.5168
2.76509 -4.51334
2.76569 -4.50986
2.7663 -4.50639
2.76691 -4.50291
2.76751 -4.49943
2.76812 -4.49594
2.76873 -4.49245
2.76934 -4.48895
2.76995 -4.48545
2.77055 -4.48195
2.77116 -4.47844
2.77177 -4.47492
2.77238 -4.47141
2.77299 -4.46789
2.7736 -4.46436
2.77421 -4.46083
2.77482 -4.4573
2.77543 -4.45376
2.77604 -4.45022
2.77665 -4.44668
2.77726 -4.44313
2.77788 -4.43957
2.77849 -4.43601
2.7791 -4.43245
2.77971 -4.42889
2.78033 -4.42532
2.78094 -4.42174
2.78155 -4.41816
2.78217 -4.41458
2.78278 -4.41099
2.78339 -4.4074
2.78401 -4.4038
2.78462 -4.4002
2.78524 -4.3966
2.78585 -4.39299
2.78647 -4.38938
2.78708 -4.38576
2.7877 -4.38214
2.78832 -4.37851
2.78893 -4.37488
2.78955 -4.37125
2.79017 -4.36761
2.79078 -4.36397
2.7914 -4.36032
2.79202 -4.35667
2.79264 -4.35301
2.79326 -4.34935
2.79387 -4.34569
2.79449 -4.34202
2.79511 -4.33835
2.79573 -4.33467
2.79635 -4.33099
2.79697 -4.3273
2.79759 -4.32361
2.79821 -4.31992
2.79883 -4.31622
2.79946 -4.31252
2.80008 -4.30881
2.8007 -4.3051
2.80132 -4.30138
2.80194 -4.29766
2.80257 -4.29394
2.80319 -4.29021
2.80381 -4.28647
2.80444 -4.28273
2.80506 -4.27899
2.80568 -4.27524
2.80631 -4.27149
2.80693 -4.26774
2.80756 -4.26398
2.80818 -4.26021
2.80881 -4.25644
2.80943 -4.25267
2.81006 -4.24889
2.81068 -4.24511
2.81131 -4.24132
2.81194 -4.23753
2.81256 -4.23373
2.81319 -4.22993
2.81382 -4.22613
2.81445 -4.22232
2.81508 -4.21851
2.8157 -4.21469
2.81633 -4.21086
2.81696 -4.20704
2.81759 -4.2032
2.81822 -4.19937
2.81885 -4.19553
2.81948 -4.19168
2.82011 -4.18783
2.82074 -4.18398
2.82137 -4.18012
2.822 -4.17625
2.82264 -4.17239
2.82327 -4.16851
2.8239 -4.16464
2.82453 -4.16075
2.82516 -4.15687
2.8258 -4.15298
2.82643 -4.14908
2.82706 -4.14518
2.8277 -4.14128
2.82833 -4.13737
2.82897 -4.13345
2.8296 -4.12953
2.83024 -4.12561
2.83087 -4.12168
2.83151 -4.11775
2.83214 -4.11381
2.83278 -4.10987
2.83342 -4.10592
2.83405 -4.10197
2.83469 -4.09802
2.83533 -4.09406
2.83596 -4.09009
2.8366 -4.08612
2.83724 -4.08215
2.83788 -4.07817
2.83852 -4.07418
2.83916 -4.07019
2.83979 -4.0662
2.84043 -4.0622
2.84107 -4.0582
2.84171 -4.05419
2.84235 -4.05018
2.84299 -4.04616
2.84364 -4.04214
2.84428 -4.03811
2.84492 -4.03408
2.84556 -4.03005
2.8462 -4.02601
2.84685 -4.02196
2.84749 -4.01791
2.84813 -4.01385
2.84877 -4.00979
2.84942 -4.00573
2.85006 -4.00166
2.85071 -3.99758
2.85135 -3.99351
2.85199 -3.98942
2.85264 -3.98533
2.85329 -3.98124
2.85393 -3.97714
2.85458 -3.97304
2.85522 -3.96893
2.85587 -3.96481
2.85652 -3.9607
2.85716 -3.95657
2.85781 -3.95245
2.85846 -3.94831
2.85911 -3.94417
2.85975 -3.94003
2.8604 -3.93588
2.86105 -3.93173
2.8617 -3.92758
2.86235 -3.92341
2.863 -3.91925
2.86365 -3.91507
2.8643 -3.9109
2.86495 -3.90671
2.8656 -3.90253
2.86625 -3.89834
2.8669 -3.89414
2.86756 -3.88994
2.86821 -3.88573
2.86886 -3.88152
2.86951 -3.8773
2.87017 -3.87308
2.87082 -3.86885
2.87147 -3.86462
2.87213 -3.86038
2.87278 -3.85614
2.87344 -3.8519
2.87409 -3.84764
2.87475 -3.84339
2.8754 -3.83913
2.87606 -3.83486
2.87671 -3.83059
2.87737 -3.82631
2.87803 -3.82203
2.87868 -3.81774
2.87934 -3.81345
2.88 -3.80915
2.88065 -3.80485
2.88131 -3.80054
2.88197 -3.79623
2.88263 -3.79191
2.88329 -3.78759
2.88395 -3.78326
2.88461 -3.77892
2.88527 -3.77459
2.88593 -3.77024
2.88659 -3.76589
2.88725 -3.76154
2.88791 -3.75718
2.88857 -3.75282
2.88923 -3.74845
2.88989 -3.74407
2.89056 -3.73969
2.89122 -3.73531
2.89188 -3.73092
2.89255 -3.72652
2.89321 -3.72212
2.89387 -3.71771
2.89454 -3.7133
2.8952 -3.70889
2.89587 -3.70447
2.89653 -3.70004
2.8972 -3.69561
2.89786 -3.69117
2.89853 -3.68673
2.89919 -3.68228
2.89986 -3.67783
2.90053 -3.67337
2.9012 -3.6689
2.90186 -3.66443
2.90253 -3.65996
2.9032 -3.65548
2.90387 -3.65099
2.90454 -3.6465
2.9052 -3.64201
2.90587 -3.63751
2.90654 -3.633
2.90721 -3.62849
2.90788 -3.62397
2.90855 -3.61945
2.90923 -3.61492
2.9099 -3.61039
2.91057 -3.60585
2.91124 -3.60131
2.91191 -3.59676
2.91258 -3.5922
2.91326 -3.58764
2.91393 -3.58307
2.9146 -3.5785
2.91528 -3.57393
2.91595 -3.56934
2.91663 -3.56476
2.9173 -3.56016
2.91797 -3.55557
2.91865 -3.55096
2.91933 -3.54635
2.92 -3.54174
2.92068 -3.53712
2.92135 -3.53249
2.92203 -3.52786
2.92271 -3.52322
2.92339 -3.51858
2.92406 -3.51393
2.92474 -3.50928
2.92542 -3.50462
2.9261 -3.49996
2.92678 -3.49529
2.92746 -3.49061
2.92814 -3.48593
2.92882 -3.48124
2.9295 -3.47655
2.93018 -3.47185
2.93086 -3.46715
2.93154 -3.46244
2.93222 -3.45772
2.9329 -3.453
2.93358 -3.44828
2.93427 -3.44354
2.93495 -3.43881
2.93563 -3.43406
2.93632 -3.42932
2.937 -3.42456
2.93768 -3.4198
2.93837 -3.41504
2.93905 -3.41026
2.93974 -3.40549
2.94042 -3.4007
2.94111 -3.39592
2.9418 -3.39112
2.94248 -3.38632
2.94317 -3.38152
2.94385 -3.3767
2.94454 -3.37189
2.94523 -3.36706
2.94592 -3.36224
2.94661 -3.3574
2.94729 -3.35256
2.94798 -3.34772
2.94867 -3.34286
2.94936 -3.33801
2.95005 -3.33314
2.95074 -3.32827
2.95143 -3.3234
2.95212 -3.31852
2.95281 -3.31363
2.95351 -3.30874
2.9542 -3.30384
2.95489 -3.29894
2.95558 -3.29403
2.95627 -3.28911
2.95697 -3.28419
2.95766 -3.27926
2.95835 -3.27433
2.95905 -3.26939
2.95974 -3.26444
2.96044 -3.25949
2.96113 -3.25454
2.96183 -3.24957
2.96252 -3.2446
2.96322 -3.23963
2.96392 -3.23465
2.96461 -3.22966
2.96531 -3.22467
2.96601 -3.21967
2.9667 -3.21466
2.9674 -3.20965
2.9681 -3.20464
2.9688 -3.19961
2.9695 -3.19459
2.9702 -3.18955
2.9709 -3.18451
2.9716 -3.17946
2.9723 -3.17441
2.973 -3.16935
2.9737 -3.16429
2.9744 -3.15922
2.9751 -3.15414
2.9758 -3.14906
2.97651 -3.14397
2.97721 -3.13887
2.97791 -3.13377
2.97862 -3.12866
2.97932 -3.12355
2.98002 -3.11843
2.98073 -3.1133
2.98143 -3.10817
2.98214 -3.10303
2.98284 -3.09789
2.98355 -3.09274
2.98425 -3.08758
2.98496 -3.08242
2.98567 -3.07725
2.98637 -3.07208
2.98708 -3.06689
2.98779 -3.06171
2.9885 -3.05651
2.9892 -3.05131
2.98991 -3.04611
2.99062 -3.04089
2.99133 -3.03568
2.99204 -3.03045
2.99275 -3.02522
2.99346 -3.01998
2.99417 -3.01474
2.99488 -3.00949
2.99559 -3.00423
2.9963 -2.99897
2.99702 -2.9937
2.99773 -2.98843
2.99844 -2.98314
2.99915 -2.97786
2.99987 -2.97256
3.00058 -2.96726
3.0013 -2.96195
3.00201 -2.95664
3.00272 -2.95132
3.00344 -2.94599
3.00416 -2.94066
3.00487 -2.93532
3.00559 -2.92998
3.0063 -2.92463
3.00702 -2.91927
3.00774 -2.9139
3.00845 -2.90853
3.00917 -2.90316
3.00989 -2.89777
3.01061 -2.89238
3.01133 -2.88698
3.01205 -2.88158
3.01277 -2.87617
3.01349 -2.87075
3.01421 -2.86533
3.01493 -2.8599
3.01565 -2.85447
3.01637 -2.84902
3.01709 -2.84358
3.01781 -2.83812
3.01853 -2.83266
3.01926 -2.82719
3.01998 -2.82171
3.0207 -2.81623
3.02143 -2.81074
3.02215 -2.80525
3.02287 -2.79975
3.0236 -2.79424
3.02432 -2.78873
3.02505 -2.7832
3.02578 -2.77768
3.0265 -2.77214
3.02723 -2.7666
3.02795 -2.76105
3.02868 -2.7555
3.02941 -2.74994
3.03014 -2.74437
3.03087 -2.73879
3.03159 -2.73321
3.03232 -2.72762
3.03305 -2.72203
3.03378 -2.71643
3.03451 -2.71082
3.03524 -2.7052
3.03597 -2.69958
3.0367 -2.69395
3.03743 -2.68832
3.03817 -2.68268
3.0389 -2.67703
3.03963 -2.67137
3.04036 -2.66571
3.0411 -2.66004
3.04183 -2.65436
3.04256 -2.64868
3.0433 -2.64299
3.04403 -2.63729
3.04477 -2.63159
3.0455 -2.62588
3.04624 -2.62016
3.04697 -2.61444
3.04771 -2.60871
3.04845 -2.60297
3.04918 -2.59723
3.04992 -2.59147
3.05066 -2.58572
3.0514 -2.57995
3.05213 -2.57418
3.05287 -2.5684
3.05361 -2.56261
3.05435 -2.55682
3.05509 -2.55102
3.05583 -2.54521
3.05657 -2.53939
3.05731 -2.53357
3.05805 -2.52774
3.0588 -2.52191
3.05954 -2.51607
3.06028 -2.51022
3.06102 -2.50436
3.06177 -2.4985
3.06251 -2.49263
3.06325 -2.48675
3.064 -2.48086
3.06474 -2.47497
3.06549 -2.46907
3.06623 -2.46317
3.06698 -2.45725
3.06772 -2.45133
3.06847 -2.4454
3.06922 -2.43947
3.06996 -2.43353
3.07071 -2.42758
3.07146 -2.42162
3.07221 -2.41566
3.07296 -2.40969
3.0737 -2.40371
3.07445 -2.39772
3.0752 -2.39173
3.07595 -2.38573
3.0767 -2.37973
3.07745 -2.37371
3.07821 -2.36769
3.07896 -2.36166
3.07971 -2.35563
3.08046 -2.34958
3.08121 -2.34353
3.08197 -2.33747
3.08272 -2.33141
3.08347 -2.32534
3.08423 -2.31926
3.08498 -2.31317
3.08574 -2.30707
3.08649 -2.30097
3.08725 -2.29486
3.088 -2.28875
3.08876 -2.28262
3.08952 -2.27649
3.09027 -2.27035
3.09103 -2.26421
3.09179 -2.25805
3.09255 -2.25189
3.0933 -2.24572
3.09406 -2.23955
3.09482 -2.23336
3.09558 -2.22717
3.09634 -2.22097
3.0971 -2.21477
3.09786 -2.20855
3.09862 -2.20233
3.09938 -2.1961
3.10015 -2.18987
3.10091 -2.18362
3.10167 -2.17737
3.10243 -2.17111
3.1032 -2.16485
3.10396 -2.15857
3.10472 -2.15229
3.10549 -2.146
3.10625 -2.13971
3.10702 -2.1334
3.10778 -2.12709
3.10855 -2.12077
3.10932 -2.11444
3.11008 -2.10811
3.11085 -2.10176
3.11162 -2.09541
3.11239 -2.08906
3.11315 -2.08269
3.11392 -2.07632
3.11469 -2.06994
3.11546 -2.06355
3.11623 -2.05715
3.117 -2.05075
3.11777 -2.04433
3.11854 -2.03791
3.11931 -2.03149
3.12009 -2.02505
3.12086 -2.01861
3.12163 -2.01216
3.1224 -2.0057
3.12318 -1.99923
3.12395 -1.99276
3.12472 -1.98627
3.1255 -1.97978
3.12627 -1.97328
3.12705 -1.96678
3.12782 -1.96026
3.1286 -1.95374
3.12937 -1.94721
3.13015 -1.94067
3.13093 -1.93413
3.13171 -1.92757
3.13248 -1.92101
3.13326 -1.91444
3.13404 -1.90787
3.13482 -1.90128
3.1356 -1.89469
3.13638 -1.88809
3.13716 -1.88148
3.13794 -1.87486
3.13872 -1.86823
3.1395 -1.8616
3.14028 -1.85496
3.14106 -1.84831
3.14185 -1.84165
3.14263 -1.83498
3.14341 -1.82831
3.1442 -1.82163
3.14498 -1.81494
3.14576 -1.80824
3.14655 -1.80153
3.14733 -1.79482
3.14812 -1.7881
3.14891 -1.78136
3.14969 -1.77463
3.15048 -1.76788
3.15127 -1.76112
3.15205 -1.75436
3.15284 -1.74759
3.15363 -1.74081
3.15442 -1.73402
3.15521 -1.72722
3.156 -1.72042
3.15679 -1.7136
3.15758 -1.70678
3.15837 -1.69995
3.15916 -1.69311
3.15995 -1.68627
3.16074 -1.67941
3.16154 -1.67255
3.16233 -1.66568
3.16312 -1.6588
3.16391 -1.65191
3.16471 -1.64501
3.1655 -1.63811
3.1663 -1.63119
3.16709 -1.62427
3.16789 -1.61734
3.16868 -1.6104
3.16948 -1.60345
3.17028 -1.5965
3.17107 -1.58954
3.17187 -1.58256
3.17267 -1.57558
3.17347 -1.56859
3.17427 -1.56159
3.17506 -1.55459
3.17586 -1.54757
3.17666 -1.54055
3.17746 -1.53352
3.17826 -1.52647
3.17907 -1.51943
3.17987 -1.51237
3.18067 -1.5053
3.18147 -1.49823
3.18227 -1.49114
3.18308 -1.48405
3.18388 -1.47695
3.18468 -1.46984
3.18549 -1.46272
3.18629 -1.45559
3.1871 -1.44846
3.1879 -1.44131
3.18871 -1.43416
3.18952 -1.427
3.19032 -1.41983
3.19113 -1.41265
3.19194 -1.40546
3.19275 -1.39826
3.19355 -1.39105
3.19436 -1.38384
3.19517 -1.37662
3.19598 -1.36938
3.19679 -1.36214
3.1976 -1.35489
3.19841 -1.34763
3.19922 -1.34037
3.20004 -1.33309
3.20085 -1.3258
3.20166 -1.31851
3.20247 -1.31121
3.20329 -1.3039
3.2041 -1.29657
3.20492 -1.28924
3.20573 -1.28191
3.20654 -1.27456
3.20736 -1.2672
3.20818 -1.25983
3.20899 -1.25246
3.20981 -1.24508
3.21063 -1.23768
3.21144 -1.23028
3.21226 -1.22287
3.21308 -1.21545
3.2139 -1.20802
3.21472 -1.20058
3.21554 -1.19313
3.21636 -1.18568
3.21718 -1.17821
3.218 -1.17074
3.21882 -1.16325
3.21964 -1.15576
3.22046 -1.14826
3.22129 -1.14075
3.22211 -1.13323
3.22293 -1.1257
3.22376 -1.11816
3.22458 -1.11061
3.2254 -1.10305
3.22623 -1.09549
3.22705 -1.08791
3.22788 -1.08032
3.22871 -1.07273
3.22953 -1.06513
3.23036 -1.05751
3.23119 -1.04989
3.23202 -1.04226
3.23284 -1.03462
3.23367 -1.02697
3.2345 -1.01931
3.23533 -1.01164
3.23616 -1.00396
3.23699 -0.996272
3.23782 -0.988575
3.23866 -0.980868
3.23949 -0.973151
3.24032 -0.965426
3.24115 -0.95769
3.24199 -0.949946
3.24282 -0.942191
3.24365 -0.934428
3.24449 -0.926654
3.24532 -0.918872
3.24616 -0.911079
3.24699 -0.903277
3.24783 -0.895466
3.24867 -0.887645
3.2495 -0.879814
3.25034 -0.871974
3.25118 -0.864124
3.25202 -0.856265
3.25285 -0.848396
3.25369 -0.840517
3.25453 -0.832628
3.25537 -0.82473
3.25621 -0.816822
3.25705 -0.808905
3.2579 -0.800978
3.25874 -0.793041
3.25958 -0.785094
3.26042 -0.777137
3.26127 -0.769171
3.26211 -0.761195
3.26295 -0.753209
3.2638 -0.745214
3.26464 -0.737208
3.26549 -0.729193
3.26633 -0.721168
3.26718 -0.713133
3.26803 -0.705088
3.26887 -0.697033
3.26972 -0.688968
3.27057 -0.680894
3.27142 -0.672809
3.27226 -0.664715
3.27311 -0.656611
3.27396 -0.648496
3.27481 -0.640372
3.27566 -0.632238
3.27651 -0.624093
3.27737 -0.615939
3.27822 -0.607775
3.27907 -0.5996
3.27992 -0.591416
3.28078 -0.583221
3.28163 -0.575017
3.28248 -0.566802
3.28334 -0.558577
3.28419 -0.550342
3.28505 -0.542097
3.2859 -0.533842
3.28676 -0.525577
3.28762 -0.517301
3.28847 -0.509015
3.28933 -0.500719
3.29019 -0.492413
3.29105 -0.484097
3.29191 -0.47577
3.29277 -0.467434
3.29363 -0.459086
3.29449 -0.450729
3.29535 -0.442361
3.29621 -0.433983
3.29707 -0.425595
3.29793 -0.417196
3.2988 -0.408787
3.29966 -0.400368
3.30052 -0.391938
3.30139 -0.383498
3.30225 -0.375048
3.30311 -0.366587
3.30398 -0.358115
3.30485 -0.349634
3.30571 -0.341141
3.30658 -0.332639
3.30745 -0.324125
3.30831 -0.315602
3.30918 -0.307067
3.31005 -0.298523
3.31092 -0.289967
3.31179 -0.281401
3.31266 -0.272825
3.31353 -0.264238
3.3144 -0.25564
3.31527 -0.247032
3.31614 -0.238413
3.31701 -0.229784
3.31789 -0.221144
3.31876 -0.212493
3.31963 -0.203832
3.32051 -0.195159
3.32138 -0.186477
3.32226 -0.177783
3.32313 -0.169079
3.32401 -0.160364
3.32488 -0.151638
3.32576 -0.142901
3.32664 -0.134154
3.32751 -0.125396
3.32839 -0.116627
3.32927 -0.107847
3.33015 -0.0990562
3.33103 -0.0902546
3.33191 -0.0814422
3.33279 -0.0726189
3.33367 -0.0637847
3.33455 -0.0549395
3.33543 -0.0460835
3.33632 -0.0372164
3.3372 -0.0283385
3.33808 -0.0194495
3.33897 -0.0105495
3.33985 -0.00163857
3.34073 0.00728341
3.34162 0.0162164
3.34251 0.0251605
3.34339 0.0341156
3.34428 0.0430818
3.34516 0.0520591
3.34605 0.0610475
3.34694 0.0700471
3.34783 0.0790577
3.34872 0.0880796
3.34961 0.0971125
3.3505 0.106157
3.35139 0.115212
3.35228 0.124279
3.35317 0.133356
3.35406 0.142445
3.35495 0.151546
3.35584 0.160657
3.35674 0.16978
3.35763 0.178914
3.35853 0.18806
3.35942 0.197217
3.36032 0.206385
3.36121 0.215564
3.36211 0.224755
3.363 0.233957
3.3639 0.243171
3.3648 0.252396
3.3657 0.261633
3.36659 0.270881
3.36749 0.28014
3.36839 0.289411
3.36929 0.298693
3.37019 0.307987
3.37109 0.317293
3.37199 0.32661
3.3729 0.335938
3.3738 0.345278
3.3747 0.35463
3.3756 0.363993
3.37651 0.373368
3.37741 0.382755
3.37832 0.392153
3.37922 0.401563
3.38013 0.410984
3.38103 0.420417
3.38194 0.429862
3.38285 0.439319
3.38375 0.448787
3.38466 0.458268
3.38557 0.46776
3.38648 0.477263
3.38739 0.486779
3.3883 0.496306
3.38921 0.505845
3.39012 0.515396
3.39103 0.524959
3.39194 0.534534
3.39286 0.544121
3.39377 0.553719
3.39468 0.56333
3.3956 0.572952
3.39651 0.582587
3.39743 0.592233
3.39834 0.601891
3.39926 0.611562
3.40017 0.621244
3.40109 0.630939
3.40201 0.640645
3.40293 0.650364
3.40384 0.660094
3.40476 0.669837
3.40568 0.679592
3.4066 0.689359
3.40752 0.699138
3.40844 0.708929
3.40936 0.718733
3.41029 0.728549
3.41121 0.738377
3.41213 0.748217
3.41305 0.758069
3.41398 0.767934
3.4149 0.777811
3.41583 0.7877
3.41675 0.797602
3.41768 0.807516
3.4186 0.817442
3.41953 0.827381
3.42046 0.837331
3.42139 0.847295
3.42232 0.857271
3.42324 0.867259
3.42417 0.87726
3.4251 0.887273
3.42603 0.897298
3.42696 0.907336
3.4279 0.917387
3.42883 0.92745
3.42976 0.937526
3.43069 0.947614
3.43163 0.957715
3.43256 0.967828
3.43349 0.977955
3.43443 0.988093
3.43536 0.998245
3.4363 1.00841
3.43724 1.01859
3.43817 1.02877
3.43911 1.03898
3.44005 1.04919
3.44099 1.05942
3.44193 1.06966
3.44287 1.07991
3.44381 1.09018
3.44475 1.10046
3.44569 1.11075
3.44663 1.12105
3.44757 1.13137
3.44851 1.1417
3.44946 1.15204
3.4504 1.1624
3.45135 1.17277
3.45229 1.18315
3.45324 1.19354
3.45418 1.20395
3.45513 1.21437
3.45607 1.22481
3.45702 1.23525
3.45797 1.24571
3.45892 1.25619
3.45987 1.26667
3.46082 1.27717
3.46177 1.28768
3.46272 1.29821
3.46367 1.30875
3.46462 1.3193
3.46557 1.32987
3.46652 1.34044
3.46748 1.35104
3.46843 1.36164
3.46938 1.37226
3.47034 1.38289
3.47129 1.39353
3.47225 1.40419
3.4732 1.41486
3.47416 1.42555
3.47512 1.43625
3.47608 1.44696
3.47703 1.45768
3.47799 1.46842
3.47895 1.47917
3.47991 1.48994
3.48087 1.50071
3.48183 1.51151
3.4828 1.52231
3.48376 1.53313
3.48472 1.54396
3.48568 1.55481
3.48665 1.56567
3.48761 1.57654
3.48857 1.58743
3.48954 1.59833
3.49051 1.60925
3.49147 1.62017
3.49244 1.63112
3.49341 1.64207
3.49437 1.65304
3.49534 1.66402
3.49631 1.67502
3.49728 1.68603
3.49825 1.69705
3.49922 1.70809
3.50019 1.71914
3.50116 1.73021
3.50214 1.74129
3.50311 1.75238
3.50408 1.76349
3.50506 1.77461
3.50603 1.78575
3.507 1.7969
3.50798 1.80806
3.50896 1.81924
3.50993 1.83043
3.51091 1.84164
3.51189 1.85286
3.51287 1.86409
3.51384 1.87534
3.51482 1.8866
3.5158 1.89788
3.51678 1.90917
3.51776 1.92047
3.51875 1.93179
3.51973 1.94312
3.52071 1.95447
3.52169 1.96583
3.52268 1.97721
3.52366 1.9886
3.52464 2


1000/T  log10(tauFit)                
=================================
2.75482 -4.57378
2.83286 -4.09167
2.91545 -3.57269
2.95858 -3.31356
3.003 -2.93445
3.04878 -2.60449
3.09598 -2.21846
3.14465 -1.81649
3.19489 -1.34587
3.24675 -0.931049


