T_nominal 403000
reduction #0  36  0.998942  2.57099 0.71528 2.11895 -2.063 1.98241 1.11391 0.283434 -6.06264 

T_nominal 398000
reduction #0  38  0.999132  2.19097 0.807581 1.90776 -1.98234 1.90593 1.09346 0.31337 -5.92195 

T_nominal 393000
reduction #0  36  0.999793  2.13405 0.82043 1.91454 -1.84274 2.02285 1.06292 0.293347 -5.71593 

T_nominal 388000
reduction #0  38  0.999568  2.15531 0.832472 1.89491 -1.65433 1.90645 1.02951 0.347682 -5.56392 

T_nominal 383000
reduction #0  39  0.999656  2.27258 0.819581 1.95901 -1.46887 1.8582 0.97085 0.412349 -5.42255 

T_nominal 378000
reduction #0  41  0.999726  2.48176 0.785716 2.15789 -1.30735 1.85437 0.900464 0.481959 -5.27501 

T_nominal 373000
reduction #0  42  0.99992  2.73184 0.777083 2.1401 -1.05614 1.9125 0.853322 0.490892 -5.05272 

T_nominal 368000
reduction #0  42  0.999858  3.03315 0.764852 2.18748 -0.816703 1.93016 0.796818 0.544134 -4.86048 

T_nominal 363000
reduction #0  43  0.99976  3.61464 0.706569 2.5247 -0.631242 1.9753 0.744195 0.576315 -4.6301 

T_nominal 358000
reduction #0  46  0.999623  4.01436 0.716777 2.41735 -0.316777 2.02461 0.688874 0.61264 -4.38549 

T_nominal 353000
reduction #0  34  0.999754  2.07756 0.62228 0.673551 -4.15281 

T_nominal 348000
reduction #0  35  0.999398  2.13709 0.555382 0.749284 -3.91724 

T_nominal 343000
reduction #0  39  0.998574  2.20551 0.491809 0.830742 -3.66733 

T_nominal 338000
reduction #0  38  0.997184  2.27301 0.409373 1.10073 -3.62678 

T_nominal 333000
reduction #0  41  0.994228  2.37189 0.33742 1.42965 -3.63319 

T_nominal 328000
reduction #0  42  0.98876  2.5279 0.256677 2.39448 -4.26337 

T_nominal 323000
reduction #0  42  0.980678  2.57582 0.216088 3.24943 -4.76209 

T_nominal 333000
reduction #0  41  0.993669  2.40034 0.322407 1.5655 -3.72984 

T_nominal 343000
reduction #0  39  0.998473  2.2119 0.484449 0.842307 -3.62676 

T_nominal 353000
reduction #0  34  0.999739  2.07973 0.614616 0.679348 -4.0997 

T_nominal 363000
reduction #0  44  0.999806  3.78619 0.714856 2.44634 -0.537456 1.97598 0.7372 0.579292 -4.57304 

T_nominal 373000
reduction #0  42  0.999881  2.72428 0.797699 2.05824 -0.967767 1.90263 0.844117 0.509426 -5.01716 

T_nominal 383000
reduction #0  39  0.999818  2.09835 0.845921 1.90115 -1.4106 1.84349 0.94443 0.448176 -5.41876 

T_nominal 393000
reduction #0  36  0.999781  1.53814 0.935905 1.63304 -1.79587 2.01903 1.06129 0.298804 -5.6969 

T_nominal 403000
reduction #0  36  0.999143  1.07195 0.98402 1.50878 -2.17468 1.98711 1.11179 0.285961 -6.08485 

