Raw Data                               
log.afreq  log.sfreq  log.loss  storage
=======================================
-0.773248 -1.57143 -0.643019 2.72
-0.630391 -1.42857 -0.677223 2.6859
-0.487532 -1.28571 -0.711192 2.6546
-0.344674 -1.14285 -0.72995 2.6246
-0.20182 -1 -0.755698 2.5934
-0.0589614 -0.857141 -0.769245 2.5606
0.083893 -0.714285 -0.78178 2.5298
0.226752 -0.571428 -0.790565 2.498
0.369609 -0.428571 -0.795717 2.4679
0.512468 -0.285712 -0.805042 2.4365
0.655326 -0.142855 -0.809276 2.4043
0.79818 0 -0.813015 2.3741
0.941039 0.142859 -0.813807 2.3414
1.08389 0.285715 -0.816702 2.3101
1.22675 0.428572 -0.8175 2.2774
1.36961 0.571429 -0.821081 2.2458
1.51247 0.714288 -0.825243 2.2143
1.65533 0.857145 -0.831237 2.1824
1.79818 1 -0.839141 2.1509
1.94104 1.14286 -0.848875 2.1199
2.08389 1.28571 -0.861224 2.0897
2.22675 1.42857 -0.876377 2.0606
2.36961 1.57143 -0.894081 2.0324
2.51247 1.71429 -0.914602 2.0051
2.65533 1.85715 -0.937945 1.9797
2.79818 2 -0.963371 1.9559
2.94104 2.14286 -0.991357 1.9337
3.08389 2.28571 -1.0215 1.9131
3.22675 2.42857 -1.05367 1.894
3.36961 2.57143 -1.08766 1.8765
3.51247 2.71429 -1.12323 1.8605
3.65533 2.85715 -1.16015 1.8459
3.79818 3 -1.19811 1.8326
3.94104 3.14286 -1.23677 1.8205
4.08389 3.28571 -1.27636 1.8095
4.22675 3.42857 -1.31614 1.7995
4.36961 3.57143 -1.35633 1.7905
4.51247 3.71429 -1.39618 1.7824
4.65533 3.85715 -1.43559 1.775
4.79818 4 -1.47473 1.7681
4.94104 4.14286 -1.51225 1.762
5.08389 4.28571 -1.5487 1.7563
5.22675 4.42857 -1.58324 1.751
5.36961 4.57143 -1.61644 1.7462
5.51247 4.71429 -1.64822 1.7418
5.65533 4.85715 -1.6772 1.7375
5.79818 5 -1.70415 1.7335
5.94104 5.14286 -1.72955 1.7297
6.08389 5.28571 -1.75454 1.7261
6.22675 5.42857 -1.77809 1.7228
6.36961 5.57143 -1.80228 1.7196
6.51247 5.71429 -1.82942 1.7167
6.65533 5.85715 -1.85902 1.7141
6.79818 6 -1.95086 1.7159
6.94104 6.14286 -2.09293 1.7133
7.08389 6.28571 -2.72913 1.7131
7.22675 6.42857 -2.64967 1.7134
7.36961 6.57143 -2.03993 1.7191
7.51247 6.71429 -2.012 1.7218
7.65533 6.85715 -1.81361 1.7354
7.79818 7 -1.13706 1.741


Interpolated Data (Full Range)   
log.afreq  log.sfreq  f  df  d2f 
=================================
-0.773248 -1.57143 -0.643019 -0.219126 -0.284238
-0.764677 -1.56286 -0.644908 -0.221562 -0.284238
-0.756105 -1.55429 -0.646817 -0.223998 -0.284238
-0.747534 -1.54571 -0.648748 -0.226434 -0.284238
-0.738962 -1.53714 -0.650699 -0.228871 -0.284238
-0.730391 -1.52857 -0.652671 -0.231307 -0.284238
-0.721819 -1.52 -0.654664 -0.233743 -0.284238
-0.713248 -1.51143 -0.656678 -0.23618 -0.284238
-0.704677 -1.50286 -0.658713 -0.238616 -0.284238
-0.696105 -1.49429 -0.660769 -0.241052 -0.284238
-0.687534 -1.48571 -0.662845 -0.243489 -0.284238
-0.678962 -1.47714 -0.664943 -0.245925 -0.284238
-0.670391 -1.46857 -0.667061 -0.248361 -0.284238
-0.661819 -1.46 -0.6692 -0.250798 -0.284238
-0.653248 -1.45143 -0.671361 -0.253234 -0.284238
-0.644677 -1.44286 -0.673542 -0.25567 -0.284238
-0.636105 -1.43429 -0.675743 -0.258107 -0.284238
-0.627534 -1.42571 -0.677966 -0.260492 -0.248745
-0.618962 -1.41714 -0.680207 -0.262168 -0.142267
-0.610391 -1.40857 -0.682458 -0.262931 -0.0357899
-0.601819 -1.4 -0.684712 -0.262782 0.0706875
-0.593248 -1.39143 -0.68696 -0.261719 0.177165
-0.584677 -1.38286 -0.689196 -0.259745 0.283642
-0.576105 -1.37429 -0.69141 -0.256857 0.39012
-0.567534 -1.36571 -0.693596 -0.253057 0.496597
-0.558962 -1.35714 -0.695746 -0.248344 0.603074
-0.550391 -1.34857 -0.697851 -0.242718 0.709552
-0.541819 -1.34 -0.699904 -0.23618 0.816029
-0.533248 -1.33143 -0.701897 -0.228729 0.922507
-0.524677 -1.32286 -0.703823 -0.220366 1.02898
-0.516105 -1.31429 -0.705672 -0.21109 1.13546
-0.507534 -1.30571 -0.707439 -0.200901 1.24194
-0.498962 -1.29714 -0.709114 -0.189799 1.34842
-0.490391 -1.28857 -0.71069 -0.177785 1.45489
-0.481819 -1.28 -0.71216 -0.165369 1.38261
-0.473248 -1.27143 -0.713528 -0.154211 1.22085
-0.464677 -1.26286 -0.714807 -0.14444 1.0591
-0.456105 -1.25429 -0.716009 -0.136055 0.897345
-0.447534 -1.24571 -0.717144 -0.129057 0.735591
-0.438962 -1.23714 -0.718225 -0.123445 0.573838
-0.430391 -1.22857 -0.719264 -0.11922 0.412084
-0.421819 -1.22 -0.720273 -0.116381 0.25033
-0.413248 -1.21143 -0.721263 -0.114928 0.0885765
-0.404677 -1.20286 -0.722247 -0.114862 -0.0731771
-0.396105 -1.19429 -0.723236 -0.116183 -0.234931
-0.387534 -1.18571 -0.724242 -0.11889 -0.396684
-0.378962 -1.17714 -0.725278 -0.122983 -0.558438
-0.370391 -1.16857 -0.726355 -0.128463 -0.720192
-0.361819 -1.16 -0.727484 -0.135329 -0.881945
-0.353248 -1.15143 -0.728679 -0.143582 -1.0437
-0.344677 -1.14286 -0.72995 -0.153221 -1.20545
-0.336105 -1.13429 -0.731305 -0.162916 -1.05664
-0.327534 -1.12571 -0.732739 -0.171335 -0.907723
-0.318962 -1.11714 -0.734239 -0.178477 -0.75881
-0.310391 -1.10857 -0.735795 -0.184343 -0.609897
-0.30182 -1.1 -0.737395 -0.188933 -0.460984
-0.293248 -1.09143 -0.73903 -0.192246 -0.312072
-0.284677 -1.08286 -0.740687 -0.194282 -0.163159
-0.276105 -1.07429 -0.742357 -0.195043 -0.0142459
-0.267534 -1.06571 -0.744027 -0.194527 0.134667
-0.258962 -1.05714 -0.745688 -0.192734 0.28358
-0.250391 -1.04857 -0.747328 -0.189665 0.432493
-0.24182 -1.04 -0.748936 -0.18532 0.581405
-0.233248 -1.03143 -0.750501 -0.179698 0.730318
-0.224677 -1.02286 -0.752013 -0.1728 0.879231
-0.216105 -1.01429 -0.75346 -0.164626 1.02814
-0.207534 -1.00571 -0.754831 -0.155175 1.17706
-0.198962 -0.997142 -0.756116 -0.144564 1.24454
-0.190391 -0.988571 -0.757311 -0.134305 1.14922
-0.18182 -0.979999 -0.758421 -0.124863 1.05389
-0.173248 -0.971428 -0.759454 -0.116238 0.958562
-0.164677 -0.962857 -0.760416 -0.108431 0.863235
-0.156105 -0.954285 -0.761315 -0.10144 0.767908
-0.147534 -0.945714 -0.762157 -0.0952665 0.672581
-0.138962 -0.937142 -0.76295 -0.0899101 0.577254
-0.130391 -0.928571 -0.763701 -0.0853707 0.481927
-0.12182 -0.919999 -0.764416 -0.0816484 0.386601
-0.113248 -0.911428 -0.765103 -0.0787433 0.291274
-0.104677 -0.902857 -0.765768 -0.0766552 0.195947
-0.0961052 -0.894285 -0.766419 -0.0753842 0.10062
-0.0875338 -0.885714 -0.767063 -0.0749303 0.0052931
-0.0789624 -0.877142 -0.767706 -0.0752934 -0.0900338
-0.0703909 -0.868571 -0.768356 -0.0764737 -0.185361
-0.0618195 -0.859999 -0.769019 -0.078471 -0.280687
-0.0532481 -0.851428 -0.769703 -0.0810373 -0.289146
-0.0446767 -0.842857 -0.770408 -0.0833657 -0.254138
-0.0361052 -0.834285 -0.771131 -0.085394 -0.21913
-0.0275338 -0.825714 -0.771871 -0.0871222 -0.184123
-0.0189624 -0.817142 -0.772624 -0.0885504 -0.149115
-0.0103909 -0.808571 -0.773388 -0.0896785 -0.114108
-0.00181951 -0.799999 -0.774161 -0.0905065 -0.0791
0.00675192 -0.791428 -0.774939 -0.0910345 -0.0440924
0.0153233 -0.782857 -0.77572 -0.0912624 -0.00908479
0.0238948 -0.774285 -0.776502 -0.0911902 0.0259228
0.0324662 -0.765714 -0.777283 -0.090818 0.0609304
0.0410376 -0.757142 -0.778058 -0.0901457 0.095938
0.0496091 -0.748571 -0.778827 -0.0891733 0.130946
0.0581805 -0.739999 -0.779586 -0.0879009 0.165953
0.0667519 -0.731428 -0.780333 -0.0863284 0.200961
0.0753233 -0.722857 -0.781065 -0.0844559 0.235968
0.0838948 -0.714285 -0.78178 -0.0822833 0.270969
0.0924662 -0.705714 -0.782475 -0.0799452 0.274584
0.101038 -0.697142 -0.783151 -0.0775761 0.278199
0.109609 -0.688571 -0.783805 -0.0751761 0.281813
0.11818 -0.679999 -0.784439 -0.072745 0.285428
0.126752 -0.671428 -0.785052 -0.070283 0.289042
0.135323 -0.662857 -0.785644 -0.06779 0.292657
0.143895 -0.654285 -0.786214 -0.065266 0.296271
0.152466 -0.645714 -0.786763 -0.0627111 0.299886
0.161038 -0.637142 -0.787289 -0.0601251 0.3035
0.169609 -0.628571 -0.787793 -0.0575082 0.307115
0.17818 -0.619999 -0.788275 -0.0548603 0.310729
0.186752 -0.611428 -0.788734 -0.0521814 0.314344
0.195323 -0.602857 -0.789169 -0.0494716 0.317959
0.203895 -0.594285 -0.789582 -0.0467307 0.321573
0.212466 -0.585714 -0.78997 -0.0439589 0.325188
0.221038 -0.577142 -0.790335 -0.0411561 0.328802
0.229609 -0.568571 -0.790676 -0.0383485 0.314033
0.23818 -0.559999 -0.790994 -0.0358777 0.262495
0.246752 -0.551428 -0.791292 -0.0338486 0.210956
0.255323 -0.542857 -0.791575 -0.0322613 0.159418
0.263895 -0.534285 -0.791846 -0.0311158 0.107879
0.272466 -0.525714 -0.79211 -0.030412 0.0563407
0.281038 -0.517142 -0.792369 -0.0301499 0.0048023
0.289609 -0.508571 -0.792628 -0.0303296 -0.0467361
0.29818 -0.499999 -0.79289 -0.0309511 -0.0982746
0.306752 -0.491428 -0.79316 -0.0320143 -0.149813
0.315323 -0.482857 -0.79344 -0.0335193 -0.201351
0.323895 -0.474285 -0.793736 -0.0354661 -0.25289
0.332466 -0.465714 -0.79405 -0.0378546 -0.304428
0.341038 -0.457142 -0.794386 -0.0406848 -0.355967
0.349609 -0.448571 -0.794748 -0.0439569 -0.407505
0.35818 -0.439999 -0.795141 -0.0476707 -0.459044
0.366752 -0.431428 -0.795567 -0.0518262 -0.510582
0.375323 -0.422857 -0.79603 -0.0562018 -0.484531
0.383895 -0.414285 -0.796529 -0.060077 -0.419685
0.392466 -0.405714 -0.797058 -0.0633964 -0.354839
0.401038 -0.397142 -0.797614 -0.06616 -0.289993
0.409609 -0.388571 -0.798191 -0.0683677 -0.225148
0.41818 -0.379999 -0.798784 -0.0700196 -0.160302
0.426752 -0.371428 -0.79939 -0.0711157 -0.0954563
0.435323 -0.362857 -0.800002 -0.071656 -0.0306106
0.443895 -0.354285 -0.800616 -0.0716405 0.0342351
0.452466 -0.345714 -0.801228 -0.0710691 0.0990808
0.461038 -0.337142 -0.801833 -0.069942 0.163926
0.469609 -0.328571 -0.802426 -0.068259 0.228772
0.47818 -0.319999 -0.803002 -0.0660202 0.293618
0.486752 -0.311428 -0.803556 -0.0632255 0.358464
0.495323 -0.302857 -0.804084 -0.0598751 0.423309
0.503895 -0.294285 -0.804581 -0.0559688 0.488155
0.512466 -0.285714 -0.805042 -0.0515067 0.553001
0.521038 -0.277142 -0.805464 -0.0469569 0.508588
0.529609 -0.268571 -0.805848 -0.042788 0.464153
0.53818 -0.259999 -0.806198 -0.039 0.419717
0.546752 -0.251428 -0.806518 -0.0355929 0.375281
0.555323 -0.242857 -0.806809 -0.0325666 0.330846
0.563895 -0.234285 -0.807077 -0.0299213 0.28641
0.572466 -0.225714 -0.807323 -0.0276568 0.241975
0.581038 -0.217142 -0.807552 -0.0257731 0.197539
0.589609 -0.208571 -0.807766 -0.0242704 0.153103
0.59818 -0.199999 -0.807969 -0.0231485 0.108668
0.606752 -0.191428 -0.808164 -0.0224075 0.0642321
0.615323 -0.182857 -0.808355 -0.0220474 0.0197965
0.623895 -0.174285 -0.808543 -0.0220681 -0.0246392
0.632466 -0.165714 -0.808734 -0.0224698 -0.0690748
0.641038 -0.157142 -0.80893 -0.0232523 -0.11351
0.649609 -0.148571 -0.809134 -0.0244157 -0.157946
0.65818 -0.139999 -0.809349 -0.0259237 -0.176985
0.666752 -0.131428 -0.809578 -0.0273043 -0.145161
0.675323 -0.122857 -0.809817 -0.0284121 -0.113336
0.683895 -0.114285 -0.810064 -0.0292472 -0.0815112
0.692466 -0.105714 -0.810317 -0.0298095 -0.0496865
0.701038 -0.0971423 -0.810574 -0.030099 -0.0178617
0.709609 -0.0885709 -0.810832 -0.0301157 0.013963
0.71818 -0.0799994 -0.81109 -0.0298596 0.0457877
0.726752 -0.071428 -0.811343 -0.0293307 0.0776124
0.735323 -0.0628566 -0.811592 -0.0285291 0.109437
0.743895 -0.0542852 -0.811832 -0.0274547 0.141262
0.752466 -0.0457137 -0.812061 -0.0261075 0.173087
0.761038 -0.0371423 -0.812279 -0.0244875 0.204911
0.769609 -0.0285709 -0.812481 -0.0225947 0.236736
0.77818 -0.0199994 -0.812665 -0.0204291 0.268561
0.786752 -0.011428 -0.81283 -0.0179908 0.300385
0.795323 -0.00285659 -0.812973 -0.0152797 0.33221
0.803895 0.00571484 -0.813091 -0.0124318 0.316413
0.812466 0.0142863 -0.813187 -0.00988946 0.276811
0.821038 0.0228577 -0.813262 -0.00768652 0.237208
0.829609 0.0314291 -0.81332 -0.00582303 0.197606
0.83818 0.0400006 -0.813363 -0.00429899 0.158003
0.846752 0.048572 -0.813394 -0.0031144 0.118401
0.855323 0.0571434 -0.813417 -0.00226926 0.0787986
0.863895 0.0657148 -0.813434 -0.00176357 0.0391962
0.872466 0.0742863 -0.813448 -0.00159732 -0.000406216
0.881038 0.0828577 -0.813462 -0.00177053 -0.0400086
0.889609 0.0914291 -0.81348 -0.00228319 -0.079611
0.89818 0.100001 -0.813503 -0.00313529 -0.119213
0.906752 0.108572 -0.813534 -0.00432684 -0.158816
0.915323 0.117143 -0.813578 -0.00585785 -0.198418
0.923895 0.125715 -0.813636 -0.0077283 -0.238021
0.932466 0.134286 -0.813711 -0.0099382 -0.277623
0.941038 0.142858 -0.813807 -0.0124876 -0.317225
0.949609 0.151429 -0.813925 -0.015046 -0.279735
0.95818 0.160001 -0.814064 -0.017283 -0.242232
0.966752 0.168572 -0.814221 -0.0191986 -0.204729
0.975323 0.177143 -0.814392 -0.0207927 -0.167226
0.983895 0.185715 -0.814576 -0.0220653 -0.129723
0.992466 0.194286 -0.81477 -0.0230165 -0.0922202
1.00104 0.202858 -0.81497 -0.0236462 -0.0547173
1.00961 0.211429 -0.815174 -0.0239545 -0.0172143
1.01818 0.220001 -0.815379 -0.0239413 0.0202887
1.02675 0.228572 -0.815583 -0.0236067 0.0577917
1.03532 0.237143 -0.815783 -0.0229506 0.0952946
1.04389 0.245715 -0.815976 -0.0219731 0.132798
1.05247 0.254286 -0.816159 -0.0206741 0.170301
1.06104 0.262858 -0.81633 -0.0190536 0.207804
1.06961 0.271429 -0.816485 -0.0171117 0.245307
1.07818 0.280001 -0.816622 -0.0148484 0.282809
1.08675 0.288572 -0.816738 -0.0122988 0.295692
1.09532 0.297143 -0.816833 -0.00991989 0.259378
1.10389 0.305715 -0.816909 -0.00785228 0.223063
1.11247 0.314286 -0.816969 -0.00609594 0.186749
1.12104 0.322858 -0.817015 -0.00465087 0.150435
1.12961 0.331429 -0.81705 -0.00351706 0.114121
1.13818 0.340001 -0.817076 -0.00269452 0.0778063
1.14675 0.348572 -0.817097 -0.00218324 0.0414921
1.15532 0.357143 -0.817114 -0.00198323 0.00517783
1.16389 0.365715 -0.817131 -0.00209448 -0.0311364
1.17247 0.374286 -0.817151 -0.00251699 -0.0674507
1.18104 0.382858 -0.817176 -0.00325077 -0.103765
1.18961 0.391429 -0.817208 -0.00429582 -0.140079
1.19818 0.400001 -0.81725 -0.00565213 -0.176393
1.20675 0.408572 -0.817305 -0.00731971 -0.212708
1.21532 0.417143 -0.817376 -0.00929855 -0.249022
1.22389 0.425715 -0.817466 -0.0115887 -0.285336
1.23247 0.434286 -0.817576 -0.0140796 -0.282994
1.24104 0.442858 -0.817707 -0.0164124 -0.261322
1.24961 0.451429 -0.817857 -0.0185594 -0.23965
1.25818 0.460001 -0.818024 -0.0205206 -0.217978
1.26675 0.468572 -0.818208 -0.0222961 -0.196306
1.27532 0.477143 -0.818406 -0.0238859 -0.174634
1.28389 0.485715 -0.818617 -0.0252899 -0.152961
1.29247 0.494286 -0.818839 -0.0265081 -0.131289
1.30104 0.502858 -0.819071 -0.0275405 -0.109617
1.30961 0.511429 -0.81931 -0.0283872 -0.0879453
1.31818 0.520001 -0.819557 -0.0290482 -0.0662733
1.32675 0.528572 -0.819808 -0.0295233 -0.0446012
1.33532 0.537143 -0.820062 -0.0298128 -0.0229292
1.34389 0.545715 -0.820318 -0.0299164 -0.00125715
1.35247 0.554286 -0.820575 -0.0298343 0.0204149
1.36104 0.562858 -0.820829 -0.0295664 0.0420869
1.36961 0.571429 -0.821081 -0.0291128 0.063759
1.37818 0.580001 -0.821328 -0.0286157 0.0522301
1.38675 0.588572 -0.821572 -0.0282174 0.0407012
1.39532 0.597143 -0.821812 -0.027918 0.0291723
1.40389 0.605715 -0.822051 -0.0277173 0.0176434
1.41247 0.614286 -0.822288 -0.0276155 0.00611453
1.42104 0.622858 -0.822524 -0.0276125 -0.00541436
1.42961 0.631429 -0.822761 -0.0277083 -0.0169432
1.43818 0.640001 -0.823 -0.027903 -0.0284721
1.44675 0.648572 -0.82324 -0.0281964 -0.040001
1.45532 0.657143 -0.823483 -0.0285887 -0.0515299
1.46389 0.665715 -0.82373 -0.0290798 -0.0630588
1.47247 0.674286 -0.823982 -0.0296697 -0.0745877
1.48104 0.682858 -0.824239 -0.0303585 -0.0861166
1.48961 0.691429 -0.824503 -0.031146 -0.0976454
1.49818 0.700001 -0.824774 -0.0320324 -0.109174
1.50675 0.708572 -0.825052 -0.0330176 -0.120703
1.51532 0.717143 -0.82534 -0.034095 -0.1276
1.52389 0.725715 -0.825637 -0.0351785 -0.125225
1.53247 0.734286 -0.825943 -0.0362417 -0.12285
1.54104 0.742858 -0.826258 -0.0372845 -0.120474
1.54961 0.751429 -0.826582 -0.0383069 -0.118099
1.55818 0.76 -0.826915 -0.039309 -0.115723
1.56675 0.768572 -0.827256 -0.0402908 -0.113348
1.57532 0.777143 -0.827605 -0.0412521 -0.110972
1.58389 0.785715 -0.827963 -0.0421932 -0.108597
1.59247 0.794286 -0.828328 -0.0431138 -0.106222
1.60104 0.802858 -0.828702 -0.0440141 -0.103846
1.60961 0.811429 -0.829083 -0.044894 -0.101471
1.61818 0.82 -0.829471 -0.0457536 -0.0990954
1.62675 0.828572 -0.829867 -0.0465928 -0.09672
1.63532 0.837143 -0.83027 -0.0474117 -0.0943445
1.64389 0.845715 -0.83068 -0.0482101 -0.0919691
1.65247 0.854286 -0.831097 -0.0489883 -0.0895937
1.66104 0.862858 -0.83152 -0.0497493 -0.0883697
1.66961 0.871429 -0.831949 -0.050504 -0.0877221
1.67818 0.88 -0.832385 -0.0512531 -0.0870746
1.68675 0.888572 -0.832828 -0.0519967 -0.0864271
1.69532 0.897143 -0.833277 -0.0527347 -0.0857796
1.70389 0.905715 -0.833732 -0.0534672 -0.085132
1.71247 0.914286 -0.834193 -0.0541941 -0.0844845
1.72104 0.922858 -0.834661 -0.0549155 -0.083837
1.72961 0.931429 -0.835135 -0.0556314 -0.0831894
1.73818 0.94 -0.835615 -0.0563416 -0.0825419
1.74675 0.948572 -0.836101 -0.0570464 -0.0818944
1.75532 0.957143 -0.836593 -0.0577455 -0.0812468
1.76389 0.965715 -0.837091 -0.0584392 -0.0805993
1.77247 0.974286 -0.837594 -0.0591272 -0.0799518
1.78104 0.982858 -0.838104 -0.0598098 -0.0793042
1.78961 0.991429 -0.83862 -0.0604867 -0.0786567
1.79818 1 -0.839141 -0.0611582 -0.0780094
1.80675 1.00857 -0.839668 -0.061842 -0.0815545
1.81532 1.01714 -0.840201 -0.0625562 -0.0850996
1.82389 1.02571 -0.840741 -0.0633009 -0.0886447
1.83247 1.03429 -0.841287 -0.0640759 -0.0921898
1.84104 1.04286 -0.841839 -0.0648813 -0.095735
1.84961 1.05143 -0.842399 -0.065717 -0.0992801
1.85818 1.06 -0.842966 -0.0665832 -0.102825
1.86675 1.06857 -0.84354 -0.0674797 -0.10637
1.87532 1.07714 -0.844123 -0.0684067 -0.109915
1.88389 1.08571 -0.844713 -0.069364 -0.113461
1.89247 1.09429 -0.845312 -0.0703517 -0.117006
1.90104 1.10286 -0.845919 -0.0713698 -0.120551
1.90961 1.11143 -0.846535 -0.0724183 -0.124096
1.91818 1.12 -0.847161 -0.0734972 -0.127641
1.92675 1.12857 -0.847795 -0.0746064 -0.131186
1.93532 1.13714 -0.84844 -0.0757461 -0.134731
1.94389 1.14571 -0.849094 -0.0769146 -0.137204
1.95247 1.15429 -0.849758 -0.078092 -0.137531
1.96104 1.16286 -0.850433 -0.0792723 -0.137858
1.96961 1.17143 -0.851117 -0.0804553 -0.138184
1.97818 1.18 -0.851812 -0.0816411 -0.138511
1.98675 1.18857 -0.852517 -0.0828298 -0.138838
1.99532 1.19714 -0.853232 -0.0840212 -0.139165
2.00389 1.20571 -0.853957 -0.0852155 -0.139492
2.01247 1.21429 -0.854693 -0.0864125 -0.139818
2.02104 1.22286 -0.855439 -0.0876123 -0.140145
2.02961 1.23143 -0.856195 -0.088815 -0.140472
2.03818 1.24 -0.856961 -0.0900204 -0.140799
2.04675 1.24857 -0.857738 -0.0912287 -0.141125
2.05532 1.25714 -0.858525 -0.0924397 -0.141452
2.06389 1.26571 -0.859323 -0.0936536 -0.141779
2.07247 1.27429 -0.860131 -0.0948702 -0.142106
2.08104 1.28286 -0.860949 -0.0960897 -0.142432
2.08961 1.29143 -0.861778 -0.0973084 -0.141519
2.09818 1.3 -0.862617 -0.0985148 -0.139985
2.10675 1.30857 -0.863467 -0.0997081 -0.138452
2.11532 1.31714 -0.864326 -0.100888 -0.136918
2.12389 1.32571 -0.865196 -0.102055 -0.135384
2.13247 1.33429 -0.866076 -0.103209 -0.133851
2.14104 1.34286 -0.866965 -0.10435 -0.132317
2.14961 1.35143 -0.867865 -0.105477 -0.130784
2.15818 1.36 -0.868774 -0.106592 -0.12925
2.16675 1.36857 -0.869692 -0.107693 -0.127717
2.17532 1.37714 -0.87062 -0.108781 -0.126183
2.18389 1.38571 -0.871557 -0.109856 -0.124649
2.19247 1.39429 -0.872503 -0.110918 -0.123116
2.20104 1.40286 -0.873458 -0.111967 -0.121582
2.20961 1.41143 -0.874422 -0.113002 -0.120049
2.21818 1.42 -0.875395 -0.114025 -0.118515
2.22675 1.42857 -0.876377 -0.115034 -0.116982
2.23532 1.43714 -0.877367 -0.116043 -0.118338
2.24389 1.44571 -0.878366 -0.117063 -0.119694
2.25247 1.45429 -0.879374 -0.118095 -0.12105
2.26104 1.46286 -0.880391 -0.119138 -0.122406
2.26961 1.47143 -0.881417 -0.120193 -0.123763
2.27818 1.48 -0.882451 -0.12126 -0.125119
2.28675 1.48857 -0.883495 -0.122338 -0.126475
2.29532 1.49714 -0.884549 -0.123428 -0.127831
2.30389 1.50571 -0.885611 -0.124529 -0.129187
2.31247 1.51429 -0.886683 -0.125642 -0.130544
2.32104 1.52286 -0.887765 -0.126767 -0.1319
2.32961 1.53143 -0.888857 -0.127903 -0.133256
2.33818 1.54 -0.889958 -0.129051 -0.134612
2.34675 1.54857 -0.891069 -0.130211 -0.135968
2.35532 1.55714 -0.89219 -0.131382 -0.137325
2.36389 1.56571 -0.893321 -0.132565 -0.138681
2.37247 1.57429 -0.894463 -0.133759 -0.139849
2.38104 1.58286 -0.895614 -0.134962 -0.140641
2.38961 1.59143 -0.896776 -0.13617 -0.141433
2.39818 1.6 -0.897949 -0.137386 -0.142225
2.40675 1.60857 -0.899131 -0.138609 -0.143018
2.41532 1.61714 -0.900325 -0.139838 -0.14381
2.42389 1.62571 -0.901529 -0.141074 -0.144602
2.43247 1.63429 -0.902743 -0.142317 -0.145394
2.44104 1.64286 -0.903968 -0.143566 -0.146186
2.44961 1.65143 -0.905204 -0.144823 -0.146978
2.45818 1.66 -0.906451 -0.146086 -0.14777
2.46675 1.66857 -0.907709 -0.147356 -0.148563
2.47532 1.67714 -0.908977 -0.148633 -0.149355
2.48389 1.68571 -0.910257 -0.149916 -0.150147
2.49247 1.69429 -0.911547 -0.151207 -0.150939
2.50104 1.70286 -0.912849 -0.152504 -0.151731
2.50961 1.71143 -0.914162 -0.153808 -0.152523
2.51818 1.72 -0.915486 -0.155109 -0.149836
2.52675 1.72857 -0.916821 -0.156374 -0.145406
2.53532 1.73714 -0.918166 -0.157601 -0.140977
2.54389 1.74571 -0.919522 -0.158791 -0.136547
2.55247 1.75429 -0.920888 -0.159942 -0.132117
2.56104 1.76286 -0.922264 -0.161056 -0.127688
2.56961 1.77143 -0.923649 -0.162131 -0.123258
2.57818 1.78 -0.925043 -0.163169 -0.118829
2.58675 1.78857 -0.926446 -0.164168 -0.114399
2.59532 1.79714 -0.927857 -0.16513 -0.10997
2.60389 1.80571 -0.929277 -0.166053 -0.10554
2.61247 1.81429 -0.930704 -0.166939 -0.101111
2.62104 1.82286 -0.932138 -0.167787 -0.0966813
2.62961 1.83143 -0.93358 -0.168596 -0.0922518
2.63818 1.84 -0.935029 -0.169368 -0.0878223
2.64675 1.84857 -0.936484 -0.170102 -0.0833928
2.65532 1.85714 -0.937945 -0.170798 -0.0789632
2.66389 1.86571 -0.939411 -0.171491 -0.0828616
2.67247 1.87429 -0.940884 -0.172218 -0.0867626
2.68104 1.88286 -0.942364 -0.172979 -0.0906637
2.68961 1.89143 -0.94385 -0.173772 -0.0945647
2.69818 1.9 -0.945343 -0.1746 -0.0984657
2.70675 1.90857 -0.946843 -0.17546 -0.102367
2.71532 1.91714 -0.948351 -0.176355 -0.106268
2.72389 1.92571 -0.949866 -0.177282 -0.110169
2.73247 1.93429 -0.95139 -0.178243 -0.11407
2.74104 1.94286 -0.952922 -0.179238 -0.117971
2.74961 1.95143 -0.954463 -0.180266 -0.121872
2.75818 1.96 -0.956013 -0.181327 -0.125773
2.76675 1.96857 -0.957571 -0.182422 -0.129674
2.77532 1.97714 -0.95914 -0.18355 -0.133575
2.78389 1.98571 -0.960718 -0.184712 -0.137476
2.79247 1.99429 -0.962306 -0.185907 -0.141377
2.80104 2.00286 -0.963905 -0.187132 -0.143048
2.80961 2.01143 -0.965514 -0.188346 -0.140259
2.81818 2.02 -0.967134 -0.189536 -0.137471
2.82675 2.02857 -0.968763 -0.190703 -0.134682
2.83532 2.03714 -0.970403 -0.191845 -0.131893
2.84389 2.04571 -0.972052 -0.192964 -0.129105
2.85247 2.05429 -0.973711 -0.194058 -0.126316
2.86104 2.06286 -0.975379 -0.195129 -0.123527
2.86961 2.07143 -0.977056 -0.196176 -0.120739
2.87818 2.08 -0.978742 -0.197199 -0.11795
2.88675 2.08857 -0.980436 -0.198198 -0.115161
2.89532 2.09714 -0.982139 -0.199173 -0.112373
2.90389 2.10571 -0.983851 -0.200124 -0.109584
2.91247 2.11429 -0.98557 -0.201052 -0.106796
2.92104 2.12286 -0.987297 -0.201955 -0.104007
2.92961 2.13143 -0.989032 -0.202835 -0.101218
2.93818 2.14 -0.990774 -0.20369 -0.0984296
2.94675 2.14857 -0.992524 -0.204528 -0.097666
2.95532 2.15714 -0.994281 -0.205366 -0.0979158
2.96389 2.16571 -0.996044 -0.206206 -0.0981656
2.97247 2.17429 -0.997815 -0.207049 -0.0984153
2.98104 2.18286 -0.999594 -0.207894 -0.0986651
2.98961 2.19143 -1.00138 -0.20874 -0.0989149
2.99818 2.2 -1.00317 -0.209589 -0.0991646
3.00675 2.20857 -1.00497 -0.21044 -0.0994144
3.01532 2.21714 -1.00678 -0.211294 -0.0996642
3.02389 2.22571 -1.00859 -0.212149 -0.099914
3.03247 2.23429 -1.01042 -0.213006 -0.100164
3.04104 2.24286 -1.01225 -0.213866 -0.100413
3.04961 2.25143 -1.01408 -0.214728 -0.100663
3.05818 2.26 -1.01593 -0.215592 -0.100913
3.06675 2.26857 -1.01778 -0.216458 -0.101163
3.07532 2.27714 -1.01964 -0.217326 -0.101413
3.08389 2.28571 -1.0215 -0.218196 -0.101662
3.09247 2.29429 -1.02338 -0.219064 -0.100927
3.10104 2.30286 -1.02526 -0.219926 -0.100193
3.10961 2.31143 -1.02715 -0.220782 -0.0994579
3.11818 2.32 -1.02904 -0.221631 -0.0987231
3.12675 2.32857 -1.03095 -0.222474 -0.0979884
3.13532 2.33714 -1.03286 -0.223311 -0.0972536
3.14389 2.34571 -1.03478 -0.224142 -0.0965188
3.15247 2.35429 -1.0367 -0.224966 -0.0957841
3.16104 2.36286 -1.03863 -0.225784 -0.0950493
3.16961 2.37143 -1.04057 -0.226595 -0.0943145
3.17818 2.38 -1.04252 -0.2274 -0.0935798
3.18675 2.38857 -1.04447 -0.228199 -0.092845
3.19532 2.39714 -1.04643 -0.228992 -0.0921103
3.20389 2.40571 -1.0484 -0.229778 -0.0913755
3.21247 2.41429 -1.05037 -0.230558 -0.0906407
3.22104 2.42286 -1.05235 -0.231332 -0.089906
3.22961 2.43143 -1.05433 -0.2321 -0.0891631
3.23818 2.44 -1.05633 -0.232861 -0.088404
3.24675 2.44857 -1.05833 -0.233615 -0.0876449
3.25532 2.45714 -1.06033 -0.234363 -0.0868859
3.26389 2.46571 -1.06234 -0.235105 -0.0861268
3.27247 2.47429 -1.06436 -0.23584 -0.0853677
3.28104 2.48286 -1.06639 -0.236568 -0.0846086
3.28961 2.49143 -1.06842 -0.23729 -0.0838495
3.29818 2.5 -1.07045 -0.238006 -0.0830905
3.30675 2.50857 -1.0725 -0.238714 -0.0823314
3.31532 2.51714 -1.07455 -0.239417 -0.0815723
3.32389 2.52571 -1.0766 -0.240113 -0.0808132
3.33247 2.53429 -1.07866 -0.240802 -0.0800541
3.34104 2.54286 -1.08073 -0.241485 -0.0792951
3.34961 2.55143 -1.0828 -0.242162 -0.078536
3.35818 2.56 -1.08488 -0.242832 -0.0777769
3.36675 2.56857 -1.08696 -0.243495 -0.0770178
3.37532 2.57714 -1.08905 -0.244152 -0.0763748
3.38389 2.58571 -1.09115 -0.244804 -0.0757898
3.39247 2.59429 -1.09325 -0.245451 -0.0752047
3.40104 2.60286 -1.09536 -0.246094 -0.0746197
3.40961 2.61143 -1.09747 -0.246731 -0.0740347
3.41818 2.62 -1.09959 -0.247363 -0.0734496
3.42675 2.62857 -1.10171 -0.24799 -0.0728646
3.43532 2.63714 -1.10384 -0.248612 -0.0722796
3.44389 2.64571 -1.10597 -0.249229 -0.0716945
3.45247 2.65429 -1.10811 -0.249841 -0.0711095
3.46104 2.66286 -1.11026 -0.250448 -0.0705245
3.46961 2.67143 -1.1124 -0.25105 -0.0699394
3.47818 2.68 -1.11456 -0.251647 -0.0693544
3.48675 2.68857 -1.11672 -0.252239 -0.0687694
3.49532 2.69714 -1.11888 -0.252826 -0.0681843
3.50389 2.70571 -1.12105 -0.253408 -0.0675993
3.51247 2.71429 -1.12323 -0.253985 -0.0670143
3.52104 2.72286 -1.12541 -0.254556 -0.066228
3.52961 2.73143 -1.12759 -0.25512 -0.0654418
3.53818 2.74 -1.12978 -0.255677 -0.0646555
3.54675 2.74857 -1.13197 -0.256228 -0.0638692
3.55532 2.75714 -1.13417 -0.256772 -0.063083
3.56389 2.76571 -1.13638 -0.25731 -0.0622967
3.57247 2.77429 -1.13858 -0.25784 -0.0615104
3.58104 2.78286 -1.1408 -0.258364 -0.0607242
3.58961 2.79143 -1.14301 -0.258881 -0.0599379
3.59818 2.8 -1.14523 -0.259392 -0.0591516
3.60675 2.80857 -1.14746 -0.259895 -0.0583654
3.61532 2.81714 -1.14969 -0.260392 -0.0575791
3.62389 2.82571 -1.15192 -0.260882 -0.0567928
3.63247 2.83429 -1.15416 -0.261366 -0.0560066
3.64104 2.84286 -1.1564 -0.261843 -0.0552203
3.64961 2.85143 -1.15865 -0.262312 -0.054434
3.65818 2.86 -1.1609 -0.262775 -0.053271
3.66675 2.86857 -1.16316 -0.263224 -0.0513534
3.67532 2.87714 -1.16541 -0.263655 -0.0494358
3.68389 2.88571 -1.16767 -0.264071 -0.0475181
3.69247 2.89429 -1.16994 -0.26447 -0.0456005
3.70104 2.90286 -1.17221 -0.264853 -0.0436829
3.70961 2.91143 -1.17448 -0.265219 -0.0417653
3.71818 2.92 -1.17676 -0.265569 -0.0398477
3.72675 2.92857 -1.17903 -0.265902 -0.0379301
3.73532 2.93714 -1.18131 -0.266219 -0.0360124
3.74389 2.94571 -1.1836 -0.266519 -0.0340948
3.75247 2.95429 -1.18588 -0.266803 -0.0321772
3.76104 2.96286 -1.18817 -0.267071 -0.0302596
3.76961 2.97143 -1.19046 -0.267322 -0.028342
3.77818 2.98 -1.19275 -0.267557 -0.0264244
3.78675 2.98857 -1.19505 -0.267775 -0.0245067
3.79532 2.99714 -1.19734 -0.267977 -0.0225891
3.80389 3.00571 -1.19964 -0.268171 -0.0237023
3.81247 3.01429 -1.20194 -0.268385 -0.0263306
3.82104 3.02286 -1.20424 -0.268622 -0.0289589
3.82961 3.03143 -1.20655 -0.268882 -0.0315873
3.83818 3.04 -1.20885 -0.269164 -0.0342156
3.84675 3.04857 -1.21116 -0.269468 -0.0368439
3.85532 3.05714 -1.21347 -0.269796 -0.0394722
3.86389 3.06571 -1.21579 -0.270145 -0.0421006
3.87247 3.07429 -1.2181 -0.270517 -0.0447289
3.88104 3.08286 -1.22042 -0.270912 -0.0473572
3.88961 3.09143 -1.22275 -0.271329 -0.0499855
3.89818 3.1 -1.22507 -0.271769 -0.0526138
3.90675 3.10857 -1.22741 -0.272231 -0.0552422
3.91532 3.11714 -1.22974 -0.272716 -0.0578705
3.92389 3.12571 -1.23208 -0.273223 -0.0604988
3.93247 3.13429 -1.23442 -0.273753 -0.0631271
3.94104 3.14286 -1.23677 -0.274305 -0.0657554
3.94961 3.15143 -1.23913 -0.274849 -0.0610541
3.95818 3.16 -1.24149 -0.275352 -0.0563515
3.96675 3.16857 -1.24385 -0.275815 -0.0516489
3.97532 3.17714 -1.24621 -0.276237 -0.0469463
3.98389 3.18571 -1.24858 -0.27662 -0.0422437
3.99247 3.19429 -1.25096 -0.276962 -0.0375411
4.00104 3.20286 -1.25333 -0.277263 -0.0328385
4.00961 3.21143 -1.25571 -0.277524 -0.0281359
4.01818 3.22 -1.25809 -0.277745 -0.0234333
4.02675 3.22857 -1.26047 -0.277926 -0.0187307
4.03532 3.23714 -1.26285 -0.278067 -0.0140281
4.04389 3.24571 -1.26524 -0.278167 -0.00932548
4.05247 3.25429 -1.26762 -0.278226 -0.00462288
4.06104 3.26286 -1.27001 -0.278246 7.97275e-05
4.06961 3.27143 -1.27239 -0.278225 0.00478233
4.07818 3.28 -1.27478 -0.278164 0.00948494
4.08675 3.28857 -1.27716 -0.278066 0.0115686
4.09532 3.29714 -1.27954 -0.277981 0.00841871
4.10389 3.30571 -1.28192 -0.277922 0.00526886
4.11247 3.31429 -1.28431 -0.27789 0.002119
4.12104 3.32286 -1.28669 -0.277886 -0.00103085
4.12961 3.33143 -1.28907 -0.277908 -0.00418071
4.13818 3.34 -1.29145 -0.277957 -0.00733056
4.14675 3.34857 -1.29384 -0.278034 -0.0104804
4.15532 3.35714 -1.29622 -0.278137 -0.0136303
4.16389 3.36571 -1.2986 -0.278267 -0.0167801
4.17247 3.37429 -1.30099 -0.278425 -0.01993
4.18104 3.38286 -1.30338 -0.278609 -0.0230798
4.18961 3.39143 -1.30577 -0.27882 -0.0262297
4.19818 3.4 -1.30816 -0.279059 -0.0293796
4.20675 3.40857 -1.31055 -0.279324 -0.0325294
4.21532 3.41714 -1.31294 -0.279616 -0.0356793
4.22389 3.42571 -1.31534 -0.279936 -0.0388291
4.23247 3.43429 -1.31774 -0.280268 -0.0372128
4.24104 3.44286 -1.32015 -0.28057 -0.0332131
4.24961 3.45143 -1.32255 -0.280838 -0.0292134
4.25818 3.46 -1.32496 -0.281071 -0.0252137
4.26675 3.46857 -1.32737 -0.28127 -0.021214
4.27532 3.47714 -1.32978 -0.281435 -0.0172143
4.28389 3.48571 -1.3322 -0.281565 -0.0132146
4.29247 3.49429 -1.33461 -0.281661 -0.00921488
4.30104 3.50286 -1.33702 -0.281723 -0.00521517
4.30961 3.51143 -1.33944 -0.28175 -0.00121547
4.31818 3.52 -1.34185 -0.281744 0.00278423
4.32675 3.52857 -1.34427 -0.281703 0.00678394
4.33532 3.53714 -1.34668 -0.281627 0.0107836
4.34389 3.54571 -1.3491 -0.281518 0.0147833
4.35247 3.55429 -1.35151 -0.281374 0.0187831
4.36104 3.56286 -1.35392 -0.281196 0.0227828
4.36961 3.57143 -1.35633 -0.280983 0.0267825
4.37818 3.58 -1.35874 -0.280753 0.0270068
4.38675 3.58857 -1.36114 -0.28052 0.027231
4.39532 3.59714 -1.36355 -0.280286 0.0274553
4.40389 3.60571 -1.36595 -0.28005 0.0276795
4.41247 3.61429 -1.36835 -0.279812 0.0279038
4.42104 3.62286 -1.37074 -0.279571 0.0281281
4.42961 3.63143 -1.37314 -0.279329 0.0283523
4.43818 3.64 -1.37553 -0.279085 0.0285766
4.44675 3.64857 -1.37792 -0.27884 0.0288008
4.45532 3.65714 -1.38031 -0.278592 0.0290251
4.46389 3.66571 -1.3827 -0.278342 0.0292493
4.47247 3.67429 -1.38508 -0.27809 0.0294736
4.48104 3.68286 -1.38747 -0.277837 0.0296979
4.48961 3.69143 -1.38985 -0.277581 0.0299221
4.49818 3.7 -1.39223 -0.277324 0.0301464
4.50675 3.70857 -1.3946 -0.277064 0.0303706
4.51532 3.71714 -1.39698 -0.276805 0.029554
4.52389 3.72571 -1.39935 -0.276564 0.0266534
4.53247 3.73429 -1.40172 -0.276348 0.0237528
4.54104 3.74286 -1.40408 -0.276156 0.0208522
4.54961 3.75143 -1.40645 -0.27599 0.0179516
4.55818 3.76 -1.40882 -0.275849 0.015051
4.56675 3.76857 -1.41118 -0.275732 0.0121504
4.57532 3.77714 -1.41354 -0.27564 0.00924977
4.58389 3.78571 -1.41591 -0.275574 0.00634917
4.59247 3.79429 -1.41827 -0.275532 0.00344857
4.60104 3.80286 -1.42063 -0.275514 0.000547964
4.60961 3.81143 -1.42299 -0.275522 -0.00235264
4.61818 3.82 -1.42535 -0.275555 -0.00525324
4.62675 3.82857 -1.42771 -0.275612 -0.00815384
4.63532 3.83714 -1.43008 -0.275695 -0.0110544
4.64389 3.84571 -1.43244 -0.275802 -0.013955
4.65247 3.85429 -1.4348 -0.275934 -0.0168557
4.66104 3.86286 -1.43717 -0.27607 -0.0123433
4.66961 3.87143 -1.43954 -0.27614 -0.00411905
4.67818 3.88 -1.4419 -0.27614 0.00410523
4.68675 3.88857 -1.44427 -0.27607 0.0123295
4.69532 3.89714 -1.44664 -0.275929 0.0205538
4.70389 3.90571 -1.449 -0.275717 0.0287781
4.71247 3.91429 -1.45136 -0.275435 0.0370024
4.72104 3.92286 -1.45372 -0.275083 0.0452266
4.72961 3.93143 -1.45608 -0.27466 0.0534509
4.73818 3.94 -1.45843 -0.274167 0.0616752
4.74675 3.94857 -1.46078 -0.273603 0.0698995
4.75532 3.95714 -1.46312 -0.272968 0.0781238
4.76389 3.96571 -1.46546 -0.272264 0.0863481
4.77247 3.97429 -1.46779 -0.271488 0.0945723
4.78104 3.98286 -1.47011 -0.270642 0.102797
4.78961 3.99143 -1.47243 -0.269726 0.111021
4.79818 4 -1.47474 -0.268739 0.119245
4.80675 4.00857 -1.47703 -0.267743 0.113177
4.81532 4.01714 -1.47933 -0.266799 0.107109
4.82389 4.02571 -1.48161 -0.265907 0.101041
4.83247 4.03429 -1.48388 -0.265067 0.0949726
4.84104 4.04286 -1.48615 -0.264279 0.0889046
4.84961 4.05143 -1.48841 -0.263543 0.0828366
4.85818 4.06 -1.49067 -0.262859 0.0767686
4.86675 4.06857 -1.49292 -0.262227 0.0707005
4.87532 4.07714 -1.49517 -0.261647 0.0646325
4.88389 4.08571 -1.49741 -0.261119 0.0585645
4.89247 4.09429 -1.49964 -0.260643 0.0524965
4.90104 4.10286 -1.50187 -0.260219 0.0464285
4.90961 4.11143 -1.5041 -0.259847 0.0403605
4.91818 4.12 -1.50633 -0.259527 0.0342925
4.92675 4.12857 -1.50855 -0.259259 0.0282244
4.93532 4.13714 -1.51077 -0.259043 0.0221564
4.94389 4.14571 -1.51299 -0.258873 0.0201853
4.95247 4.15429 -1.51521 -0.258674 0.0264146
4.96104 4.16286 -1.51743 -0.25842 0.0326439
4.96961 4.17143 -1.51964 -0.258114 0.0388732
4.97818 4.18 -1.52185 -0.257754 0.0451025
4.98675 4.18857 -1.52406 -0.257341 0.0513318
4.99532 4.19714 -1.52626 -0.256874 0.0575611
5.00389 4.20571 -1.52846 -0.256354 0.0637904
5.01247 4.21429 -1.53066 -0.255781 0.0700197
5.02104 4.22286 -1.53285 -0.255154 0.0762491
5.02961 4.23143 -1.53503 -0.254473 0.0824784
5.03818 4.24 -1.53721 -0.25374 0.0887077
5.04675 4.24857 -1.53938 -0.252953 0.094937
5.05532 4.25714 -1.54155 -0.252112 0.101166
5.06389 4.26571 -1.5437 -0.251218 0.107396
5.07247 4.27429 -1.54585 -0.250271 0.113625
5.08104 4.28286 -1.54799 -0.249271 0.119854
5.08961 4.29143 -1.55013 -0.248236 0.11933
5.09818 4.3 -1.55225 -0.24723 0.115432
5.10675 4.30857 -1.55436 -0.246257 0.111534
5.11532 4.31714 -1.55647 -0.245318 0.107636
5.12389 4.32571 -1.55857 -0.244412 0.103739
5.13247 4.33429 -1.56066 -0.243539 0.0998407
5.14104 4.34286 -1.56274 -0.2427 0.0959428
5.14961 4.35143 -1.56482 -0.241895 0.0920449
5.15818 4.36 -1.56689 -0.241122 0.088147
5.16675 4.36857 -1.56896 -0.240384 0.0842491
5.17532 4.37714 -1.57101 -0.239678 0.0803512
5.18389 4.38571 -1.57306 -0.239006 0.0764533
5.19247 4.39429 -1.57511 -0.238367 0.0725554
5.20104 4.40286 -1.57715 -0.237762 0.0686575
5.20961 4.41143 -1.57919 -0.237191 0.0647596
5.21818 4.42 -1.58122 -0.236652 0.0608617
5.22675 4.42857 -1.58324 -0.236147 0.0569638
5.23532 4.43714 -1.58526 -0.235662 0.0562759
5.24389 4.44571 -1.58728 -0.235182 0.0555882
5.25247 4.45429 -1.5893 -0.234709 0.0549004
5.26104 4.46286 -1.59131 -0.234241 0.0542127
5.26961 4.47143 -1.59331 -0.23378 0.0535249
5.27818 4.48 -1.59531 -0.233324 0.0528372
5.28675 4.48857 -1.59731 -0.232874 0.0521495
5.29532 4.49714 -1.59931 -0.23243 0.0514617
5.30389 4.50571 -1.6013 -0.231992 0.050774
5.31247 4.51429 -1.60328 -0.231559 0.0500862
5.32104 4.52286 -1.60527 -0.231133 0.0493985
5.32961 4.53143 -1.60725 -0.230712 0.0487107
5.33818 4.54 -1.60922 -0.230298 0.048023
5.34675 4.54857 -1.61119 -0.229889 0.0473352
5.35532 4.55714 -1.61316 -0.229486 0.0466475
5.36389 4.56571 -1.61513 -0.22909 0.0459597
5.37247 4.57429 -1.61709 -0.228695 0.0480815
5.38104 4.58286 -1.61905 -0.228249 0.0558227
5.38961 4.59143 -1.621 -0.227738 0.063564
5.39818 4.6 -1.62295 -0.22716 0.0713052
5.40675 4.60857 -1.6249 -0.226515 0.0790464
5.41532 4.61714 -1.62683 -0.225804 0.0867877
5.42389 4.62571 -1.62877 -0.225027 0.0945289
5.43247 4.63429 -1.63069 -0.224184 0.10227
5.44104 4.64286 -1.63261 -0.223274 0.110011
5.44961 4.65143 -1.63452 -0.222298 0.117753
5.45818 4.66 -1.63642 -0.221256 0.125494
5.46675 4.66857 -1.63831 -0.220147 0.133235
5.47532 4.67714 -1.64019 -0.218972 0.140976
5.48389 4.68571 -1.64207 -0.21773 0.148717
5.49247 4.69429 -1.64393 -0.216422 0.156459
5.50104 4.70286 -1.64578 -0.215048 0.1642
5.50961 4.71143 -1.64761 -0.213607 0.171941
5.51818 4.72 -1.64944 -0.212126 0.170819
5.52675 4.72857 -1.65125 -0.210685 0.16526
5.53532 4.73714 -1.65305 -0.209293 0.159702
5.54389 4.74571 -1.65484 -0.207948 0.154143
5.55247 4.75429 -1.65661 -0.20665 0.148584
5.56104 4.76286 -1.65838 -0.2054 0.143026
5.56961 4.77143 -1.66014 -0.204198 0.137467
5.57818 4.78 -1.66188 -0.203044 0.131909
5.58675 4.78857 -1.66362 -0.201937 0.12635
5.59532 4.79714 -1.66534 -0.200878 0.120791
5.60389 4.80571 -1.66706 -0.199866 0.115233
5.61247 4.81429 -1.66877 -0.198902 0.109674
5.62104 4.82286 -1.67047 -0.197986 0.104115
5.62961 4.83143 -1.67216 -0.197118 0.0985569
5.63818 4.84 -1.67385 -0.196297 0.0929982
5.64675 4.84857 -1.67553 -0.195523 0.0874396
5.65532 4.85714 -1.6772 -0.194798 0.081881
5.66389 4.86571 -1.67887 -0.194092 0.0827102
5.67247 4.87429 -1.68053 -0.19338 0.0835415
5.68104 4.88286 -1.68218 -0.19266 0.0843728
5.68961 4.89143 -1.68383 -0.191933 0.0852042
5.69818 4.9 -1.68547 -0.191199 0.0860355
5.70675 4.90857 -1.68711 -0.190458 0.0868669
5.71532 4.91714 -1.68874 -0.18971 0.0876982
5.72389 4.92571 -1.69036 -0.188955 0.0885295
5.73247 4.93429 -1.69198 -0.188193 0.0893609
5.74104 4.94286 -1.69359 -0.187423 0.0901922
5.74961 4.95143 -1.69519 -0.186647 0.0910235
5.75818 4.96 -1.69679 -0.185863 0.0918549
5.76675 4.96857 -1.69838 -0.185072 0.0926862
5.77532 4.97714 -1.69996 -0.184274 0.0935175
5.78389 4.98571 -1.70154 -0.183469 0.0943489
5.79247 4.99429 -1.7031 -0.182656 0.0951802
5.80104 5.00286 -1.70467 -0.181841 0.0935721
5.80961 5.01143 -1.70622 -0.181066 0.087086
5.81818 5.02 -1.70777 -0.180348 0.0805998
5.82675 5.02857 -1.70931 -0.179685 0.0741137
5.83532 5.03714 -1.71085 -0.179077 0.0676275
5.84389 5.04571 -1.71238 -0.178525 0.0611414
5.85247 5.05429 -1.71391 -0.178029 0.0546552
5.86104 5.06286 -1.71544 -0.177588 0.0481691
5.86961 5.07143 -1.71696 -0.177203 0.0416829
5.87818 5.08 -1.71847 -0.176874 0.0351967
5.88675 5.08857 -1.71999 -0.1766 0.0287106
5.89532 5.09714 -1.7215 -0.176382 0.0222244
5.90389 5.10571 -1.72301 -0.176219 0.0157383
5.91247 5.11429 -1.72452 -0.176112 0.00925212
5.92104 5.12286 -1.72603 -0.17606 0.00276597
5.92961 5.13143 -1.72754 -0.176064 -0.00372018
5.93818 5.14 -1.72905 -0.176124 -0.0102063
5.94675 5.14857 -1.73056 -0.176217 -0.00875008
5.95532 5.15714 -1.73207 -0.176268 -0.00331929
5.96389 5.16571 -1.73358 -0.176274 0.0021115
5.97247 5.17429 -1.73509 -0.176232 0.00754228
5.98104 5.18286 -1.7366 -0.176144 0.0129731
5.98961 5.19143 -1.73811 -0.17601 0.0184039
5.99818 5.2 -1.73962 -0.175829 0.0238346
6.00675 5.20857 -1.74113 -0.175601 0.0292654
6.01532 5.21714 -1.74263 -0.175327 0.0346962
6.02389 5.22571 -1.74413 -0.175006 0.040127
6.03247 5.23429 -1.74563 -0.174639 0.0455578
6.04104 5.24286 -1.74713 -0.174225 0.0509886
6.04961 5.25143 -1.74862 -0.173765 0.0564194
6.05818 5.26 -1.7501 -0.173258 0.0618502
6.06675 5.26857 -1.75159 -0.172705 0.067281
6.07532 5.27714 -1.75306 -0.172105 0.0727117
6.08389 5.28571 -1.75454 -0.171458 0.078142
6.09247 5.29429 -1.756 -0.170778 0.080682
6.10104 5.30286 -1.75746 -0.170075 0.0832219
6.10961 5.31143 -1.75892 -0.169351 0.0857619
6.11818 5.32 -1.76037 -0.168605 0.0883018
6.12675 5.32857 -1.76181 -0.167837 0.0908417
6.13532 5.33714 -1.76325 -0.167048 0.0933817
6.14389 5.34571 -1.76467 -0.166236 0.0959216
6.15247 5.35429 -1.76609 -0.165403 0.0984616
6.16104 5.36286 -1.76751 -0.164548 0.101002
6.16961 5.37143 -1.76892 -0.163672 0.103541
6.17818 5.38 -1.77031 -0.162773 0.106081
6.18675 5.38857 -1.77171 -0.161853 0.108621
6.19532 5.39714 -1.77309 -0.160911 0.111161
6.20389 5.40571 -1.77446 -0.159948 0.113701
6.21247 5.41429 -1.77583 -0.158962 0.116241
6.22104 5.42286 -1.77719 -0.157955 0.118781
6.22961 5.43143 -1.77854 -0.156952 0.10313
6.23818 5.44 -1.77988 -0.156291 0.0510919
6.24675 5.44857 -1.78122 -0.156076 -0.000946476
6.25532 5.45714 -1.78256 -0.156307 -0.0529849
6.26389 5.46571 -1.7839 -0.156984 -0.105023
6.27247 5.47429 -1.78525 -0.158108 -0.157062
6.28104 5.48286 -1.78661 -0.159677 -0.2091
6.28961 5.49143 -1.78799 -0.161692 -0.261139
6.29818 5.5 -1.78939 -0.164154 -0.313177
6.30675 5.50857 -1.7908 -0.167061 -0.365215
6.31532 5.51714 -1.79225 -0.170414 -0.417254
6.32389 5.52571 -1.79373 -0.174214 -0.469292
6.33247 5.53429 -1.79524 -0.178459 -0.521331
6.34104 5.54286 -1.79679 -0.183151 -0.573369
6.34961 5.55143 -1.79838 -0.188289 -0.625408
6.35818 5.56 -1.80002 -0.193872 -0.677446
6.36675 5.56857 -1.8017 -0.199902 -0.729484
6.37532 5.57714 -1.80344 -0.205965 -0.636977
6.38389 5.58571 -1.80523 -0.210718 -0.47219
6.39247 5.59429 -1.80705 -0.214059 -0.307403
6.40104 5.60286 -1.8089 -0.215988 -0.142616
6.40961 5.61143 -1.81075 -0.216504 0.022171
6.41818 5.62 -1.8126 -0.215608 0.186958
6.42675 5.62857 -1.81444 -0.213299 0.351745
6.43532 5.63714 -1.81626 -0.209578 0.516532
6.44389 5.64571 -1.81803 -0.204444 0.681319
6.45247 5.65429 -1.81976 -0.197898 0.846106
6.46104 5.66286 -1.82142 -0.18994 1.01089
6.46961 5.67143 -1.82301 -0.180569 1.17568
6.47818 5.68 -1.82451 -0.169785 1.34047
6.48675 5.68857 -1.82592 -0.157589 1.50525
6.49532 5.69714 -1.82721 -0.143981 1.67004
6.50389 5.70571 -1.82838 -0.12896 1.83483
6.51247 5.71429 -1.82942 -0.112527 1.99962
6.52104 5.72286 -1.83031 -0.097951 1.40119
6.52961 5.73143 -1.83111 -0.0885062 0.802588
6.53818 5.74 -1.83185 -0.0841923 0.203983
6.54675 5.74857 -1.83257 -0.0850094 -0.394622
6.55532 5.75714 -1.83332 -0.0909573 -0.993227
6.56389 5.76571 -1.83414 -0.102036 -1.59183
6.57247 5.77429 -1.83508 -0.118246 -2.19044
6.58104 5.78286 -1.83618 -0.139586 -2.78904
6.58961 5.79143 -1.83749 -0.166058 -3.38765
6.59818 5.8 -1.83904 -0.19766 -3.98625
6.60675 5.80857 -1.84089 -0.234394 -4.58486
6.61532 5.81714 -1.84308 -0.276258 -5.18346
6.62389 5.82571 -1.84564 -0.323253 -5.78207
6.63247 5.83429 -1.84863 -0.375379 -6.38067
6.64104 5.84286 -1.85209 -0.432636 -6.97928
6.64961 5.85143 -1.85606 -0.495024 -7.57788
6.65818 5.86 -1.86059 -0.5617 -7.58577
6.66675 5.86857 -1.86567 -0.621683 -6.41043
6.67532 5.87714 -1.87122 -0.671593 -5.23508
6.68389 5.88571 -1.87716 -0.711428 -4.05973
6.69247 5.89429 -1.88339 -0.741188 -2.88439
6.70104 5.90286 -1.88983 -0.760874 -1.70904
6.70961 5.91143 -1.8964 -0.770486 -0.533697
6.71818 5.92 -1.90301 -0.770023 0.641649
6.72675 5.92857 -1.90957 -0.759486 1.81699
6.73532 5.93714 -1.916 -0.738875 2.99234
6.74389 5.94571 -1.92221 -0.708189 4.16769
6.75247 5.95429 -1.92812 -0.667429 5.34303
6.76104 5.96286 -1.93363 -0.616594 6.51838
6.76961 5.97143 -1.93866 -0.555685 7.69372
6.77818 5.98 -1.94312 -0.484702 8.86907
6.78675 5.98857 -1.94694 -0.403644 10.0444
6.79532 5.99714 -1.95001 -0.312512 11.2198
6.80389 6.00571 -1.95228 -0.220956 9.01755
6.81247 6.01429 -1.95389 -0.160337 5.12676
6.82104 6.02286 -1.95513 -0.133068 1.23597
6.82961 6.03143 -1.95627 -0.139149 -2.65482
6.83818 6.04 -1.95761 -0.17858 -6.54561
6.84675 6.04857 -1.95943 -0.25136 -10.4364
6.85532 6.05714 -1.96201 -0.357489 -14.3272
6.86389 6.06571 -1.96565 -0.496969 -18.218
6.87247 6.07429 -1.97063 -0.669798 -22.1088
6.88104 6.08286 -1.97723 -0.875976 -25.9996
6.88961 6.09143 -1.98574 -1.1155 -29.8903
6.89818 6.1 -1.99645 -1.38838 -33.7811
6.90675 6.10857 -2.00964 -1.69461 -37.6719
6.91532 6.11714 -2.02559 -2.03419 -41.5627
6.92389 6.12571 -2.0446 -2.40711 -45.4535
6.93247 6.13429 -2.06695 -2.81339 -49.3443
6.94104 6.14286 -2.09293 -3.25302 -53.2351
6.94961 6.15143 -2.12269 -3.68123 -46.6796
6.95818 6.16 -2.15587 -4.05324 -40.1221
6.96675 6.16857 -2.19201 -4.36904 -33.5646
6.97532 6.17714 -2.23061 -4.62863 -27.0071
6.98389 6.18571 -2.2712 -4.83202 -20.4496
6.99247 6.19429 -2.31329 -4.97919 -13.8921
7.00104 6.20286 -2.35639 -5.07017 -7.33462
7.00961 6.21143 -2.40004 -5.10493 -0.777126
7.01818 6.22 -2.44375 -5.08349 5.78037
7.02675 6.22857 -2.48703 -5.00584 12.3379
7.03532 6.23714 -2.5294 -4.87198 18.8954
7.04389 6.24571 -2.57039 -4.68192 25.4528
7.05247 6.25429 -2.6095 -4.43565 32.0103
7.06104 6.26286 -2.64626 -4.13317 38.5678
7.06961 6.27143 -2.68019 -3.77448 45.1253
7.07818 6.28 -2.71081 -3.35959 51.6828
7.08675 6.28857 -2.73763 -2.89209 55.7207
7.09532 6.29714 -2.76039 -2.41876 54.7234
7.10389 6.30571 -2.77912 -1.95398 53.726
7.11247 6.31429 -2.79391 -1.49775 52.7286
7.12104 6.32286 -2.80482 -1.05006 51.7313
7.12961 6.33143 -2.81193 -0.610924 50.7339
7.13818 6.34 -2.81532 -0.180336 49.7366
7.14675 6.34857 -2.81505 0.241703 48.7392
7.15532 6.35714 -2.8112 0.655194 47.7419
7.16389 6.36571 -2.80384 1.06014 46.7445
7.17247 6.37429 -2.79305 1.45653 45.7472
7.18104 6.38286 -2.7789 1.84437 44.7498
7.18961 6.39143 -2.76146 2.22367 43.7525
7.19818 6.4 -2.7408 2.59441 42.7551
7.20675 6.40857 -2.717 2.95661 41.7578
7.21532 6.41714 -2.69014 3.31026 40.7604
7.22389 6.42571 -2.66028 3.65536 39.763
7.23247 6.43429 -2.62752 3.98269 35.5386
7.24104 6.44286 -2.59215 4.26229 29.7003
7.24961 6.45143 -2.55459 4.49184 23.8619
7.25818 6.46 -2.51529 4.67135 18.0236
7.26675 6.46857 -2.47466 4.80082 12.1853
7.27532 6.47714 -2.43313 4.88024 6.34696
7.28389 6.48571 -2.39114 4.90962 0.508631
7.29247 6.49429 -2.34911 4.88896 -5.32969
7.30104 6.50286 -2.30747 4.81826 -11.168
7.30961 6.51143 -2.26665 4.69751 -17.0063
7.31818 6.52 -2.22708 4.52672 -22.8447
7.32675 6.52857 -2.18919 4.30589 -28.683
7.33532 6.53714 -2.15341 4.03501 -34.5213
7.34389 6.54571 -2.12017 3.71409 -40.3596
7.35247 6.55429 -2.08989 3.34313 -46.198
7.36104 6.56286 -2.063 2.92213 -52.0363
7.36961 6.57143 -2.03993 2.45108 -57.8746
7.37818 6.58 -2.02099 1.9753 -53.1413
7.38675 6.58857 -2.00596 1.54009 -48.4078
7.39532 6.59714 -1.99448 1.14545 -43.6742
7.40389 6.60571 -1.9862 0.791385 -38.9407
7.41247 6.61429 -1.98079 0.477894 -34.2072
7.42104 6.62286 -1.9779 0.204976 -29.4736
7.42961 6.63143 -1.97716 -0.0273679 -24.7401
7.43818 6.64 -1.97825 -0.219139 -20.0065
7.44675 6.64857 -1.9808 -0.370337 -15.273
7.45532 6.65714 -1.98448 -0.480961 -10.5394
7.46389 6.66571 -1.98893 -0.551013 -5.80588
7.47247 6.67429 -1.99381 -0.580491 -1.07233
7.48104 6.68286 -1.99877 -0.569395 3.66121
7.48961 6.69143 -2.00346 -0.517727 8.39476
7.49818 6.7 -2.00753 -0.425485 13.1283
7.50675 6.70857 -2.01064 -0.29267 17.8619
7.51532 6.71714 -2.01243 -0.12145 21.0765
7.52389 6.72571 -2.0127 0.0599501 21.2502
7.53247 6.73429 -2.0114 0.242839 21.4239
7.54104 6.74286 -2.00853 0.427217 21.5976
7.54961 6.75143 -2.00407 0.613083 21.7712
7.55818 6.76 -1.99801 0.800438 21.9449
7.56675 6.76857 -1.99035 0.989282 22.1186
7.57532 6.77714 -1.98105 1.17961 22.2923
7.58389 6.78571 -1.97012 1.37144 22.466
7.59247 6.79429 -1.95754 1.56474 22.6396
7.60104 6.80286 -1.94329 1.75954 22.8133
7.60961 6.81143 -1.92737 1.95583 22.987
7.61818 6.82 -1.90976 2.15361 23.1607
7.62675 6.82857 -1.89045 2.35287 23.3343
7.63532 6.83714 -1.86942 2.55362 23.508
7.64389 6.84571 -1.84667 2.75586 23.6817
7.65247 6.85429 -1.82217 2.95959 23.8554
7.66104 6.86286 -1.79593 3.16448 23.9133
7.66961 6.87143 -1.76792 3.36945 23.9133
7.67818 6.88 -1.73816 3.57442 23.9133
7.68675 6.88857 -1.70665 3.7794 23.9133
7.69532 6.89714 -1.67337 3.98437 23.9133
7.70389 6.90571 -1.63834 4.18934 23.9133
7.71247 6.91429 -1.60156 4.39431 23.9133
7.72104 6.92286 -1.56301 4.59928 23.9133
7.72961 6.93143 -1.52271 4.80425 23.9133
7.73818 6.94 -1.48065 5.00922 23.9133
7.74675 6.94857 -1.43684 5.21419 23.9133
7.75532 6.95714 -1.39127 5.41917 23.9133
7.76389 6.96571 -1.34394 5.62414 23.9133
7.77247 6.97429 -1.29485 5.82911 23.9133
7.78104 6.98286 -1.24401 6.03408 23.9133
7.78961 6.99143 -1.19141 6.23905 23.9133
7.79818 7 -1.13706 6.44402 23.9133


