Raw Data                               
log.afreq  log.sfreq  log.loss  storage
=======================================
-0.773248 -1.57143 -0.535272 2.9005
-0.630391 -1.42857 -0.600742 2.8728
-0.487532 -1.28571 -0.642561 2.8395
-0.344674 -1.14285 -0.677119 2.8084
-0.20182 -1 -0.701737 2.7735
-0.0589614 -0.857141 -0.717945 2.7423
0.083893 -0.714285 -0.725519 2.7093
0.226752 -0.571428 -0.734357 2.6739
0.369609 -0.428571 -0.739833 2.6377
0.512468 -0.285712 -0.742561 2.6013
0.655326 -0.142855 -0.744125 2.5653
0.79818 0 -0.7455 2.529
0.941039 0.142859 -0.745694 2.4918
1.08389 0.285715 -0.746832 2.455
1.22675 0.428572 -0.74688 2.4168
1.36961 0.571429 -0.748046 2.3795
1.51247 0.714288 -0.749775 2.3419
1.65533 0.857145 -0.752739 2.3041
1.79818 1 -0.757012 2.2663
1.94104 1.14286 -0.763463 2.229
2.08389 1.28571 -0.772345 2.1919
2.22675 1.42857 -0.783623 2.1558
2.36961 1.57143 -0.797593 2.1206
2.51247 1.71429 -0.814373 2.0869
2.65533 1.85715 -0.834162 2.0546
2.79818 2 -0.856829 2.0239
2.94104 2.14286 -0.882331 1.9944
3.08389 2.28571 -0.910483 1.9675
3.22675 2.42857 -0.940967 1.9426
3.36961 2.57143 -0.973957 1.9196
3.51247 2.71429 -1.00874 1.8986
3.65533 2.85715 -1.04524 1.8794
3.79818 3 -1.08316 1.8619
3.94104 3.14286 -1.12237 1.8461
4.08389 3.28571 -1.16287 1.8317
4.22675 3.42857 -1.20381 1.8187
4.36961 3.57143 -1.24522 1.807
4.51247 3.71429 -1.28712 1.7966
4.65533 3.85715 -1.32854 1.787
4.79818 4 -1.36963 1.7783
4.94104 4.14286 -1.41026 1.7706
5.08389 4.28571 -1.44961 1.7634
5.22675 4.42857 -1.48769 1.7569
5.36961 4.57143 -1.52394 1.7509
5.51247 4.71429 -1.55876 1.7455
5.65533 4.85715 -1.59112 1.7403
5.79818 5 -1.62158 1.7355
5.94104 5.14286 -1.65037 1.7311
6.08389 5.28571 -1.67851 1.7268
6.22675 5.42857 -1.70424 1.7228
6.36961 5.57143 -1.73028 1.7192
6.51247 5.71429 -1.75848 1.7156
6.65533 5.85715 -1.78869 1.7126
6.79818 6 -1.87086 1.7139
6.94104 6.14286 -1.9917 1.7109
7.08389 6.28571 -2.41248 1.7103
7.22675 6.42857 -3.45714 1.7103
7.36961 6.57143 -2.13336 1.7155
7.51247 6.71429 -2.09294 1.7179
7.65533 6.85715 -1.86119 1.7311
7.79818 7 -1.14853 1.7365


Interpolated Data (Full Range)   
log.afreq  log.sfreq  f  df  d2f 
=================================
-0.773248 -1.57143 -0.535272 -0.557276 1.3858
-0.764677 -1.56286 -0.539998 -0.545398 1.3858
-0.756105 -1.55429 -0.544622 -0.53352 1.3858
-0.747534 -1.54571 -0.549144 -0.521641 1.3858
-0.738962 -1.53714 -0.553564 -0.509763 1.3858
-0.730391 -1.52857 -0.557883 -0.497885 1.3858
-0.721819 -1.52 -0.562099 -0.486007 1.3858
-0.713248 -1.51143 -0.566214 -0.474128 1.3858
-0.704677 -1.50286 -0.570227 -0.46225 1.3858
-0.696105 -1.49429 -0.574138 -0.450372 1.3858
-0.687534 -1.48571 -0.577948 -0.438493 1.3858
-0.678962 -1.47714 -0.581655 -0.426615 1.3858
-0.670391 -1.46857 -0.585261 -0.414737 1.3858
-0.661819 -1.46 -0.588765 -0.402858 1.3858
-0.653248 -1.45143 -0.592167 -0.39098 1.3858
-0.644677 -1.44286 -0.595468 -0.379102 1.3858
-0.636105 -1.43429 -0.598666 -0.367223 1.3858
-0.627534 -1.42571 -0.601763 -0.355384 1.35858
-0.618962 -1.41714 -0.60476 -0.344089 1.2769
-0.610391 -1.40857 -0.607664 -0.333494 1.19523
-0.601819 -1.4 -0.610479 -0.323599 1.11355
-0.593248 -1.39143 -0.613213 -0.314405 1.03187
-0.584677 -1.38286 -0.615871 -0.30591 0.950198
-0.576105 -1.37429 -0.618459 -0.298116 0.868522
-0.567534 -1.36571 -0.620984 -0.291021 0.786846
-0.558962 -1.35714 -0.62345 -0.284627 0.70517
-0.550391 -1.34857 -0.625865 -0.278933 0.623493
-0.541819 -1.34 -0.628234 -0.273938 0.541817
-0.533248 -1.33143 -0.630563 -0.269644 0.460141
-0.524677 -1.32286 -0.632858 -0.26605 0.378465
-0.516105 -1.31429 -0.635126 -0.263156 0.296789
-0.507534 -1.30571 -0.637372 -0.260962 0.215113
-0.498962 -1.29714 -0.639602 -0.259469 0.133437
-0.490391 -1.28857 -0.641822 -0.258675 0.0517608
-0.481819 -1.28 -0.644038 -0.258354 0.0495592
-0.473248 -1.27143 -0.64625 -0.257768 0.0871319
-0.464677 -1.26286 -0.648455 -0.256861 0.124705
-0.456105 -1.25429 -0.650652 -0.255631 0.162277
-0.447534 -1.24571 -0.652837 -0.254079 0.19985
-0.438962 -1.23714 -0.655007 -0.252205 0.237423
-0.430391 -1.22857 -0.657159 -0.250009 0.274995
-0.421819 -1.22 -0.659292 -0.24749 0.312568
-0.413248 -1.21143 -0.661401 -0.24465 0.350141
-0.404677 -1.20286 -0.663485 -0.241488 0.387713
-0.396105 -1.19429 -0.66554 -0.238004 0.425286
-0.387534 -1.18571 -0.667564 -0.234197 0.462859
-0.378962 -1.17714 -0.669554 -0.230069 0.500431
-0.370391 -1.16857 -0.671507 -0.225619 0.538004
-0.361819 -1.16 -0.673421 -0.220846 0.575577
-0.353248 -1.15143 -0.675292 -0.215752 0.613149
-0.344677 -1.14286 -0.677118 -0.210335 0.650722
-0.336105 -1.13429 -0.678898 -0.204849 0.629379
-0.327534 -1.12571 -0.680631 -0.199546 0.608017
-0.318962 -1.11714 -0.682319 -0.194426 0.586655
-0.310391 -1.10857 -0.683964 -0.189489 0.565294
-0.30182 -1.1 -0.685568 -0.184735 0.543932
-0.293248 -1.09143 -0.687132 -0.180164 0.52257
-0.284677 -1.08286 -0.688657 -0.175777 0.501209
-0.276105 -1.07429 -0.690145 -0.171572 0.479847
-0.267534 -1.06571 -0.691599 -0.167551 0.458485
-0.258962 -1.05714 -0.693018 -0.163712 0.437124
-0.250391 -1.04857 -0.694406 -0.160057 0.415762
-0.24182 -1.04 -0.695763 -0.156585 0.3944
-0.233248 -1.03143 -0.697091 -0.153296 0.373038
-0.224677 -1.02286 -0.698391 -0.15019 0.351677
-0.216105 -1.01429 -0.699666 -0.147267 0.330315
-0.207534 -1.00571 -0.700916 -0.144527 0.308953
-0.198962 -0.997142 -0.702144 -0.141951 0.301684
-0.190391 -0.988571 -0.703349 -0.139275 0.322592
-0.18182 -0.979999 -0.704531 -0.136421 0.3435
-0.173248 -0.971428 -0.705687 -0.133387 0.364408
-0.164677 -0.962857 -0.706817 -0.130174 0.385316
-0.156105 -0.954285 -0.707918 -0.126781 0.406224
-0.147534 -0.945714 -0.70899 -0.12321 0.427132
-0.138962 -0.937142 -0.71003 -0.119459 0.44804
-0.130391 -0.928571 -0.711037 -0.115529 0.468948
-0.12182 -0.919999 -0.71201 -0.11142 0.489856
-0.113248 -0.911428 -0.712947 -0.107131 0.510764
-0.104677 -0.902857 -0.713846 -0.102664 0.531672
-0.0961052 -0.894285 -0.714706 -0.0980171 0.55258
-0.0875338 -0.885714 -0.715526 -0.0931911 0.573488
-0.0789624 -0.877142 -0.716303 -0.0881859 0.594396
-0.0703909 -0.868571 -0.717037 -0.0830014 0.615304
-0.0618195 -0.859999 -0.717726 -0.0776378 0.636212
-0.0532481 -0.851428 -0.718368 -0.0722458 0.604299
-0.0446767 -0.842857 -0.718966 -0.0673162 0.545957
-0.0361052 -0.834285 -0.719523 -0.0628866 0.487614
-0.0275338 -0.825714 -0.720045 -0.0589571 0.429272
-0.0189624 -0.817142 -0.720535 -0.0555276 0.37093
-0.0103909 -0.808571 -0.720998 -0.0525983 0.312587
-0.00181951 -0.799999 -0.721438 -0.050169 0.254245
0.00675192 -0.791428 -0.72186 -0.0482398 0.195903
0.0153233 -0.782857 -0.722267 -0.0468106 0.13756
0.0238948 -0.774285 -0.722664 -0.0458816 0.0792181
0.0324662 -0.765714 -0.723055 -0.0454526 0.0208757
0.0410376 -0.757142 -0.723444 -0.0455237 -0.0374666
0.0496091 -0.748571 -0.723837 -0.0460949 -0.0958089
0.0581805 -0.739999 -0.724236 -0.0471662 -0.154151
0.0667519 -0.731428 -0.724647 -0.0487375 -0.212494
0.0753233 -0.722857 -0.725073 -0.0508089 -0.270836
0.0838948 -0.714285 -0.725519 -0.0533804 -0.329158
0.0924662 -0.705714 -0.725988 -0.0560395 -0.291292
0.101038 -0.697142 -0.726479 -0.058374 -0.253425
0.109609 -0.688571 -0.726988 -0.0603839 -0.215559
0.11818 -0.679999 -0.727513 -0.0620693 -0.177692
0.126752 -0.671428 -0.728051 -0.0634301 -0.139826
0.135323 -0.662857 -0.7286 -0.0644663 -0.101959
0.143895 -0.654285 -0.729155 -0.0651779 -0.0640925
0.152466 -0.645714 -0.729716 -0.065565 -0.026226
0.161038 -0.637142 -0.730278 -0.0656275 0.0116405
0.169609 -0.628571 -0.73084 -0.0653655 0.0495071
0.17818 -0.619999 -0.731398 -0.0647788 0.0873736
0.186752 -0.611428 -0.73195 -0.0638676 0.12524
0.195323 -0.602857 -0.732492 -0.0626318 0.163107
0.203895 -0.594285 -0.733022 -0.0610715 0.200973
0.212466 -0.585714 -0.733538 -0.0591866 0.23884
0.221038 -0.577142 -0.734036 -0.0569771 0.276706
0.229609 -0.568571 -0.734514 -0.0544666 0.298107
0.23818 -0.559999 -0.73497 -0.0519608 0.286575
0.246752 -0.551428 -0.735405 -0.0495539 0.275043
0.255323 -0.542857 -0.73582 -0.0472458 0.263511
0.263895 -0.534285 -0.736215 -0.0450365 0.251979
0.272466 -0.525714 -0.736592 -0.0429261 0.240447
0.281038 -0.517142 -0.736951 -0.0409146 0.228915
0.289609 -0.508571 -0.737294 -0.0390019 0.217383
0.29818 -0.499999 -0.73762 -0.037188 0.205851
0.306752 -0.491428 -0.737931 -0.035473 0.194319
0.315323 -0.482857 -0.738229 -0.0338568 0.182787
0.323895 -0.474285 -0.738512 -0.0323395 0.171255
0.332466 -0.465714 -0.738783 -0.030921 0.159723
0.341038 -0.457142 -0.739043 -0.0296014 0.148192
0.349609 -0.448571 -0.739291 -0.0283806 0.13666
0.35818 -0.439999 -0.739529 -0.0272586 0.125128
0.366752 -0.431428 -0.739759 -0.0262355 0.113596
0.375323 -0.422857 -0.739979 -0.0252942 0.10804
0.383895 -0.414285 -0.740192 -0.0243791 0.105473
0.392466 -0.405714 -0.740397 -0.0234861 0.102906
0.401038 -0.397142 -0.740595 -0.0226151 0.100338
0.409609 -0.388571 -0.740785 -0.021766 0.097771
0.41818 -0.379999 -0.740968 -0.020939 0.0952037
0.426752 -0.371428 -0.741144 -0.0201339 0.0926365
0.435323 -0.362857 -0.741313 -0.0193509 0.0900692
0.443895 -0.354285 -0.741476 -0.0185899 0.0875019
0.452466 -0.345714 -0.741632 -0.0178509 0.0849346
0.461038 -0.337142 -0.741782 -0.0171339 0.0823674
0.469609 -0.328571 -0.741926 -0.0164389 0.0798001
0.47818 -0.319999 -0.742064 -0.0157659 0.0772328
0.486752 -0.311428 -0.742196 -0.0151149 0.0746655
0.495323 -0.302857 -0.742323 -0.0144859 0.0720983
0.503895 -0.294285 -0.742445 -0.0138789 0.069531
0.512466 -0.285714 -0.742561 -0.0132939 0.0669637
0.521038 -0.277142 -0.742673 -0.0127463 0.0608227
0.529609 -0.268571 -0.74278 -0.0122513 0.054681
0.53818 -0.259999 -0.742883 -0.0118089 0.0485393
0.546752 -0.251428 -0.742982 -0.0114192 0.0423975
0.555323 -0.242857 -0.743079 -0.0110821 0.0362558
0.563895 -0.234285 -0.743172 -0.0107976 0.030114
0.572466 -0.225714 -0.743264 -0.0105658 0.0239723
0.581038 -0.217142 -0.743354 -0.0103867 0.0178306
0.589609 -0.208571 -0.743442 -0.0102602 0.0116888
0.59818 -0.199999 -0.74353 -0.0101863 0.00554711
0.606752 -0.191428 -0.743617 -0.0101651 -0.000594628
0.615323 -0.182857 -0.743704 -0.0101965 -0.00673636
0.623895 -0.174285 -0.743792 -0.0102806 -0.0128781
0.632466 -0.165714 -0.74388 -0.0104173 -0.0190198
0.641038 -0.157142 -0.743971 -0.0106066 -0.0251616
0.649609 -0.148571 -0.744062 -0.0108486 -0.0313033
0.65818 -0.139999 -0.744157 -0.0111356 -0.0320909
0.666752 -0.131428 -0.744253 -0.0113681 -0.0221552
0.675323 -0.122857 -0.744351 -0.0115154 -0.0122196
0.683895 -0.114285 -0.74445 -0.0115776 -0.00228387
0.692466 -0.105714 -0.74455 -0.0115546 0.00765181
0.701038 -0.0971423 -0.744648 -0.0114464 0.0175875
0.709609 -0.0885709 -0.744745 -0.0112531 0.0275232
0.71818 -0.0799994 -0.744841 -0.0109746 0.0374589
0.726752 -0.071428 -0.744933 -0.0106109 0.0473945
0.735323 -0.0628566 -0.745022 -0.0101621 0.0573302
0.743895 -0.0542852 -0.745107 -0.0096281 0.0672659
0.752466 -0.0457137 -0.745187 -0.00900895 0.0772016
0.761038 -0.0371423 -0.745262 -0.00830464 0.0871373
0.769609 -0.0285709 -0.745329 -0.00751517 0.097073
0.77818 -0.0199994 -0.74539 -0.00664054 0.107009
0.786752 -0.011428 -0.745443 -0.00568074 0.116944
0.795323 -0.00285659 -0.745487 -0.00463578 0.12688
0.803895 0.00571484 -0.745522 -0.00355525 0.119457
0.812466 0.0142863 -0.745549 -0.00260033 0.103358
0.821038 0.0228577 -0.745567 -0.0017834 0.0872582
0.829609 0.0314291 -0.74558 -0.00110447 0.0711586
0.83818 0.0400006 -0.745587 -0.00056354 0.055059
0.846752 0.048572 -0.74559 -0.000160603 0.0389594
0.855323 0.0571434 -0.74559 0.000104337 0.0228598
0.863895 0.0657148 -0.745588 0.00023128 0.00676024
0.872466 0.0742863 -0.745586 0.000220226 -0.00933936
0.881038 0.0828577 -0.745585 7.11765e-05 -0.025439
0.889609 0.0914291 -0.745585 -0.00021587 -0.0415386
0.89818 0.100001 -0.745589 -0.000640913 -0.0576382
0.906752 0.108572 -0.745597 -0.00120395 -0.0737378
0.915323 0.117143 -0.74561 -0.00190499 -0.0898374
0.923895 0.125715 -0.74563 -0.00274402 -0.105937
0.932466 0.134286 -0.745657 -0.00372105 -0.122037
0.941038 0.142858 -0.745694 -0.00483608 -0.138136
0.949609 0.151429 -0.74574 -0.00594739 -0.121164
0.95818 0.160001 -0.745796 -0.00691317 -0.104186
0.966752 0.168572 -0.745858 -0.00773343 -0.0872081
0.975323 0.177143 -0.745928 -0.00840817 -0.0702303
0.983895 0.185715 -0.746002 -0.00893738 -0.0532525
0.992466 0.194286 -0.74608 -0.00932107 -0.0362746
1.00104 0.202858 -0.746162 -0.00955923 -0.0192968
1.00961 0.211429 -0.746244 -0.00965187 -0.00231898
1.01818 0.220001 -0.746327 -0.00959898 0.0146589
1.02675 0.228572 -0.746408 -0.00940057 0.0316367
1.03532 0.237143 -0.746487 -0.00905664 0.0486145
1.04389 0.245715 -0.746563 -0.00856718 0.0655923
1.05247 0.254286 -0.746634 -0.0079322 0.0825702
1.06104 0.262858 -0.746698 -0.00715169 0.099548
1.06961 0.271429 -0.746756 -0.00622566 0.116526
1.07818 0.280001 -0.746805 -0.00515411 0.133504
1.08675 0.288572 -0.746844 -0.00395272 0.139506
1.09532 0.297143 -0.746873 -0.00282522 0.123577
1.10389 0.305715 -0.746893 -0.00183426 0.107648
1.11247 0.314286 -0.746905 -0.000979827 0.091719
1.12104 0.322858 -0.74691 -0.000261932 0.07579
1.12961 0.331429 -0.74691 0.00031943 0.059861
1.13818 0.340001 -0.746905 0.000764257 0.0439321
1.14675 0.348572 -0.746897 0.00107255 0.0280031
1.15532 0.357143 -0.746887 0.00124431 0.0120741
1.16389 0.365715 -0.746876 0.00127954 -0.00385485
1.17247 0.374286 -0.746865 0.00117823 -0.0197838
1.18104 0.382858 -0.746856 0.000940384 -0.0357128
1.18961 0.391429 -0.74685 0.000566008 -0.0516418
1.19818 0.400001 -0.746847 5.50971e-05 -0.0675707
1.20675 0.408572 -0.746849 -0.000592348 -0.0834997
1.21532 0.417143 -0.746857 -0.00137633 -0.0994287
1.22389 0.425715 -0.746873 -0.00229684 -0.115358
1.23247 0.434286 -0.746897 -0.00330871 -0.115475
1.24104 0.442858 -0.746929 -0.00426511 -0.107685
1.24961 0.451429 -0.74697 -0.00515474 -0.0998952
1.25818 0.460001 -0.747018 -0.0059776 -0.0921056
1.26675 0.468572 -0.747072 -0.00673369 -0.0843159
1.27532 0.477143 -0.747133 -0.00742301 -0.0765263
1.28389 0.485715 -0.747199 -0.00804557 -0.0687366
1.29247 0.494286 -0.747271 -0.00860136 -0.060947
1.30104 0.502858 -0.747347 -0.00909037 -0.0531573
1.30961 0.511429 -0.747426 -0.00951262 -0.0453677
1.31818 0.520001 -0.747509 -0.00986811 -0.037578
1.32675 0.528572 -0.747595 -0.0101568 -0.0297884
1.33532 0.537143 -0.747683 -0.0103788 -0.0219987
1.34389 0.545715 -0.747773 -0.0105339 -0.0142091
1.35247 0.554286 -0.747864 -0.0106223 -0.00641941
1.36104 0.562858 -0.747955 -0.010644 0.00137024
1.36961 0.571429 -0.748046 -0.0105989 0.00915988
1.37818 0.580001 -0.748137 -0.0105437 0.00372118
1.38675 0.588572 -0.748227 -0.0105351 -0.00171752
1.39532 0.597143 -0.748317 -0.0105731 -0.00715623
1.40389 0.605715 -0.748408 -0.0106577 -0.0125949
1.41247 0.614286 -0.7485 -0.010789 -0.0180336
1.42104 0.622858 -0.748593 -0.0109669 -0.0234723
1.42961 0.631429 -0.748688 -0.0111914 -0.028911
1.43818 0.640001 -0.748785 -0.0114625 -0.0343497
1.44675 0.648572 -0.748885 -0.0117802 -0.0397884
1.45532 0.657143 -0.748987 -0.0121446 -0.0452271
1.46389 0.665715 -0.749093 -0.0125556 -0.0506658
1.47247 0.674286 -0.749203 -0.0130132 -0.0561046
1.48104 0.682858 -0.749316 -0.0135174 -0.0615433
1.48961 0.691429 -0.749435 -0.0140682 -0.066982
1.49818 0.700001 -0.749558 -0.0146656 -0.0724207
1.50675 0.708572 -0.749686 -0.0153097 -0.0778594
1.51532 0.717143 -0.74982 -0.0159968 -0.0807831
1.52389 0.725715 -0.74996 -0.0166801 -0.0786721
1.53247 0.734286 -0.750106 -0.0173454 -0.0765611
1.54104 0.742858 -0.750258 -0.0179926 -0.0744501
1.54961 0.751429 -0.750415 -0.0186217 -0.0723391
1.55818 0.76 -0.750577 -0.0192327 -0.0702281
1.56675 0.768572 -0.750744 -0.0198256 -0.0681171
1.57532 0.777143 -0.750917 -0.0204004 -0.0660061
1.58389 0.785715 -0.751094 -0.0209572 -0.0638951
1.59247 0.794286 -0.751276 -0.0214958 -0.061784
1.60104 0.802858 -0.751462 -0.0220163 -0.059673
1.60961 0.811429 -0.751653 -0.0225187 -0.057562
1.61818 0.82 -0.751848 -0.0230031 -0.055451
1.62675 0.828572 -0.752048 -0.0234693 -0.05334
1.63532 0.837143 -0.752251 -0.0239175 -0.051229
1.64389 0.845715 -0.752458 -0.0243475 -0.049118
1.65247 0.854286 -0.752668 -0.0247595 -0.047007
1.66104 0.862858 -0.752882 -0.0251656 -0.0491767
1.66961 0.871429 -0.7531 -0.0256056 -0.0534897
1.67818 0.88 -0.753321 -0.0260826 -0.0578028
1.68675 0.888572 -0.753547 -0.0265965 -0.0621159
1.69532 0.897143 -0.753777 -0.0271474 -0.0664289
1.70389 0.905715 -0.754012 -0.0277353 -0.070742
1.71247 0.914286 -0.754253 -0.0283601 -0.0750551
1.72104 0.922858 -0.754499 -0.029022 -0.0793681
1.72961 0.931429 -0.75475 -0.0297207 -0.0836812
1.73818 0.94 -0.755008 -0.0304565 -0.0879943
1.74675 0.948572 -0.755272 -0.0312292 -0.0923073
1.75532 0.957143 -0.755544 -0.0320389 -0.0966204
1.76389 0.965715 -0.755822 -0.0328856 -0.100933
1.77247 0.974286 -0.756107 -0.0337692 -0.105247
1.78104 0.982858 -0.756401 -0.0346898 -0.10956
1.78961 0.991429 -0.756702 -0.0356473 -0.113873
1.79818 1 -0.757012 -0.0366419 -0.118186
1.80675 1.00857 -0.75733 -0.0376557 -0.118369
1.81532 1.01714 -0.757658 -0.0386711 -0.118552
1.82389 1.02571 -0.757993 -0.039688 -0.118735
1.83247 1.03429 -0.758338 -0.0407065 -0.118918
1.84104 1.04286 -0.758691 -0.0417266 -0.119101
1.84961 1.05143 -0.759053 -0.0427482 -0.119284
1.85818 1.06 -0.759424 -0.0437715 -0.119467
1.86675 1.06857 -0.759804 -0.0447962 -0.11965
1.87532 1.07714 -0.760192 -0.0458226 -0.119833
1.88389 1.08571 -0.760589 -0.0468505 -0.120016
1.89247 1.09429 -0.760995 -0.04788 -0.120199
1.90104 1.10286 -0.76141 -0.0489111 -0.120382
1.90961 1.11143 -0.761834 -0.0499437 -0.120565
1.91818 1.12 -0.762266 -0.0509779 -0.120748
1.92675 1.12857 -0.762708 -0.0520137 -0.120931
1.93532 1.13714 -0.763158 -0.053051 -0.121114
1.94389 1.14571 -0.763617 -0.0540896 -0.121045
1.95247 1.15429 -0.764085 -0.0551246 -0.120471
1.96104 1.16286 -0.764562 -0.0561548 -0.119897
1.96961 1.17143 -0.765048 -0.05718 -0.119323
1.97818 1.18 -0.765542 -0.0582003 -0.118749
1.98675 1.18857 -0.766045 -0.0592157 -0.118174
1.99532 1.19714 -0.766557 -0.0602262 -0.1176
2.00389 1.20571 -0.767078 -0.0612317 -0.117026
2.01247 1.21429 -0.767607 -0.0622323 -0.116452
2.02104 1.22286 -0.768145 -0.063228 -0.115878
2.02961 1.23143 -0.768691 -0.0642188 -0.115304
2.03818 1.24 -0.769246 -0.0652047 -0.11473
2.04675 1.24857 -0.769809 -0.0661856 -0.114155
2.05532 1.25714 -0.77038 -0.0671616 -0.113581
2.06389 1.26571 -0.77096 -0.0681327 -0.113007
2.07247 1.27429 -0.771548 -0.0690989 -0.112433
2.08104 1.28286 -0.772144 -0.0700601 -0.111859
2.08961 1.29143 -0.772749 -0.0710204 -0.112658
2.09818 1.3 -0.773362 -0.0719924 -0.114143
2.10675 1.30857 -0.773983 -0.0729771 -0.115628
2.11532 1.31714 -0.774613 -0.0739746 -0.117113
2.12389 1.32571 -0.775251 -0.0749848 -0.118598
2.13247 1.33429 -0.775899 -0.0760077 -0.120083
2.14104 1.34286 -0.776555 -0.0770434 -0.121569
2.14961 1.35143 -0.777219 -0.0780917 -0.123054
2.15818 1.36 -0.777893 -0.0791529 -0.124539
2.16675 1.36857 -0.778576 -0.0802267 -0.126024
2.17532 1.37714 -0.779269 -0.0813133 -0.127509
2.18389 1.38571 -0.77997 -0.0824126 -0.128994
2.19247 1.39429 -0.780681 -0.0835246 -0.130479
2.20104 1.40286 -0.781402 -0.0846493 -0.131964
2.20961 1.41143 -0.782133 -0.0857868 -0.133449
2.21818 1.42 -0.782873 -0.086937 -0.134934
2.22675 1.42857 -0.783623 -0.0881 -0.136419
2.23532 1.43714 -0.784383 -0.0892687 -0.136283
2.24389 1.44571 -0.785153 -0.0904363 -0.136147
2.25247 1.45429 -0.785933 -0.0916027 -0.13601
2.26104 1.46286 -0.786724 -0.0927679 -0.135874
2.26961 1.47143 -0.787524 -0.0939319 -0.135737
2.27818 1.48 -0.788334 -0.0950948 -0.135601
2.28675 1.48857 -0.789154 -0.0962565 -0.135464
2.29532 1.49714 -0.789984 -0.097417 -0.135328
2.30389 1.50571 -0.790824 -0.0985764 -0.135191
2.31247 1.51429 -0.791674 -0.0997346 -0.135055
2.32104 1.52286 -0.792534 -0.100892 -0.134918
2.32961 1.53143 -0.793403 -0.102047 -0.134782
2.33818 1.54 -0.794283 -0.103202 -0.134646
2.34675 1.54857 -0.795173 -0.104356 -0.134509
2.35532 1.55714 -0.796072 -0.105508 -0.134373
2.36389 1.56571 -0.796981 -0.106659 -0.134236
2.37247 1.57429 -0.7979 -0.10781 -0.134524
2.38104 1.58286 -0.79883 -0.108968 -0.135659
2.38961 1.59143 -0.799769 -0.110135 -0.136794
2.39818 1.6 -0.800718 -0.111313 -0.137929
2.40675 1.60857 -0.801677 -0.1125 -0.139065
2.41532 1.61714 -0.802646 -0.113697 -0.1402
2.42389 1.62571 -0.803626 -0.114903 -0.141335
2.43247 1.63429 -0.804616 -0.11612 -0.14247
2.44104 1.64286 -0.805617 -0.117346 -0.143606
2.44961 1.65143 -0.806628 -0.118581 -0.144741
2.45818 1.66 -0.807649 -0.119827 -0.145876
2.46675 1.66857 -0.808682 -0.121082 -0.147011
2.47532 1.67714 -0.809725 -0.122347 -0.148147
2.48389 1.68571 -0.810779 -0.123622 -0.149282
2.49247 1.69429 -0.811844 -0.124906 -0.150417
2.50104 1.70286 -0.812921 -0.1262 -0.151552
2.50961 1.71143 -0.814008 -0.127504 -0.152688
2.51818 1.72 -0.815106 -0.128814 -0.152474
2.52675 1.72857 -0.816216 -0.130117 -0.151586
2.53532 1.73714 -0.817337 -0.131413 -0.150697
2.54389 1.74571 -0.818469 -0.132701 -0.149808
2.55247 1.75429 -0.819612 -0.133981 -0.14892
2.56104 1.76286 -0.820766 -0.135253 -0.148031
2.56961 1.77143 -0.82193 -0.136519 -0.147143
2.57818 1.78 -0.823106 -0.137776 -0.146254
2.58675 1.78857 -0.824292 -0.139026 -0.145365
2.59532 1.79714 -0.825489 -0.140268 -0.144477
2.60389 1.80571 -0.826697 -0.141502 -0.143588
2.61247 1.81429 -0.827915 -0.142729 -0.1427
2.62104 1.82286 -0.829144 -0.143949 -0.141811
2.62961 1.83143 -0.830383 -0.14516 -0.140922
2.63818 1.84 -0.831632 -0.146365 -0.140034
2.64675 1.84857 -0.832892 -0.147561 -0.139145
2.65532 1.85714 -0.834162 -0.14875 -0.138257
2.66389 1.86571 -0.835442 -0.149935 -0.138375
2.67247 1.87429 -0.836732 -0.151122 -0.138493
2.68104 1.88286 -0.838032 -0.15231 -0.138611
2.68961 1.89143 -0.839343 -0.153498 -0.13873
2.69818 1.9 -0.840664 -0.154688 -0.138848
2.70675 1.90857 -0.841995 -0.155878 -0.138966
2.71532 1.91714 -0.843336 -0.15707 -0.139085
2.72389 1.92571 -0.844687 -0.158263 -0.139203
2.73247 1.93429 -0.846049 -0.159456 -0.139321
2.74104 1.94286 -0.847421 -0.160651 -0.13944
2.74961 1.95143 -0.848803 -0.161847 -0.139558
2.75818 1.96 -0.850195 -0.163044 -0.139676
2.76675 1.96857 -0.851598 -0.164241 -0.139795
2.77532 1.97714 -0.853011 -0.16544 -0.139913
2.78389 1.98571 -0.854434 -0.16664 -0.140032
2.79247 1.99429 -0.855868 -0.167841 -0.14015
2.80104 2.00286 -0.857311 -0.169042 -0.140106
2.80961 2.01143 -0.858766 -0.170242 -0.139737
2.81818 2.02 -0.86023 -0.171438 -0.139368
2.82675 2.02857 -0.861704 -0.172631 -0.138999
2.83532 2.03714 -0.863189 -0.173821 -0.13863
2.84389 2.04571 -0.864684 -0.175007 -0.138261
2.85247 2.05429 -0.866189 -0.176191 -0.137892
2.86104 2.06286 -0.867705 -0.177371 -0.137523
2.86961 2.07143 -0.86923 -0.178548 -0.137154
2.87818 2.08 -0.870765 -0.179722 -0.136785
2.88675 2.08857 -0.872311 -0.180893 -0.136416
2.89532 2.09714 -0.873866 -0.182061 -0.136047
2.90389 2.10571 -0.875432 -0.183225 -0.135678
2.91247 2.11429 -0.877007 -0.184387 -0.135309
2.92104 2.12286 -0.878593 -0.185545 -0.13494
2.92961 2.13143 -0.880188 -0.1867 -0.13457
2.93818 2.14 -0.881793 -0.187852 -0.134201
2.94675 2.14857 -0.883409 -0.188998 -0.132829
2.95532 2.15714 -0.885033 -0.190128 -0.130955
2.96389 2.16571 -0.886668 -0.191243 -0.12908
2.97247 2.17429 -0.888312 -0.192341 -0.127206
2.98104 2.18286 -0.889965 -0.193423 -0.125332
2.98961 2.19143 -0.891628 -0.19449 -0.123457
2.99818 2.2 -0.893299 -0.19554 -0.121583
3.00675 2.20857 -0.89498 -0.196574 -0.119709
3.01532 2.21714 -0.896669 -0.197592 -0.117834
3.02389 2.22571 -0.898367 -0.198594 -0.11596
3.03247 2.23429 -0.900073 -0.19958 -0.114086
3.04104 2.24286 -0.901788 -0.20055 -0.112211
3.04961 2.25143 -0.903511 -0.201503 -0.110337
3.05818 2.26 -0.905242 -0.202441 -0.108463
3.06675 2.26857 -0.906982 -0.203363 -0.106588
3.07532 2.27714 -0.908729 -0.204268 -0.104714
3.08389 2.28571 -0.910483 -0.205158 -0.10284
3.09247 2.29429 -0.912246 -0.206049 -0.105062
3.10104 2.30286 -0.914016 -0.206959 -0.107284
3.10961 2.31143 -0.915794 -0.207888 -0.109506
3.11818 2.32 -0.91758 -0.208836 -0.111728
3.12675 2.32857 -0.919374 -0.209803 -0.11395
3.13532 2.33714 -0.921176 -0.21079 -0.116172
3.14389 2.34571 -0.922987 -0.211795 -0.118395
3.15247 2.35429 -0.924807 -0.212819 -0.120617
3.16104 2.36286 -0.926636 -0.213863 -0.122839
3.16961 2.37143 -0.928473 -0.214925 -0.125061
3.17818 2.38 -0.93032 -0.216006 -0.127283
3.18675 2.38857 -0.932176 -0.217107 -0.129505
3.19532 2.39714 -0.934042 -0.218227 -0.131727
3.20389 2.40571 -0.935917 -0.219365 -0.133949
3.21247 2.41429 -0.937803 -0.220523 -0.136171
3.22104 2.42286 -0.939698 -0.2217 -0.138393
3.22961 2.43143 -0.941603 -0.222892 -0.138568
3.23818 2.44 -0.943519 -0.224063 -0.134648
3.24675 2.44857 -0.945444 -0.225201 -0.130729
3.25532 2.45714 -0.947379 -0.226304 -0.126809
3.26389 2.46571 -0.949324 -0.227374 -0.12289
3.27247 2.47429 -0.951277 -0.228411 -0.11897
3.28104 2.48286 -0.953239 -0.229414 -0.115051
3.28961 2.49143 -0.95521 -0.230383 -0.111131
3.29818 2.5 -0.957188 -0.231319 -0.107212
3.30675 2.50857 -0.959175 -0.232221 -0.103292
3.31532 2.51714 -0.961169 -0.23309 -0.0993729
3.32389 2.52571 -0.963171 -0.233925 -0.0954534
3.33247 2.53429 -0.965179 -0.234726 -0.091534
3.34104 2.54286 -0.967195 -0.235494 -0.0876145
3.34961 2.55143 -0.969216 -0.236228 -0.083695
3.35818 2.56 -0.971244 -0.236929 -0.0797756
3.36675 2.56857 -0.973278 -0.237596 -0.0758561
3.37532 2.57714 -0.975317 -0.238238 -0.0751598
3.38389 2.58571 -0.977362 -0.238886 -0.0760752
3.39247 2.59429 -0.979412 -0.239542 -0.0769906
3.40104 2.60286 -0.981468 -0.240206 -0.077906
3.40961 2.61143 -0.98353 -0.240878 -0.0788214
3.41818 2.62 -0.985598 -0.241557 -0.0797368
3.42675 2.62857 -0.987671 -0.242245 -0.0806522
3.43532 2.63714 -0.989751 -0.24294 -0.0815675
3.44389 2.64571 -0.991836 -0.243643 -0.0824829
3.45247 2.65429 -0.993927 -0.244354 -0.0833983
3.46104 2.66286 -0.996025 -0.245073 -0.0843137
3.46961 2.67143 -0.998129 -0.245799 -0.0852291
3.47818 2.68 -1.00024 -0.246534 -0.0861445
3.48675 2.68857 -1.00235 -0.247276 -0.0870599
3.49532 2.69714 -1.00448 -0.248026 -0.0879753
3.50389 2.70571 -1.00661 -0.248784 -0.0888907
3.51247 2.71429 -1.00874 -0.24955 -0.0898061
3.52104 2.72286 -1.01088 -0.250314 -0.0885247
3.52961 2.73143 -1.01303 -0.251068 -0.0872428
3.53818 2.74 -1.01519 -0.25181 -0.0859609
3.54675 2.74857 -1.01735 -0.252541 -0.084679
3.55532 2.75714 -1.01952 -0.253262 -0.0833971
3.56389 2.76571 -1.02169 -0.253971 -0.0821152
3.57247 2.77429 -1.02387 -0.254669 -0.0808333
3.58104 2.78286 -1.02606 -0.255357 -0.0795514
3.58961 2.79143 -1.02825 -0.256033 -0.0782695
3.59818 2.8 -1.03045 -0.256699 -0.0769876
3.60675 2.80857 -1.03265 -0.257353 -0.0757057
3.61532 2.81714 -1.03486 -0.257996 -0.0744238
3.62389 2.82571 -1.03707 -0.258629 -0.0731419
3.63247 2.83429 -1.03929 -0.25925 -0.07186
3.64104 2.84286 -1.04152 -0.259861 -0.0705781
3.64961 2.85143 -1.04375 -0.26046 -0.0692962
3.65818 2.86 -1.04598 -0.261049 -0.0682217
3.66675 2.86857 -1.04822 -0.261631 -0.0675625
3.67532 2.87714 -1.05047 -0.262207 -0.0669034
3.68389 2.88571 -1.05272 -0.262778 -0.0662442
3.69247 2.89429 -1.05497 -0.263343 -0.0655851
3.70104 2.90286 -1.05723 -0.263902 -0.064926
3.70961 2.91143 -1.0595 -0.264456 -0.0642668
3.71818 2.92 -1.06176 -0.265004 -0.0636077
3.72675 2.92857 -1.06404 -0.265546 -0.0629485
3.73532 2.93714 -1.06632 -0.266083 -0.0622894
3.74389 2.94571 -1.0686 -0.266614 -0.0616303
3.75247 2.95429 -1.07089 -0.267139 -0.0609711
3.76104 2.96286 -1.07318 -0.267659 -0.060312
3.76961 2.97143 -1.07548 -0.268173 -0.0596528
3.77818 2.98 -1.07778 -0.268682 -0.0589937
3.78675 2.98857 -1.08008 -0.269185 -0.0583346
3.79532 2.99714 -1.08239 -0.269682 -0.0576754
3.80389 3.00571 -1.08471 -0.270177 -0.0582993
3.81247 3.01429 -1.08702 -0.270682 -0.0595646
3.82104 3.02286 -1.08935 -0.271198 -0.0608299
3.82961 3.03143 -1.09167 -0.271725 -0.0620952
3.83818 3.04 -1.094 -0.272263 -0.0633605
3.84675 3.04857 -1.09634 -0.272811 -0.0646258
3.85532 3.05714 -1.09868 -0.27337 -0.0658911
3.86389 3.06571 -1.10103 -0.273941 -0.0671564
3.87247 3.07429 -1.10338 -0.274522 -0.0684217
3.88104 3.08286 -1.10573 -0.275114 -0.069687
3.88961 3.09143 -1.10809 -0.275716 -0.0709523
3.89818 3.1 -1.11046 -0.27633 -0.0722176
3.90675 3.10857 -1.11283 -0.276954 -0.0734829
3.91532 3.11714 -1.11521 -0.27759 -0.0747482
3.92389 3.12571 -1.11759 -0.278236 -0.0760135
3.93247 3.13429 -1.11998 -0.278893 -0.0772788
3.94104 3.14286 -1.12237 -0.279561 -0.0785441
3.94961 3.15143 -1.12477 -0.280216 -0.0742794
3.95818 3.16 -1.12717 -0.280834 -0.0700137
3.96675 3.16857 -1.12958 -0.281416 -0.0657481
3.97532 3.17714 -1.132 -0.281961 -0.0614825
3.98389 3.18571 -1.13442 -0.28247 -0.0572168
3.99247 3.19429 -1.13684 -0.282942 -0.0529512
4.00104 3.20286 -1.13927 -0.283377 -0.0486855
4.00961 3.21143 -1.1417 -0.283777 -0.0444199
4.01818 3.22 -1.14413 -0.284139 -0.0401542
4.02675 3.22857 -1.14657 -0.284465 -0.0358886
4.03532 3.23714 -1.14901 -0.284754 -0.0316229
4.04389 3.24571 -1.15145 -0.285007 -0.0273573
4.05247 3.25429 -1.15389 -0.285223 -0.0230916
4.06104 3.26286 -1.15634 -0.285403 -0.018826
4.06961 3.27143 -1.15879 -0.285546 -0.0145604
4.07818 3.28 -1.16123 -0.285652 -0.0102947
4.08675 3.28857 -1.16368 -0.285725 -0.00774412
4.09532 3.29714 -1.16613 -0.285795 -0.00862071
4.10389 3.30571 -1.16858 -0.285873 -0.00949731
4.11247 3.31429 -1.17103 -0.285958 -0.0103739
4.12104 3.32286 -1.17348 -0.28605 -0.0112505
4.12961 3.33143 -1.17594 -0.286151 -0.0121271
4.13818 3.34 -1.17839 -0.286258 -0.0130037
4.14675 3.34857 -1.18084 -0.286374 -0.0138803
4.15532 3.35714 -1.1833 -0.286496 -0.0147569
4.16389 3.36571 -1.18576 -0.286627 -0.0156335
4.17247 3.37429 -1.18821 -0.286764 -0.0165101
4.18104 3.38286 -1.19067 -0.28691 -0.0173867
4.18961 3.39143 -1.19313 -0.287062 -0.0182633
4.19818 3.4 -1.19559 -0.287223 -0.0191399
4.20675 3.40857 -1.19805 -0.28739 -0.0200165
4.21532 3.41714 -1.20052 -0.287566 -0.0208931
4.22389 3.42571 -1.20298 -0.287749 -0.0217697
4.23247 3.43429 -1.20545 -0.28794 -0.0228618
4.24104 3.44286 -1.20792 -0.288141 -0.0240617
4.24961 3.45143 -1.21039 -0.288352 -0.0252617
4.25818 3.46 -1.21286 -0.288574 -0.0264616
4.26675 3.46857 -1.21534 -0.288806 -0.0276615
4.27532 3.47714 -1.21782 -0.289048 -0.0288615
4.28389 3.48571 -1.22029 -0.289301 -0.0300614
4.29247 3.49429 -1.22277 -0.289563 -0.0312614
4.30104 3.50286 -1.22526 -0.289836 -0.0324613
4.30961 3.51143 -1.22774 -0.29012 -0.0336612
4.31818 3.52 -1.23023 -0.290413 -0.0348612
4.32675 3.52857 -1.23272 -0.290717 -0.0360611
4.33532 3.53714 -1.23521 -0.291032 -0.037261
4.34389 3.54571 -1.23771 -0.291356 -0.038461
4.35247 3.55429 -1.24021 -0.291691 -0.0396609
4.36104 3.56286 -1.24271 -0.292036 -0.0408609
4.36961 3.57143 -1.24522 -0.292391 -0.0420608
4.37818 3.58 -1.24772 -0.29273 -0.0368933
4.38675 3.58857 -1.25023 -0.293024 -0.0317258
4.39532 3.59714 -1.25275 -0.293274 -0.0265583
4.40389 3.60571 -1.25526 -0.293479 -0.0213907
4.41247 3.61429 -1.25778 -0.29364 -0.0162232
4.42104 3.62286 -1.2603 -0.293757 -0.0110557
4.42961 3.63143 -1.26281 -0.29383 -0.00588814
4.43818 3.64 -1.26533 -0.293858 -0.000720611
4.44675 3.64857 -1.26785 -0.293842 0.00444692
4.45532 3.65714 -1.27037 -0.293782 0.00961445
4.46389 3.66571 -1.27289 -0.293677 0.014782
4.47247 3.67429 -1.2754 -0.293529 0.0199495
4.48104 3.68286 -1.27792 -0.293335 0.0251171
4.48961 3.69143 -1.28043 -0.293098 0.0302846
4.49818 3.7 -1.28294 -0.292816 0.0354521
4.50675 3.70857 -1.28545 -0.29249 0.0406196
4.51532 3.71714 -1.28796 -0.292123 0.0433804
4.52389 3.72571 -1.29046 -0.29176 0.0413226
4.53247 3.73429 -1.29296 -0.291415 0.0392648
4.54104 3.74286 -1.29546 -0.291087 0.037207
4.54961 3.75143 -1.29795 -0.290777 0.0351492
4.55818 3.76 -1.30044 -0.290485 0.0330914
4.56675 3.76857 -1.30293 -0.29021 0.0310336
4.57532 3.77714 -1.30542 -0.289953 0.0289758
4.58389 3.78571 -1.3079 -0.289713 0.026918
4.59247 3.79429 -1.31038 -0.289491 0.0248603
4.60104 3.80286 -1.31286 -0.289287 0.0228025
4.60961 3.81143 -1.31534 -0.2891 0.0207447
4.61818 3.82 -1.31782 -0.288931 0.0186869
4.62675 3.82857 -1.32029 -0.28878 0.0166291
4.63532 3.83714 -1.32277 -0.288646 0.0145713
4.64389 3.84571 -1.32524 -0.28853 0.0125135
4.65247 3.85429 -1.32772 -0.288432 0.0104557
4.66104 3.86286 -1.33019 -0.288347 0.0098493
4.66961 3.87143 -1.33266 -0.288262 0.00996967
4.67818 3.88 -1.33513 -0.288176 0.01009
4.68675 3.88857 -1.3376 -0.288089 0.0102104
4.69532 3.89714 -1.34007 -0.288001 0.0103308
4.70389 3.90571 -1.34254 -0.287912 0.0104512
4.71247 3.91429 -1.345 -0.287822 0.0105715
4.72104 3.92286 -1.34747 -0.287731 0.0106919
4.72961 3.93143 -1.34994 -0.287638 0.0108123
4.73818 3.94 -1.3524 -0.287545 0.0109326
4.74675 3.94857 -1.35486 -0.287451 0.011053
4.75532 3.95714 -1.35733 -0.287356 0.0111734
4.76389 3.96571 -1.35979 -0.287259 0.0112938
4.77247 3.97429 -1.36225 -0.287162 0.0114141
4.78104 3.98286 -1.36471 -0.287064 0.0115345
4.78961 3.99143 -1.36717 -0.286964 0.0116549
4.79818 4 -1.36963 -0.286864 0.0117754
4.80675 4.00857 -1.37209 -0.286746 0.0158492
4.81532 4.01714 -1.37455 -0.286592 0.0199229
4.82389 4.02571 -1.377 -0.286404 0.0239967
4.83247 4.03429 -1.37946 -0.286181 0.0280705
4.84104 4.04286 -1.38191 -0.285923 0.0321443
4.84961 4.05143 -1.38436 -0.28563 0.0362181
4.85818 4.06 -1.38681 -0.285302 0.0402918
4.86675 4.06857 -1.38925 -0.284939 0.0443656
4.87532 4.07714 -1.39169 -0.284541 0.0484394
4.88389 4.08571 -1.39413 -0.284109 0.0525132
4.89247 4.09429 -1.39656 -0.283641 0.0565869
4.90104 4.10286 -1.39899 -0.283139 0.0606607
4.90961 4.11143 -1.40142 -0.282601 0.0647345
4.91818 4.12 -1.40384 -0.282029 0.0688083
4.92675 4.12857 -1.40625 -0.281422 0.0728821
4.93532 4.13714 -1.40866 -0.28078 0.0769558
4.94389 4.14571 -1.41106 -0.280105 0.0789883
4.95247 4.15429 -1.41346 -0.279437 0.0769348
4.96104 4.16286 -1.41585 -0.278787 0.0748812
4.96961 4.17143 -1.41824 -0.278154 0.0728277
4.97818 4.18 -1.42062 -0.277538 0.0707741
4.98675 4.18857 -1.423 -0.27694 0.0687206
4.99532 4.19714 -1.42537 -0.27636 0.066667
5.00389 4.20571 -1.42774 -0.275797 0.0646135
5.01247 4.21429 -1.4301 -0.275252 0.06256
5.02104 4.22286 -1.43245 -0.274725 0.0605064
5.02961 4.23143 -1.43481 -0.274215 0.0584529
5.03818 4.24 -1.43716 -0.273723 0.0563993
5.04675 4.24857 -1.4395 -0.273248 0.0543458
5.05532 4.25714 -1.44184 -0.272791 0.0522923
5.06389 4.26571 -1.44418 -0.272352 0.0502387
5.07247 4.27429 -1.44651 -0.27193 0.0481852
5.08104 4.28286 -1.44884 -0.271526 0.0461316
5.08961 4.29143 -1.45116 -0.271127 0.0481701
5.09818 4.3 -1.45349 -0.270697 0.0522529
5.10675 4.30857 -1.4558 -0.270232 0.0563357
5.11532 4.31714 -1.45812 -0.269731 0.0604184
5.12389 4.32571 -1.46043 -0.269196 0.0645012
5.13247 4.33429 -1.46273 -0.268626 0.068584
5.14104 4.34286 -1.46503 -0.26802 0.0726668
5.14961 4.35143 -1.46733 -0.26738 0.0767496
5.15818 4.36 -1.46962 -0.266705 0.0808323
5.16675 4.36857 -1.4719 -0.265994 0.0849151
5.17532 4.37714 -1.47418 -0.265249 0.0889979
5.18389 4.38571 -1.47645 -0.264469 0.0930807
5.19247 4.39429 -1.47871 -0.263653 0.0971634
5.20104 4.40286 -1.48097 -0.262803 0.101246
5.20961 4.41143 -1.48321 -0.261918 0.105329
5.21818 4.42 -1.48546 -0.260997 0.109412
5.22675 4.42857 -1.48769 -0.260042 0.113495
5.23532 4.43714 -1.48991 -0.259089 0.108956
5.24389 4.44571 -1.49213 -0.258174 0.104417
5.25247 4.45429 -1.49434 -0.257299 0.0998781
5.26104 4.46286 -1.49654 -0.256462 0.0953392
5.26961 4.47143 -1.49874 -0.255664 0.0908003
5.27818 4.48 -1.50092 -0.254905 0.0862614
5.28675 4.48857 -1.50311 -0.254185 0.0817225
5.29532 4.49714 -1.50528 -0.253504 0.0771836
5.30389 4.50571 -1.50745 -0.252862 0.0726447
5.31247 4.51429 -1.50962 -0.252259 0.0681057
5.32104 4.52286 -1.51178 -0.251695 0.0635668
5.32961 4.53143 -1.51393 -0.251169 0.0590279
5.33818 4.54 -1.51608 -0.250683 0.054489
5.34675 4.54857 -1.51823 -0.250235 0.0499501
5.35532 4.55714 -1.52037 -0.249827 0.0454112
5.36389 4.56571 -1.52251 -0.249457 0.0408723
5.37247 4.57429 -1.52465 -0.24912 0.0401675
5.38104 4.58286 -1.52678 -0.248746 0.0471317
5.38961 4.59143 -1.52891 -0.248312 0.0540959
5.39818 4.6 -1.53104 -0.247819 0.06106
5.40675 4.60857 -1.53316 -0.247266 0.0680242
5.41532 4.61714 -1.53528 -0.246653 0.0749884
5.42389 4.62571 -1.53739 -0.24598 0.0819525
5.43247 4.63429 -1.53949 -0.245248 0.0889167
5.44104 4.64286 -1.54159 -0.244456 0.0958809
5.44961 4.65143 -1.54369 -0.243604 0.102845
5.45818 4.66 -1.54577 -0.242693 0.109809
5.46675 4.66857 -1.54785 -0.241722 0.116773
5.47532 4.67714 -1.54991 -0.240691 0.123738
5.48389 4.68571 -1.55197 -0.239601 0.130702
5.49247 4.69429 -1.55402 -0.23845 0.137666
5.50104 4.70286 -1.55606 -0.237241 0.14463
5.50961 4.71143 -1.55809 -0.235971 0.151594
5.51818 4.72 -1.5601 -0.234664 0.150653
5.52675 4.72857 -1.56211 -0.233394 0.145755
5.53532 4.73714 -1.56411 -0.232166 0.140858
5.54389 4.74571 -1.56609 -0.230979 0.13596
5.55247 4.75429 -1.56806 -0.229835 0.131062
5.56104 4.76286 -1.57003 -0.228733 0.126165
5.56961 4.77143 -1.57199 -0.227672 0.121267
5.57818 4.78 -1.57393 -0.226654 0.116369
5.58675 4.78857 -1.57587 -0.225677 0.111471
5.59532 4.79714 -1.5778 -0.224743 0.106574
5.60389 4.80571 -1.57972 -0.22385 0.101676
5.61247 4.81429 -1.58164 -0.223 0.0967783
5.62104 4.82286 -1.58355 -0.222191 0.0918806
5.62961 4.83143 -1.58545 -0.221425 0.0869829
5.63818 4.84 -1.58734 -0.2207 0.0820852
5.64675 4.84857 -1.58923 -0.220017 0.0771874
5.65532 4.85714 -1.59112 -0.219377 0.0722897
5.66389 4.86571 -1.59299 -0.218747 0.0746375
5.67247 4.87429 -1.59487 -0.218097 0.0769878
5.68104 4.88286 -1.59673 -0.217427 0.0793381
5.68961 4.89143 -1.59859 -0.216737 0.0816883
5.69818 4.9 -1.60045 -0.216027 0.0840386
5.70675 4.90857 -1.6023 -0.215297 0.0863888
5.71532 4.91714 -1.60414 -0.214546 0.0887391
5.72389 4.92571 -1.60597 -0.213775 0.0910893
5.73247 4.93429 -1.6078 -0.212984 0.0934396
5.74104 4.94286 -1.60962 -0.212174 0.0957899
5.74961 4.95143 -1.61144 -0.211342 0.0981401
5.75818 4.96 -1.61325 -0.210491 0.10049
5.76675 4.96857 -1.61505 -0.20962 0.102841
5.77532 4.97714 -1.61684 -0.208728 0.105191
5.78389 4.98571 -1.61863 -0.207816 0.107541
5.79247 4.99429 -1.6204 -0.206885 0.109891
5.80104 5.00286 -1.62217 -0.205938 0.108745
5.80961 5.01143 -1.62393 -0.20504 0.100607
5.81818 5.02 -1.62569 -0.204213 0.0924683
5.82675 5.02857 -1.62744 -0.203455 0.0843299
5.83532 5.03714 -1.62918 -0.202767 0.0761915
5.84389 5.04571 -1.63091 -0.202149 0.0680531
5.85247 5.05429 -1.63264 -0.201601 0.0599147
5.86104 5.06286 -1.63437 -0.201122 0.0517763
5.86961 5.07143 -1.63609 -0.200713 0.0436378
5.87818 5.08 -1.63781 -0.200374 0.0354994
5.88675 5.08857 -1.63952 -0.200104 0.027361
5.89532 5.09714 -1.64124 -0.199905 0.0192226
5.90389 5.10571 -1.64295 -0.199775 0.0110842
5.91247 5.11429 -1.64466 -0.199715 0.00294581
5.92104 5.12286 -1.64638 -0.199724 -0.0051926
5.92961 5.13143 -1.64809 -0.199804 -0.013331
5.93818 5.14 -1.6498 -0.199953 -0.0214694
5.94675 5.14857 -1.65152 -0.200133 -0.0160927
5.95532 5.15714 -1.65323 -0.200219 -0.00395269
5.96389 5.16571 -1.65495 -0.200201 0.00818729
5.97247 5.17429 -1.65666 -0.200079 0.0203273
5.98104 5.18286 -1.65838 -0.199853 0.0324672
5.98961 5.19143 -1.66009 -0.199522 0.0446072
5.99818 5.2 -1.6618 -0.199088 0.0567472
6.00675 5.20857 -1.6635 -0.198549 0.0688872
6.01532 5.21714 -1.6652 -0.197907 0.0810272
6.02389 5.22571 -1.66689 -0.19716 0.0931671
6.03247 5.23429 -1.66858 -0.19631 0.105307
6.04104 5.24286 -1.67026 -0.195355 0.117447
6.04961 5.25143 -1.67193 -0.194296 0.129587
6.05818 5.26 -1.67359 -0.193134 0.141727
6.06675 5.26857 -1.67524 -0.191867 0.153867
6.07532 5.27714 -1.67688 -0.190496 0.166007
6.08389 5.28571 -1.67851 -0.189021 0.178143
6.09247 5.29429 -1.68012 -0.187535 0.168539
6.10104 5.30286 -1.68172 -0.186132 0.158935
6.10961 5.31143 -1.68331 -0.184811 0.149331
6.11818 5.32 -1.68489 -0.183572 0.139727
6.12675 5.32857 -1.68646 -0.182415 0.130123
6.13532 5.33714 -1.68802 -0.181341 0.120519
6.14389 5.34571 -1.68957 -0.180349 0.110915
6.15247 5.35429 -1.69111 -0.17944 0.101311
6.16104 5.36286 -1.69264 -0.178612 0.0917066
6.16961 5.37143 -1.69417 -0.177868 0.0821026
6.17818 5.38 -1.69569 -0.177205 0.0724985
6.18675 5.38857 -1.69721 -0.176625 0.0628945
6.19532 5.39714 -1.69872 -0.176127 0.0532904
6.20389 5.40571 -1.70023 -0.175711 0.0436864
6.21247 5.41429 -1.70173 -0.175378 0.0340824
6.22104 5.42286 -1.70323 -0.175127 0.0244783
6.22961 5.43143 -1.70473 -0.174964 0.0108689
6.23818 5.44 -1.70623 -0.174963 -0.0107526
6.24675 5.44857 -1.70773 -0.175148 -0.0323741
6.25532 5.45714 -1.70924 -0.175518 -0.0539956
6.26389 5.46571 -1.71074 -0.176074 -0.0756172
6.27247 5.47429 -1.71226 -0.176815 -0.0972387
6.28104 5.48286 -1.71378 -0.177741 -0.11886
6.28961 5.49143 -1.7153 -0.178852 -0.140482
6.29818 5.5 -1.71684 -0.180149 -0.162103
6.30675 5.50857 -1.71839 -0.181631 -0.183725
6.31532 5.51714 -1.71996 -0.183299 -0.205346
6.32389 5.52571 -1.72154 -0.185151 -0.226968
6.33247 5.53429 -1.72313 -0.18719 -0.248589
6.34104 5.54286 -1.72475 -0.189413 -0.270211
6.34961 5.55143 -1.72638 -0.191822 -0.291832
6.35818 5.56 -1.72803 -0.194416 -0.313454
6.36675 5.56857 -1.72971 -0.197195 -0.335075
6.37532 5.57714 -1.73141 -0.199998 -0.299936
6.38389 5.58571 -1.73314 -0.202296 -0.236415
6.39247 5.59429 -1.73488 -0.204051 -0.172893
6.40104 5.60286 -1.73664 -0.20526 -0.109372
6.40961 5.61143 -1.7384 -0.205926 -0.04585
6.41818 5.62 -1.74016 -0.206046 0.0176716
6.42675 5.62857 -1.74193 -0.205623 0.0811933
6.43532 5.63714 -1.74369 -0.204654 0.144715
6.44389 5.64571 -1.74544 -0.203142 0.208237
6.45247 5.65429 -1.74717 -0.201085 0.271758
6.46104 5.66286 -1.74888 -0.198483 0.33528
6.46961 5.67143 -1.75057 -0.195337 0.398801
6.47818 5.68 -1.75223 -0.191647 0.462323
6.48675 5.68857 -1.75385 -0.187412 0.525845
6.49532 5.69714 -1.75544 -0.182632 0.589366
6.50389 5.70571 -1.75698 -0.177308 0.652888
6.51247 5.71429 -1.75848 -0.17144 0.71641
6.52104 5.72286 -1.75992 -0.166284 0.48656
6.52961 5.73143 -1.76133 -0.163099 0.25664
6.53818 5.74 -1.76273 -0.161884 0.026721
6.54675 5.74857 -1.76411 -0.162641 -0.203199
6.55532 5.75714 -1.76552 -0.165368 -0.433118
6.56389 5.76571 -1.76696 -0.170065 -0.663038
6.57247 5.77429 -1.76844 -0.176734 -0.892957
6.58104 5.78286 -1.76999 -0.185373 -1.12288
6.58961 5.79143 -1.77162 -0.195983 -1.3528
6.59818 5.8 -1.77336 -0.208564 -1.58272
6.60675 5.80857 -1.7752 -0.223116 -1.81264
6.61532 5.81714 -1.77719 -0.239638 -2.04255
6.62389 5.82571 -1.77932 -0.258131 -2.27247
6.63247 5.83429 -1.78162 -0.278595 -2.50239
6.64104 5.84286 -1.7841 -0.301029 -2.73231
6.64961 5.85143 -1.78678 -0.325434 -2.96223
6.65818 5.86 -1.78968 -0.351713 -3.12383
6.66675 5.86857 -1.79281 -0.378594 -3.14859
6.67532 5.87714 -1.79617 -0.405688 -3.17334
6.68389 5.88571 -1.79977 -0.432995 -3.19809
6.69247 5.89429 -1.8036 -0.460513 -3.22284
6.70104 5.90286 -1.80766 -0.488243 -3.2476
6.70961 5.91143 -1.81197 -0.516186 -3.27235
6.71818 5.92 -1.81651 -0.544341 -3.2971
6.72675 5.92857 -1.8213 -0.572708 -3.32186
6.73532 5.93714 -1.82633 -0.601287 -3.34661
6.74389 5.94571 -1.83161 -0.630078 -3.37136
6.75247 5.95429 -1.83713 -0.659082 -3.39611
6.76104 5.96286 -1.84291 -0.688297 -3.42087
6.76961 5.97143 -1.84893 -0.717725 -3.44562
6.77818 5.98 -1.85521 -0.747365 -3.47037
6.78675 5.98857 -1.86175 -0.777217 -3.49513
6.79532 5.99714 -1.86854 -0.807281 -3.51988
6.80389 6.00571 -1.87558 -0.836438 -3.15266
6.81247 6.01429 -1.88286 -0.861047 -2.58947
6.82104 6.02286 -1.89033 -0.880829 -2.02628
6.82961 6.03143 -1.89795 -0.895783 -1.4631
6.83818 6.04 -1.90567 -0.90591 -0.899908
6.84675 6.04857 -1.91346 -0.91121 -0.336721
6.85532 6.05714 -1.92128 -0.911683 0.226466
6.86389 6.06571 -1.92908 -0.907328 0.789653
6.87247 6.07429 -1.93682 -0.898146 1.35284
6.88104 6.08286 -1.94446 -0.884137 1.91603
6.88961 6.09143 -1.95196 -0.8653 2.47921
6.89818 6.1 -1.95928 -0.841636 3.0424
6.90675 6.10857 -1.96638 -0.813144 3.60559
6.91532 6.11714 -1.97321 -0.779826 4.16878
6.92389 6.12571 -1.97973 -0.74168 4.73196
6.93247 6.13429 -1.98591 -0.698706 5.29515
6.94104 6.14286 -1.9917 -0.650906 5.85834
6.94961 6.15143 -1.99714 -0.629982 -0.977551
6.95818 6.16 -2.00266 -0.667664 -7.81485
6.96675 6.16857 -2.00876 -0.763951 -14.6521
6.97532 6.17714 -2.01593 -0.918843 -21.4894
6.98389 6.18571 -2.02468 -1.13234 -28.3267
6.99247 6.19429 -2.03551 -1.40444 -35.164
7.00104 6.20286 -2.04892 -1.73515 -42.0013
7.00961 6.21143 -2.06542 -2.12447 -48.8386
7.01818 6.22 -2.08551 -2.57239 -55.6759
7.02675 6.22857 -2.10969 -3.07891 -62.5132
7.03532 6.23714 -2.13846 -3.64404 -69.3505
7.04389 6.24571 -2.17232 -4.26778 -76.1878
7.05247 6.25429 -2.21179 -4.95012 -83.0251
7.06104 6.26286 -2.25735 -5.69107 -89.8624
7.06961 6.27143 -2.30951 -6.49062 -96.6997
7.07818 6.28 -2.36878 -7.34877 -103.537
7.08675 6.28857 -2.43565 -8.25223 -101.067
7.09532 6.29714 -2.50984 -9.02821 -79.9951
7.10389 6.30571 -2.5899 -9.62358 -58.9238
7.11247 6.31429 -2.6743 -10.0383 -37.8524
7.12104 6.32286 -2.76147 -10.2725 -16.781
7.12961 6.33143 -2.84988 -10.326 4.29033
7.13818 6.34 -2.93797 -10.1989 25.3617
7.14675 6.34857 -3.0242 -9.89124 46.4331
7.15532 6.35714 -3.10702 -9.40293 67.5044
7.16389 6.36571 -3.18488 -8.73402 88.5758
7.17247 6.37429 -3.25623 -7.88449 109.647
7.18104 6.38286 -3.31953 -6.85435 130.719
7.18961 6.39143 -3.37322 -5.6436 151.79
7.19818 6.4 -3.41576 -4.25224 172.861
7.20675 6.40857 -3.4456 -2.68027 193.933
7.21532 6.41714 -3.46119 -0.927679 215.004
7.22389 6.42571 -3.46098 1.00552 236.075
7.23247 6.43429 -3.4436 3.03222 226.657
7.24104 6.44286 -3.40959 4.86929 201.992
7.24961 6.45143 -3.36073 6.49493 177.326
7.25818 6.46 -3.29885 7.90916 152.66
7.26675 6.46857 -3.22575 9.11197 127.995
7.27532 6.47714 -3.14325 10.1034 103.329
7.28389 6.48571 -3.05315 10.8833 78.6632
7.29247 6.49429 -2.95728 11.4519 53.9975
7.30104 6.50286 -2.85744 11.809 29.3318
7.30961 6.51143 -2.75544 11.9547 4.66614
7.31818 6.52 -2.65311 11.889 -19.9995
7.32675 6.52857 -2.55224 11.6118 -44.6652
7.33532 6.53714 -2.45465 11.1233 -69.3309
7.34389 6.54571 -2.36216 10.4233 -93.9966
7.35247 6.55429 -2.27657 9.51192 -118.662
7.36104 6.56286 -2.1997 8.38911 -143.328
7.36961 6.57143 -2.13336 7.05487 -167.994
7.37818 6.58 -2.0789 5.67138 -154.821
7.38675 6.58857 -2.03581 4.4008 -141.647
7.39532 6.59714 -2.00313 3.24314 -128.473
7.40389 6.60571 -1.97989 2.1984 -115.3
7.41247 6.61429 -1.96512 1.26657 -102.126
7.42104 6.62286 -1.95786 0.447666 -88.9522
7.42961 6.63143 -1.95713 -0.258322 -75.7785
7.43818 6.64 -1.96196 -0.851393 -62.6047
7.44675 6.64857 -1.9714 -1.33155 -49.431
7.45532 6.65714 -1.98447 -1.69878 -36.2573
7.46389 6.66571 -2.0002 -1.9531 -23.0835
7.47247 6.67429 -2.01763 -2.0945 -9.90981
7.48104 6.68286 -2.03578 -2.12298 3.26393
7.48961 6.69143 -2.0537 -2.03855 16.4377
7.49818 6.7 -2.07041 -1.84119 29.6114
7.50675 6.70857 -2.08494 -1.53092 42.7851
7.51532 6.71714 -2.09634 -1.11496 50.8992
7.52389 6.72571 -2.10405 -0.68732 48.8828
7.53247 6.73429 -2.10817 -0.276967 46.8664
7.54104 6.74286 -2.10884 0.116104 44.85
7.54961 6.75143 -2.10623 0.491891 42.8337
7.55818 6.76 -2.10046 0.850395 40.8173
7.56675 6.76857 -2.0917 1.19162 38.8009
7.57532 6.77714 -2.08008 1.51555 36.7845
7.58389 6.78571 -2.06577 1.82221 34.7681
7.59247 6.79429 -2.04889 2.11158 32.7517
7.60104 6.80286 -2.02962 2.38367 30.7354
7.60961 6.81143 -2.00808 2.63847 28.719
7.61818 6.82 -1.98444 2.87599 26.7026
7.62675 6.82857 -1.95883 3.09623 24.6862
7.63532 6.83714 -1.93141 3.29918 22.6698
7.64389 6.84571 -1.90232 3.48485 20.6534
7.65247 6.85429 -1.87172 3.65324 18.6371
7.66104 6.86286 -1.83974 3.80818 17.9642
7.66961 6.87143 -1.80643 3.96216 17.9642
7.67818 6.88 -1.77181 4.11614 17.9642
7.68675 6.88857 -1.73587 4.27012 17.9642
7.69532 6.89714 -1.69861 4.4241 17.9642
7.70389 6.90571 -1.66003 4.57808 17.9642
7.71247 6.91429 -1.62013 4.73206 17.9642
7.72104 6.92286 -1.57891 4.88604 17.9642
7.72961 6.93143 -1.53637 5.04002 17.9642
7.73818 6.94 -1.49251 5.194 17.9642
7.74675 6.94857 -1.44733 5.34798 17.9642
7.75532 6.95714 -1.40083 5.50196 17.9642
7.76389 6.96571 -1.35301 5.65593 17.9642
7.77247 6.97429 -1.30387 5.80991 17.9642
7.78104 6.98286 -1.25341 5.96389 17.9642
7.78961 6.99143 -1.20163 6.11787 17.9642
7.79818 7 -1.14853 6.27185 17.9642


