T_nominal 403000
reduction #0  61  0.99975  945.103 0.981579 1.52294 0.819153 0.709888 -6.38137 

T_nominal 398000
reduction #0  61  0.999726  614.015 0.975701 1.57704 0.805394 0.698459 -6.23262 

T_nominal 393000
reduction #0  61  0.999473  393.143 0.973757 1.61273 0.772479 0.774064 -6.13178 

T_nominal 388000
reduction #0  61  0.99908  249.353 0.972943 1.65997 0.744826 0.821441 -5.99867 

T_nominal 383000
reduction #0  61  0.998069  155.775 0.971571 1.69905 0.694669 0.976865 -5.95054 

T_nominal 378000
reduction #0  61  0.995525  95.7254 0.972529 1.74519 0.619523 1.33526 -6.04628 

T_nominal 373000
reduction #0  61  0.987036  57.8486 0.983255 1.88441 0.41885 81592.4 -17.8371 

T_nominal 368000
reduction #0  61  0.99362  33.6174 0.966045 1.87936 0.56592 1.2675 -5.59883 

T_nominal 363000
reduction #0  61  0.986666  19.2388 0.963806 1.95306 0.530123 1.27504 -5.39057 

T_nominal 358000
reduction #0  61  0.995631  10.6904 0.951242 2.02917 0.569737 0.816894 -4.64772 

T_nominal 353000
reduction #0  61  0.971267  5.80984 0.977586 2.10808 0.402073 2.01011 -5.51851 
reduction #1  61  0.971267  5.80984 0.977586 2.10808 0.402073 2.01011 -5.51851 

T_nominal 348000
reduction #0  61  0.998596  3.12568 0.951197 2.15022 0.494588 0.846027 -4.05889 

T_nominal 343000
reduction #0  61  0.993976  1.61729 0.959744 2.22176 0.443405 0.922068 -3.80444 

T_nominal 338000
reduction #0  61  0.991131  0.797591 0.968415 2.30424 0.393096 1.0017 -3.52498 

T_nominal 333000
reduction #0  61  0.97348  0.373363 0.96946 2.3964 0.331186 1.24383 -3.44591 
reduction #1  61  0.97348  0.373363 0.96946 2.3964 0.331186 1.24383 -3.44591 

T_nominal 328000
reduction #0  61  0.937706  0.183517 0.904138 2.46411 0.274071 1.68693 -3.64035 
reduction #1  61  0.937706  0.183517 0.904138 2.46411 0.274071 1.68693 -3.64035 

T_nominal 323000
reduction #0  61  0.689997  3.89711 0.135281 551851 -44.0848 
reduction #1  61  0.689997  3.89711 0.135281 551851 -44.0848 

T_nominal 333000
reduction #0  61  0.960197  0.351105 1.00066 2.41506 0.316034 1.37948 -3.56253 
reduction #1  61  0.960197  0.351105 1.00066 2.41506 0.316034 1.37948 -3.56253 

T_nominal 343000
reduction #0  61  0.995454  1.51632 0.977223 2.22339 0.440358 0.908827 -3.72741 

T_nominal 353000
reduction #0  61  0.997646  5.3539 0.96442 2.08517 0.515617 0.889464 -4.38032 

T_nominal 363000
reduction #0  61  0.994477  17.1483 0.966182 1.96021 0.580334 0.89856 -4.95577 

T_nominal 373000
reduction #0  61  0.998724  50.4273 0.969017 1.88004 0.682964 0.689471 -5.21037 

T_nominal 383000
reduction #0  61  0.997921  136.317 0.977417 1.7133 0.686364 0.990049 -5.92457 

T_nominal 393000
reduction #0  61  0.999468  328.472 0.978511 1.62963 0.773176 0.75891 -6.09755 

T_nominal 403000
reduction #0  61  0.999815  706.092 0.981945 1.55117 0.828837 0.658403 -6.35745 

