T_nominal 403000
reduction #0  53  0.999978  941.997 0.979907 1.6992 0.856922 0.460616 -6.16709 

T_nominal 398000
reduction #0  53  0.999969  611.955 0.973883 1.71519 0.837917 0.486069 -6.04152 

T_nominal 393000
reduction #0  53  0.999962  391.255 0.970863 1.75003 0.818262 0.501707 -5.87864 

T_nominal 388000
reduction #0  53  0.999952  247.914 0.969124 1.78464 0.796359 0.519281 -5.7062 

T_nominal 383000
reduction #0  53  0.999945  154.562 0.9656 1.81843 0.772306 0.539313 -5.52558 

T_nominal 378000
reduction #0  51  0.999938  94.6903 0.962572 1.88618 0.750371 0.524548 -5.29287 

T_nominal 373000
reduction #0  51  0.999928  56.7061 0.957553 1.92305 0.719059 0.548668 -5.08902 

T_nominal 368000
reduction #0  53  0.999878  33.3139 0.952696 1.94359 0.674562 0.618312 -4.92722 

T_nominal 363000
reduction #0  51  0.999876  19.0919 0.946317 2.01159 0.652913 0.588507 -4.62851 

T_nominal 358000
reduction #0  51  0.999812  10.6645 0.941313 2.05791 0.613377 0.618627 -4.38195 

T_nominal 353000
reduction #0  50  0.999781  5.84145 0.93516 2.1102 0.568758 0.654316 -4.12275 
reduction #1  50  0.999781  5.84145 0.93516 2.1102 0.568758 0.654316 -4.12275 

T_nominal 348000
reduction #0  52  0.999448  3.13279 0.940865 2.1594 0.498761 0.800547 -3.99102 

T_nominal 343000
reduction #0  48  0.999693  1.63393 0.943163 2.22897 0.461887 0.799762 -3.63503 

T_nominal 338000
reduction #0  47  0.999512  0.810123 0.952922 2.30103 0.40526 0.910737 -3.40611 

T_nominal 333000
reduction #0  47  0.998787  0.38508 0.949138 2.375 0.348767 1.07199 -3.23037 
reduction #1  47  0.998787  0.38508 0.949138 2.375 0.348767 1.07199 -3.23037 

T_nominal 328000
reduction #0  45  0.997569  0.258373 0.713612 2.25553 0.338998 1.04623 -2.9341 
reduction #1  45  0.997569  0.258373 0.713612 2.25553 0.338998 1.04623 -2.9341 

T_nominal 323000
reduction #0  39  0.996366  2.08782 0.343966 0.957348 -2.57914 
reduction #1  39  0.996366  2.08782 0.343966 0.957348 -2.57914 

T_nominal 333000
reduction #0  47  0.998687  0.365607 0.975405 2.37595 0.343335 1.09396 -3.20812 
reduction #1  47  0.998687  0.365607 0.975405 2.37595 0.343335 1.09396 -3.20812 

T_nominal 343000
reduction #0  49  0.999683  1.52863 0.964714 2.22977 0.454362 0.813402 -3.59429 

T_nominal 353000
reduction #0  52  0.999686  5.35763 0.95183 2.09751 0.545199 0.727471 -4.15948 

T_nominal 363000
reduction #0  50  0.999906  17.0674 0.954744 2.00396 0.643004 0.600897 -4.58282 

T_nominal 373000
reduction #0  50  0.999935  50.2206 0.964391 1.93167 0.71322 0.546367 -5.03393 

T_nominal 383000
reduction #0  53  0.999937  135.342 0.971712 1.82615 0.763053 0.551078 -5.49658 

T_nominal 393000
reduction #0  53  0.999953  327.096 0.975933 1.75978 0.814963 0.505656 -5.85974 

T_nominal 403000
reduction #0  53  0.999966  704.326 0.980658 1.70883 0.855653 0.462677 -6.1893 

