Raw Data (#.=61)
log.afreq  log.sfreq  log.loss  storage   
==========================================
-0.773248 -1.57143 -0.324212 3.3504
-0.630391 -1.42857 -0.430731 3.3228
-0.487532 -1.28571 -0.512918 3.3013
-0.344674 -1.14285 -0.591082 3.2766
-0.20182 -1 -0.661145 3.2519
-0.0589614 -0.857141 -0.725334 3.2297
0.083893 -0.714285 -0.779291 3.2075
0.226752 -0.571428 -0.82281 3.1838
0.369609 -0.428571 -0.860593 3.1615
0.512468 -0.285712 -0.891367 3.1392
0.655326 -0.142855 -0.917179 3.1177
0.79818 0 -0.93723 3.0962
0.941039 0.142859 -0.952725 3.0758
1.08389 0.285715 -0.962534 3.0551
1.22675 0.428572 -0.967946 3.0347
1.36961 0.571429 -0.967422 3.0141
1.51247 0.714288 -0.963371 2.9936
1.65533 0.857145 -0.95413 2.9728
1.79818 1 -0.940626 2.9508
1.94104 1.14286 -0.924234 2.9283
2.08389 1.28571 -0.904621 2.9046
2.22675 1.42857 -0.88243 2.8793
2.36961 1.57143 -0.85855 2.8524
2.51247 1.71429 -0.833866 2.8233
2.65533 1.85715 -0.809668 2.7922
2.79818 2 -0.786349 2.7587
2.94104 2.14286 -0.764876 2.7229
3.08389 2.28571 -0.746153 2.685
3.22675 2.42857 -0.730487 2.645
3.36961 2.57143 -0.718399 2.6033
3.51247 2.71429 -0.71021 2.5605
3.65533 2.85715 -0.706019 2.5168
3.79818 3 -0.706019 2.4728
3.94104 3.14286 -0.710099 2.4292
4.08389 3.28571 -0.718217 2.3863
4.22675 3.42857 -0.730347 2.3445
4.36961 3.57143 -0.746202 2.3043
4.51247 3.71429 -0.765533 2.2661
4.65533 3.85715 -0.788132 2.2302
4.79818 4 -0.813977 2.1961
4.94104 4.14286 -0.842392 2.1648
5.08389 4.28571 -0.87309 2.136
5.22675 4.42857 -0.905354 2.1091
5.36961 4.57143 -0.938434 2.0847
5.51247 4.71429 -0.971876 2.0624
5.65533 4.85715 -1.00567 2.0421
5.79818 5 -1.03974 2.0223
5.94104 5.14286 -1.07418 2.0047
6.08389 5.28571 -1.10854 1.9886
6.22675 5.42857 -1.14316 1.9738
6.36961 5.57143 -1.17754 1.9603
6.51247 5.71429 -1.21241 1.948
6.65533 5.85715 -1.24679 1.9368
6.79818 6 -1.29915 1.9294
6.94104 6.14286 -1.40068 1.9215
7.08389 6.28571 -1.45689 1.9125
7.22675 6.42857 -1.54347 1.9069
7.36961 6.57143 -1.71032 1.9072
7.51247 6.71429 -1.7603 1.9039
7.65533 6.85715 -2.03744 1.9144
7.79818 7 -1.25396 1.9179


Cubic Spline Interpolation (Global Range)
log.afreq  log.sfreq  f  df  d2f         
=========================================
-0.773248 -1.57143 -0.324212 -0.851092 1.47642
-0.764677 -1.56286 -0.331453 -0.838437 1.47642
-0.756105 -1.55429 -0.338585 -0.825782 1.47642
-0.747534 -1.54571 -0.345609 -0.813127 1.47642
-0.738962 -1.53714 -0.352524 -0.800472 1.47642
-0.730391 -1.52857 -0.359331 -0.787817 1.47642
-0.721819 -1.52 -0.36603 -0.775162 1.47642
-0.713248 -1.51143 -0.37262 -0.762507 1.47642
-0.704677 -1.50286 -0.379101 -0.749852 1.47642
-0.696105 -1.49429 -0.385475 -0.737197 1.47642
-0.687534 -1.48571 -0.391739 -0.724542 1.47642
-0.678962 -1.47714 -0.397895 -0.711887 1.47642
-0.670391 -1.46857 -0.403943 -0.699232 1.47642
-0.661819 -1.46 -0.409882 -0.686577 1.47642
-0.653248 -1.45143 -0.415713 -0.673922 1.47642
-0.644677 -1.44286 -0.421435 -0.661267 1.47642
-0.636105 -1.43429 -0.427049 -0.648612 1.47642
-0.627534 -1.42571 -0.432554 -0.636006 1.44233
-0.618962 -1.41714 -0.437954 -0.624081 1.34005
-0.610391 -1.40857 -0.443255 -0.613033 1.23778
-0.601819 -1.4 -0.448466 -0.602862 1.1355
-0.593248 -1.39143 -0.453592 -0.593568 1.03323
-0.584677 -1.38286 -0.458643 -0.58515 0.930956
-0.576105 -1.37429 -0.463626 -0.577608 0.828683
-0.567534 -1.36571 -0.468548 -0.570944 0.726409
-0.558962 -1.35714 -0.473416 -0.565156 0.624135
-0.550391 -1.34857 -0.478239 -0.560244 0.521861
-0.541819 -1.34 -0.483023 -0.556209 0.419587
-0.533248 -1.33143 -0.487776 -0.553051 0.317313
-0.524677 -1.32286 -0.492506 -0.55077 0.215039
-0.516105 -1.31429 -0.497221 -0.549365 0.112765
-0.507534 -1.30571 -0.501926 -0.548837 0.0104912
-0.498962 -1.29714 -0.506632 -0.549185 -0.0917827
-0.490391 -1.28857 -0.511344 -0.55041 -0.194057
-0.481819 -1.28 -0.516069 -0.55222 -0.1943
-0.473248 -1.27143 -0.520809 -0.553668 -0.14348
-0.464677 -1.26286 -0.525559 -0.55468 -0.0926607
-0.456105 -1.25429 -0.530317 -0.555256 -0.041841
-0.447534 -1.24571 -0.535077 -0.555397 0.00897859
-0.438962 -1.23714 -0.539836 -0.555102 0.0597982
-0.430391 -1.22857 -0.544592 -0.554372 0.110618
-0.421819 -1.22 -0.549339 -0.553206 0.161438
-0.413248 -1.21143 -0.554074 -0.551605 0.212257
-0.404677 -1.20286 -0.558794 -0.549567 0.263077
-0.396105 -1.19429 -0.563494 -0.547095 0.313896
-0.387534 -1.18571 -0.568171 -0.544186 0.364716
-0.378962 -1.17714 -0.572822 -0.540842 0.415536
-0.370391 -1.16857 -0.577441 -0.537063 0.466355
-0.361819 -1.16 -0.582027 -0.532848 0.517175
-0.353248 -1.15143 -0.586575 -0.528197 0.567995
-0.344677 -1.14286 -0.591081 -0.523111 0.618814
-0.336105 -1.13429 -0.595542 -0.517931 0.589747
-0.327534 -1.12571 -0.59996 -0.513001 0.560655
-0.318962 -1.11714 -0.604337 -0.50832 0.531563
-0.310391 -1.10857 -0.608675 -0.503888 0.502472
-0.30182 -1.1 -0.612976 -0.499706 0.47338
-0.293248 -1.09143 -0.617242 -0.495773 0.444288
-0.284677 -1.08286 -0.621476 -0.49209 0.415196
-0.276105 -1.07429 -0.625679 -0.488656 0.386104
-0.267534 -1.06571 -0.629853 -0.485471 0.357012
-0.258962 -1.05714 -0.634002 -0.482535 0.32792
-0.250391 -1.04857 -0.638126 -0.479849 0.298829
-0.24182 -1.04 -0.642228 -0.477413 0.269737
-0.233248 -1.03143 -0.646311 -0.475225 0.240645
-0.224677 -1.02286 -0.650376 -0.473287 0.211553
-0.216105 -1.01429 -0.654425 -0.471599 0.182461
-0.207534 -1.00571 -0.658461 -0.470159 0.153369
-0.198962 -0.997142 -0.662486 -0.468943 0.142757
-0.190391 -0.988571 -0.6665 -0.467606 0.169094
-0.18182 -0.979999 -0.670501 -0.466044 0.19543
-0.173248 -0.971428 -0.674488 -0.464256 0.221767
-0.164677 -0.962857 -0.678459 -0.462243 0.248104
-0.156105 -0.954285 -0.682412 -0.460003 0.27444
-0.147534 -0.945714 -0.686344 -0.457538 0.300777
-0.138962 -0.937142 -0.690255 -0.454847 0.327114
-0.130391 -0.928571 -0.694141 -0.45193 0.35345
-0.12182 -0.919999 -0.698001 -0.448788 0.379787
-0.113248 -0.911428 -0.701834 -0.44542 0.406124
-0.104677 -0.902857 -0.705636 -0.441826 0.43246
-0.0961052 -0.894285 -0.709407 -0.438006 0.458797
-0.0875338 -0.885714 -0.713145 -0.43396 0.485134
-0.0789624 -0.877142 -0.716846 -0.429689 0.51147
-0.0703909 -0.868571 -0.72051 -0.425192 0.537807
-0.0618195 -0.859999 -0.724134 -0.42047 0.564144
-0.0532481 -0.851428 -0.727717 -0.41557 0.573288
-0.0446767 -0.842857 -0.731258 -0.410654 0.573829
-0.0361052 -0.834285 -0.734757 -0.405733 0.574371
-0.0275338 -0.825714 -0.738214 -0.400808 0.574912
-0.0189624 -0.817142 -0.741628 -0.395878 0.575454
-0.0103909 -0.808571 -0.745 -0.390943 0.575995
-0.00181951 -0.799999 -0.74833 -0.386004 0.576537
0.00675192 -0.791428 -0.751618 -0.38106 0.577078
0.0153233 -0.782857 -0.754863 -0.376111 0.577619
0.0238948 -0.774285 -0.758065 -0.371157 0.578161
0.0324662 -0.765714 -0.761225 -0.366199 0.578702
0.0410376 -0.757142 -0.764343 -0.361237 0.579244
0.0496091 -0.748571 -0.767418 -0.35627 0.579785
0.0581805 -0.739999 -0.77045 -0.351298 0.580327
0.0667519 -0.731428 -0.77344 -0.346321 0.580868
0.0753233 -0.722857 -0.776387 -0.34134 0.58141
0.0838948 -0.714285 -0.779292 -0.336354 0.581946
0.0924662 -0.705714 -0.782154 -0.331472 0.557144
0.101038 -0.697142 -0.784975 -0.326803 0.532342
0.109609 -0.688571 -0.787757 -0.322346 0.50754
0.11818 -0.679999 -0.790501 -0.318102 0.482737
0.126752 -0.671428 -0.79321 -0.314071 0.457935
0.135323 -0.662857 -0.795886 -0.310252 0.433133
0.143895 -0.654285 -0.79853 -0.306646 0.408331
0.152466 -0.645714 -0.801143 -0.303252 0.383529
0.161038 -0.637142 -0.803729 -0.300071 0.358727
0.169609 -0.628571 -0.806288 -0.297103 0.333925
0.17818 -0.619999 -0.808823 -0.294347 0.309123
0.186752 -0.611428 -0.811334 -0.291803 0.28432
0.195323 -0.602857 -0.813825 -0.289473 0.259518
0.203895 -0.594285 -0.816297 -0.287354 0.234716
0.212466 -0.585714 -0.818752 -0.285449 0.209914
0.221038 -0.577142 -0.821191 -0.283756 0.185112
0.229609 -0.568571 -0.823617 -0.282256 0.173804
0.23818 -0.559999 -0.82603 -0.280699 0.189486
0.246752 -0.551428 -0.828429 -0.279008 0.205167
0.255323 -0.542857 -0.830812 -0.277182 0.220849
0.263895 -0.534285 -0.83318 -0.275222 0.23653
0.272466 -0.525714 -0.83553 -0.273127 0.252212
0.281038 -0.517142 -0.837862 -0.270898 0.267893
0.289609 -0.508571 -0.840174 -0.268535 0.283575
0.29818 -0.499999 -0.842465 -0.266037 0.299257
0.306752 -0.491428 -0.844734 -0.263405 0.314938
0.315323 -0.482857 -0.84698 -0.260638 0.33062
0.323895 -0.474285 -0.849202 -0.257737 0.346301
0.332466 -0.465714 -0.851398 -0.254701 0.361983
0.341038 -0.457142 -0.853568 -0.251532 0.377665
0.349609 -0.448571 -0.85571 -0.248227 0.393346
0.35818 -0.439999 -0.857823 -0.244788 0.409028
0.366752 -0.431428 -0.859906 -0.241215 0.424709
0.375323 -0.422857 -0.861957 -0.237567 0.419637
0.383895 -0.414285 -0.863979 -0.234036 0.404187
0.392466 -0.405714 -0.86597 -0.230638 0.388737
0.401038 -0.397142 -0.867933 -0.227372 0.373288
0.409609 -0.388571 -0.869868 -0.224239 0.357838
0.41818 -0.379999 -0.871777 -0.221238 0.342389
0.426752 -0.371428 -0.873661 -0.218369 0.326939
0.435323 -0.362857 -0.875521 -0.215633 0.311489
0.443895 -0.354285 -0.877358 -0.21303 0.29604
0.452466 -0.345714 -0.879173 -0.210558 0.28059
0.461038 -0.337142 -0.880968 -0.208219 0.265141
0.469609 -0.328571 -0.882743 -0.206013 0.249691
0.47818 -0.319999 -0.8845 -0.203939 0.234242
0.486752 -0.311428 -0.88624 -0.201997 0.218792
0.495323 -0.302857 -0.887963 -0.200188 0.203342
0.503895 -0.294285 -0.889672 -0.198512 0.187893
0.512466 -0.285714 -0.891367 -0.196967 0.172443
0.521038 -0.277142 -0.893048 -0.195446 0.182434
0.529609 -0.268571 -0.894717 -0.19384 0.19243
0.53818 -0.259999 -0.896371 -0.192148 0.202427
0.546752 -0.251428 -0.898011 -0.19037 0.212423
0.555323 -0.242857 -0.899634 -0.188506 0.222419
0.563895 -0.234285 -0.901242 -0.186557 0.232415
0.572466 -0.225714 -0.902832 -0.184522 0.242412
0.581038 -0.217142 -0.904405 -0.182401 0.252408
0.589609 -0.208571 -0.905959 -0.180195 0.262404
0.59818 -0.199999 -0.907494 -0.177903 0.272401
0.606752 -0.191428 -0.909008 -0.175525 0.282397
0.615323 -0.182857 -0.910502 -0.173062 0.292393
0.623895 -0.174285 -0.911975 -0.170513 0.302389
0.632466 -0.165714 -0.913425 -0.167878 0.312386
0.641038 -0.157142 -0.914853 -0.165157 0.322382
0.649609 -0.148571 -0.916256 -0.162351 0.332378
0.65818 -0.139999 -0.917636 -0.159469 0.335567
0.666752 -0.131428 -0.91899 -0.156638 0.325121
0.675323 -0.122857 -0.920321 -0.153896 0.314675
0.683895 -0.114285 -0.921629 -0.151243 0.304229
0.692466 -0.105714 -0.922914 -0.14868 0.293783
0.701038 -0.0971423 -0.924178 -0.146207 0.283337
0.709609 -0.0885709 -0.925421 -0.143823 0.272891
0.71818 -0.0799994 -0.926644 -0.141529 0.262445
0.726752 -0.071428 -0.927847 -0.139324 0.251999
0.735323 -0.0628566 -0.929032 -0.137209 0.241553
0.743895 -0.0542852 -0.9302 -0.135183 0.231107
0.752466 -0.0457137 -0.93135 -0.133247 0.220661
0.761038 -0.0371423 -0.932484 -0.1314 0.210215
0.769609 -0.0285709 -0.933603 -0.129643 0.199769
0.77818 -0.0199994 -0.934707 -0.127976 0.189323
0.786752 -0.011428 -0.935797 -0.126398 0.178877
0.795323 -0.00285659 -0.936874 -0.124909 0.168432
0.803895 0.00571484 -0.937938 -0.12347 0.171985
0.812466 0.0142863 -0.93899 -0.121951 0.182537
0.821038 0.0228577 -0.940029 -0.120341 0.193088
0.829609 0.0314291 -0.941053 -0.118641 0.20364
0.83818 0.0400006 -0.942062 -0.11685 0.214192
0.846752 0.048572 -0.943056 -0.114969 0.224743
0.855323 0.0571434 -0.944033 -0.112997 0.235295
0.863895 0.0657148 -0.944993 -0.110935 0.245847
0.872466 0.0742863 -0.945934 -0.108783 0.256398
0.881038 0.0828577 -0.946857 -0.10654 0.26695
0.889609 0.0914291 -0.947761 -0.104207 0.277501
0.89818 0.100001 -0.948643 -0.101783 0.288053
0.906752 0.108572 -0.949505 -0.0992686 0.298605
0.915323 0.117143 -0.950345 -0.096664 0.309156
0.923895 0.125715 -0.951162 -0.0939688 0.319708
0.932466 0.134286 -0.951956 -0.0911833 0.33026
0.941038 0.142858 -0.952725 -0.0883072 0.340811
0.949609 0.151429 -0.953469 -0.0854367 0.328968
0.95818 0.160001 -0.95419 -0.0826678 0.317121
0.966752 0.168572 -0.954887 -0.0800004 0.305274
0.975323 0.177143 -0.955562 -0.0774345 0.293427
0.983895 0.185715 -0.956215 -0.0749702 0.28158
0.992466 0.194286 -0.956847 -0.0726074 0.269733
1.00104 0.202858 -0.95746 -0.0703462 0.257886
1.00961 0.211429 -0.958053 -0.0681865 0.246038
1.01818 0.220001 -0.958629 -0.0661284 0.234191
1.02675 0.228572 -0.959187 -0.0641718 0.222344
1.03532 0.237143 -0.959729 -0.0623168 0.210497
1.04389 0.245715 -0.960256 -0.0605633 0.19865
1.05247 0.254286 -0.960768 -0.0589114 0.186803
1.06104 0.262858 -0.961266 -0.057361 0.174956
1.06961 0.271429 -0.961751 -0.0559121 0.163109
1.07818 0.280001 -0.962225 -0.0545648 0.151262
1.08675 0.288572 -0.962687 -0.0533067 0.148072
1.09532 0.297143 -0.963138 -0.051977 0.162182
1.10389 0.305715 -0.963578 -0.0505264 0.176292
1.11247 0.314286 -0.964004 -0.0489549 0.190401
1.12104 0.322858 -0.964417 -0.0472624 0.204511
1.12961 0.331429 -0.964814 -0.045449 0.21862
1.13818 0.340001 -0.965195 -0.0435146 0.23273
1.14675 0.348572 -0.96556 -0.0414593 0.246839
1.15532 0.357143 -0.965906 -0.0392831 0.260949
1.16389 0.365715 -0.966233 -0.0369859 0.275058
1.17247 0.374286 -0.966539 -0.0345678 0.289168
1.18104 0.382858 -0.966825 -0.0320288 0.303278
1.18961 0.391429 -0.967088 -0.0293688 0.317387
1.19818 0.400001 -0.967328 -0.0265878 0.331497
1.20675 0.408572 -0.967544 -0.023686 0.345606
1.21532 0.417143 -0.967734 -0.0206632 0.359716
1.22389 0.425715 -0.967897 -0.0175194 0.373825
1.23247 0.434286 -0.968034 -0.0143148 0.366895
1.24104 0.442858 -0.968143 -0.0112448 0.349443
1.24961 0.451429 -0.968227 -0.00832438 0.331992
1.25818 0.460001 -0.968286 -0.00555352 0.31454
1.26675 0.468572 -0.968323 -0.00293226 0.297089
1.27532 0.477143 -0.968337 -0.000460574 0.279637
1.28389 0.485715 -0.968331 0.00186153 0.262186
1.29247 0.494286 -0.968306 0.00403404 0.244734
1.30104 0.502858 -0.968262 0.00605697 0.227283
1.30961 0.511429 -0.968202 0.00793032 0.209831
1.31818 0.520001 -0.968127 0.00965408 0.19238
1.32675 0.528572 -0.968037 0.0112283 0.174929
1.33532 0.537143 -0.967935 0.0126529 0.157477
1.34389 0.545715 -0.967821 0.0139279 0.140026
1.35247 0.554286 -0.967696 0.0150533 0.122574
1.36104 0.562858 -0.967563 0.0160291 0.105123
1.36961 0.571429 -0.967422 0.0168554 0.0876712
1.37818 0.580001 -0.967274 0.0176634 0.100873
1.38675 0.588572 -0.967119 0.0185847 0.114075
1.39532 0.597143 -0.966955 0.019619 0.127276
1.40389 0.605715 -0.966782 0.0207665 0.140478
1.41247 0.614286 -0.966599 0.0220272 0.15368
1.42104 0.622858 -0.966404 0.023401 0.166882
1.42961 0.631429 -0.966197 0.024888 0.180083
1.43818 0.640001 -0.965977 0.0264882 0.193285
1.44675 0.648572 -0.965743 0.0282015 0.206487
1.45532 0.657143 -0.965494 0.030028 0.219689
1.46389 0.665715 -0.965228 0.0319676 0.23289
1.47247 0.674286 -0.964945 0.0340204 0.246092
1.48104 0.682858 -0.964644 0.0361863 0.259294
1.48961 0.691429 -0.964325 0.0384654 0.272496
1.49818 0.700001 -0.963985 0.0408577 0.285697
1.50675 0.708572 -0.963624 0.0433631 0.298899
1.51532 0.717143 -0.963241 0.0459725 0.305698
1.52389 0.725715 -0.962836 0.048567 0.299677
1.53247 0.734286 -0.962409 0.0511098 0.293657
1.54104 0.742858 -0.96196 0.0536011 0.287636
1.54961 0.751429 -0.96149 0.0560407 0.281616
1.55818 0.76 -0.960999 0.0584288 0.275595
1.56675 0.768572 -0.960488 0.0607652 0.269575
1.57532 0.777143 -0.959958 0.0630501 0.263554
1.58389 0.785715 -0.959408 0.0652833 0.257534
1.59247 0.794286 -0.958839 0.0674649 0.251513
1.60104 0.802858 -0.958251 0.069595 0.245493
1.60961 0.811429 -0.957646 0.0716734 0.239473
1.61818 0.82 -0.957023 0.0737002 0.233452
1.62675 0.828572 -0.956382 0.0756754 0.227432
1.63532 0.837143 -0.955726 0.077599 0.221411
1.64389 0.845715 -0.955052 0.079471 0.215391
1.65247 0.854286 -0.954363 0.0812914 0.20937
1.66104 0.862858 -0.953659 0.0830613 0.20372
1.66961 0.871429 -0.95294 0.0847841 0.198255
1.67818 0.88 -0.952206 0.08646 0.192791
1.68675 0.888572 -0.951458 0.088089 0.187326
1.69532 0.897143 -0.950696 0.0896713 0.181861
1.70389 0.905715 -0.94992 0.0912066 0.176396
1.71247 0.914286 -0.949132 0.0926952 0.170931
1.72104 0.922858 -0.948332 0.0941369 0.165467
1.72961 0.931429 -0.947519 0.0955318 0.160002
1.73818 0.94 -0.946694 0.0968798 0.154537
1.74675 0.948572 -0.945858 0.098181 0.149072
1.75532 0.957143 -0.945011 0.0994353 0.143607
1.76389 0.965715 -0.944153 0.100643 0.138143
1.77247 0.974286 -0.943286 0.101803 0.132678
1.78104 0.982858 -0.942408 0.102917 0.127213
1.78961 0.991429 -0.941522 0.103984 0.121748
1.79818 1 -0.940626 0.105004 0.116284
1.80675 1.00857 -0.939722 0.106017 0.119893
1.81532 1.01714 -0.938808 0.10706 0.123501
1.82389 1.02571 -0.937886 0.108134 0.12711
1.83247 1.03429 -0.936955 0.109239 0.130719
1.84104 1.04286 -0.936013 0.110375 0.134328
1.84961 1.05143 -0.935062 0.111541 0.137936
1.85818 1.06 -0.934101 0.112739 0.141545
1.86675 1.06857 -0.93313 0.113968 0.145154
1.87532 1.07714 -0.932147 0.115228 0.148763
1.88389 1.08571 -0.931154 0.116518 0.152371
1.89247 1.09429 -0.93015 0.11784 0.15598
1.90104 1.10286 -0.929134 0.119192 0.159589
1.90961 1.11143 -0.928106 0.120575 0.163198
1.91818 1.12 -0.927067 0.12199 0.166806
1.92675 1.12857 -0.926015 0.123435 0.170415
1.93532 1.13714 -0.924951 0.124911 0.174024
1.94389 1.14571 -0.923874 0.126415 0.175405
1.95247 1.15429 -0.922784 0.127905 0.172329
1.96104 1.16286 -0.921681 0.129369 0.169253
1.96961 1.17143 -0.920566 0.130807 0.166177
1.97818 1.18 -0.919439 0.132218 0.163101
1.98675 1.18857 -0.9183 0.133603 0.160025
1.99532 1.19714 -0.917149 0.134961 0.156949
2.00389 1.20571 -0.915986 0.136293 0.153873
2.01247 1.21429 -0.914812 0.137599 0.150797
2.02104 1.22286 -0.913627 0.138879 0.147721
2.02961 1.23143 -0.912431 0.140132 0.144645
2.03818 1.24 -0.911225 0.141358 0.141568
2.04675 1.24857 -0.910008 0.142558 0.138492
2.05532 1.25714 -0.908781 0.143732 0.135416
2.06389 1.26571 -0.907544 0.14488 0.13234
2.07247 1.27429 -0.906298 0.146001 0.129264
2.08104 1.28286 -0.905042 0.147096 0.126188
2.08961 1.29143 -0.903776 0.148165 0.123382
2.09818 1.3 -0.902502 0.149211 0.120711
2.10675 1.30857 -0.901218 0.150234 0.118039
2.11532 1.31714 -0.899926 0.151235 0.115368
2.12389 1.32571 -0.898626 0.152212 0.112697
2.13247 1.33429 -0.897317 0.153167 0.110026
2.14104 1.34286 -0.896 0.154098 0.107354
2.14961 1.35143 -0.894675 0.155007 0.104683
2.15818 1.36 -0.893343 0.155893 0.102012
2.16675 1.36857 -0.892003 0.156756 0.0993407
2.17532 1.37714 -0.890656 0.157596 0.0966695
2.18389 1.38571 -0.889301 0.158413 0.0939982
2.19247 1.39429 -0.88794 0.159207 0.091327
2.20104 1.40286 -0.886572 0.159979 0.0886558
2.20961 1.41143 -0.885198 0.160727 0.0859845
2.21818 1.42 -0.883817 0.161453 0.0833133
2.22675 1.42857 -0.88243 0.162155 0.080642
2.23532 1.43714 -0.881037 0.162838 0.0787389
2.24389 1.44571 -0.879639 0.163505 0.0768357
2.25247 1.45429 -0.878234 0.164155 0.0749326
2.26104 1.46286 -0.876825 0.16479 0.0730295
2.26961 1.47143 -0.875409 0.165407 0.0711263
2.27818 1.48 -0.873989 0.166009 0.0692232
2.28675 1.48857 -0.872564 0.166594 0.0673201
2.29532 1.49714 -0.871133 0.167163 0.065417
2.30389 1.50571 -0.869698 0.167716 0.0635138
2.31247 1.51429 -0.868258 0.168252 0.0616107
2.32104 1.52286 -0.866814 0.168772 0.0597076
2.32961 1.53143 -0.865365 0.169275 0.0578044
2.33818 1.54 -0.863912 0.169763 0.0559013
2.34675 1.54857 -0.862455 0.170234 0.0539982
2.35532 1.55714 -0.860994 0.170688 0.052095
2.36389 1.56571 -0.859529 0.171127 0.0501919
2.37247 1.57429 -0.85806 0.171547 0.0471435
2.38104 1.58286 -0.856588 0.171928 0.0418046
2.38961 1.59143 -0.855113 0.172264 0.0364656
2.39818 1.6 -0.853635 0.172553 0.0311267
2.40675 1.60857 -0.852155 0.172797 0.0257877
2.41532 1.61714 -0.850673 0.172996 0.0204488
2.42389 1.62571 -0.849189 0.173148 0.0151098
2.43247 1.63429 -0.847705 0.173255 0.00977088
2.44104 1.64286 -0.846219 0.173315 0.00443193
2.44961 1.65143 -0.844734 0.173331 -0.000907014
2.45818 1.66 -0.843248 0.1733 -0.00624596
2.46675 1.66857 -0.841763 0.173223 -0.0115849
2.47532 1.67714 -0.840279 0.173101 -0.0169239
2.48389 1.68571 -0.838796 0.172933 -0.0222628
2.49247 1.69429 -0.837314 0.17272 -0.0276018
2.50104 1.70286 -0.835835 0.17246 -0.0329407
2.50961 1.71143 -0.834358 0.172155 -0.0382796
2.51818 1.72 -0.832884 0.171815 -0.0397187
2.52675 1.72857 -0.831413 0.171477 -0.0392058
2.53532 1.73714 -0.829944 0.171143 -0.0386929
2.54389 1.74571 -0.828479 0.170814 -0.03818
2.55247 1.75429 -0.827016 0.170488 -0.0376672
2.56104 1.76286 -0.825556 0.170168 -0.0371543
2.56961 1.77143 -0.824099 0.169852 -0.0366414
2.57818 1.78 -0.822644 0.16954 -0.0361285
2.58675 1.78857 -0.821192 0.169232 -0.0356157
2.59532 1.79714 -0.819743 0.168929 -0.0351028
2.60389 1.80571 -0.818296 0.16863 -0.0345899
2.61247 1.81429 -0.816852 0.168336 -0.0340771
2.62104 1.82286 -0.815411 0.168046 -0.0335642
2.62961 1.83143 -0.813972 0.167761 -0.0330513
2.63818 1.84 -0.812535 0.16748 -0.0325384
2.64675 1.84857 -0.8111 0.167203 -0.0320256
2.65532 1.85714 -0.809668 0.166931 -0.0315127
2.66389 1.86571 -0.808239 0.166645 -0.0351482
2.67247 1.87429 -0.806812 0.166328 -0.038785
2.68104 1.88286 -0.805388 0.16598 -0.0424218
2.68961 1.89143 -0.803966 0.165601 -0.0460586
2.69818 1.9 -0.802549 0.16519 -0.0496954
2.70675 1.90857 -0.801135 0.164749 -0.0533322
2.71532 1.91714 -0.799725 0.164276 -0.056969
2.72389 1.92571 -0.798319 0.163772 -0.0606059
2.73247 1.93429 -0.796917 0.163237 -0.0642427
2.74104 1.94286 -0.79552 0.162671 -0.0678795
2.74961 1.95143 -0.794129 0.162074 -0.0715163
2.75818 1.96 -0.792742 0.161445 -0.0751531
2.76675 1.96857 -0.791361 0.160785 -0.0787899
2.77532 1.97714 -0.789986 0.160094 -0.0824267
2.78389 1.98571 -0.788617 0.159372 -0.0860636
2.79247 1.99429 -0.787254 0.158619 -0.0897004
2.80104 2.00286 -0.785898 0.157835 -0.0931413
2.80961 2.01143 -0.784548 0.157023 -0.0961905
2.81818 2.02 -0.783206 0.156186 -0.0992398
2.82675 2.02857 -0.781871 0.155322 -0.102289
2.83532 2.03714 -0.780543 0.154432 -0.105338
2.84389 2.04571 -0.779223 0.153516 -0.108387
2.85247 2.05429 -0.777912 0.152574 -0.111437
2.86104 2.06286 -0.776608 0.151606 -0.114486
2.86961 2.07143 -0.775313 0.150612 -0.117535
2.87818 2.08 -0.774026 0.149591 -0.120584
2.88675 2.08857 -0.772748 0.148544 -0.123634
2.89532 2.09714 -0.77148 0.147472 -0.126683
2.90389 2.10571 -0.77022 0.146373 -0.129732
2.91247 2.11429 -0.768971 0.145248 -0.132781
2.92104 2.12286 -0.76773 0.144097 -0.13583
2.92961 2.13143 -0.7665 0.142919 -0.13888
2.93818 2.14 -0.765281 0.141716 -0.141929
2.94675 2.14857 -0.764071 0.140492 -0.143004
2.95532 2.15714 -0.762872 0.139266 -0.143091
2.96389 2.16571 -0.761684 0.138039 -0.143177
2.97247 2.17429 -0.760506 0.136811 -0.143264
2.98104 2.18286 -0.759338 0.135583 -0.143351
2.98961 2.19143 -0.758181 0.134354 -0.143438
2.99818 2.2 -0.757035 0.133124 -0.143525
3.00675 2.20857 -0.755899 0.131893 -0.143612
3.01532 2.21714 -0.754774 0.130662 -0.143698
3.02389 2.22571 -0.753659 0.12943 -0.143785
3.03247 2.23429 -0.752555 0.128197 -0.143872
3.04104 2.24286 -0.751462 0.126964 -0.143959
3.04961 2.25143 -0.750379 0.125729 -0.144046
3.05818 2.26 -0.749306 0.124494 -0.144133
3.06675 2.26857 -0.748245 0.123258 -0.144219
3.07532 2.27714 -0.747193 0.122022 -0.144306
3.08389 2.28571 -0.746153 0.120785 -0.144394
3.09247 2.29429 -0.745123 0.119538 -0.146435
3.10104 2.30286 -0.744104 0.118274 -0.148477
3.10961 2.31143 -0.743095 0.116993 -0.150519
3.11818 2.32 -0.742098 0.115694 -0.152561
3.12675 2.32857 -0.741112 0.114377 -0.154603
3.13532 2.33714 -0.740137 0.113044 -0.156644
3.14389 2.34571 -0.739174 0.111692 -0.158686
3.15247 2.35429 -0.738223 0.110323 -0.160728
3.16104 2.36286 -0.737283 0.108937 -0.16277
3.16961 2.37143 -0.736355 0.107533 -0.164812
3.17818 2.38 -0.73544 0.106111 -0.166854
3.18675 2.38857 -0.734536 0.104673 -0.168895
3.19532 2.39714 -0.733645 0.103216 -0.170937
3.20389 2.40571 -0.732767 0.101742 -0.172979
3.21247 2.41429 -0.731901 0.100251 -0.175021
3.22104 2.42286 -0.731048 0.0987418 -0.177063
3.22961 2.43143 -0.730209 0.0972159 -0.178731
3.23818 2.44 -0.729382 0.09568 -0.179652
3.24675 2.44857 -0.728568 0.0941362 -0.180573
3.25532 2.45714 -0.727768 0.0925845 -0.181494
3.26389 2.46571 -0.726981 0.0910248 -0.182415
3.27247 2.47429 -0.726208 0.0894573 -0.183336
3.28104 2.48286 -0.725448 0.087882 -0.184257
3.28961 2.49143 -0.724701 0.0862987 -0.185178
3.29818 2.5 -0.723968 0.0847075 -0.186099
3.30675 2.50857 -0.723249 0.0831084 -0.18702
3.31532 2.51714 -0.722544 0.0815014 -0.187941
3.32389 2.52571 -0.721852 0.0798866 -0.188862
3.33247 2.53429 -0.721174 0.0782638 -0.189783
3.34104 2.54286 -0.72051 0.0766331 -0.190704
3.34961 2.55143 -0.71986 0.0749946 -0.191624
3.35818 2.56 -0.719225 0.0733482 -0.192545
3.36675 2.56857 -0.718603 0.0716938 -0.193466
3.37532 2.57714 -0.717996 0.0700334 -0.193735
3.38389 2.58571 -0.717402 0.0683731 -0.193678
3.39247 2.59429 -0.716824 0.0667133 -0.19362
3.40104 2.60286 -0.716259 0.0650539 -0.193563
3.40961 2.61143 -0.715708 0.063395 -0.193505
3.41818 2.62 -0.715172 0.0617367 -0.193448
3.42675 2.62857 -0.71465 0.0600788 -0.193391
3.43532 2.63714 -0.714142 0.0584214 -0.193333
3.44389 2.64571 -0.713648 0.0567645 -0.193276
3.45247 2.65429 -0.713169 0.0551081 -0.193218
3.46104 2.66286 -0.712704 0.0534522 -0.193161
3.46961 2.67143 -0.712253 0.0517968 -0.193103
3.47818 2.68 -0.711816 0.0501418 -0.193046
3.48675 2.68857 -0.711393 0.0484874 -0.192989
3.49532 2.69714 -0.710985 0.0468335 -0.192931
3.50389 2.70571 -0.71059 0.04518 -0.192874
3.51247 2.71429 -0.71021 0.0435271 -0.192816
3.52104 2.72286 -0.709844 0.0418699 -0.193867
3.52961 2.73143 -0.709492 0.0402036 -0.194919
3.53818 2.74 -0.709155 0.0385284 -0.19597
3.54675 2.74857 -0.708832 0.0368441 -0.197021
3.55532 2.75714 -0.708523 0.0351509 -0.198073
3.56389 2.76571 -0.708229 0.0334486 -0.199124
3.57247 2.77429 -0.70795 0.0317373 -0.200175
3.58104 2.78286 -0.707685 0.030017 -0.201227
3.58961 2.79143 -0.707435 0.0282877 -0.202278
3.59818 2.8 -0.7072 0.0265494 -0.203329
3.60675 2.80857 -0.70698 0.0248021 -0.204381
3.61532 2.81714 -0.706775 0.0230457 -0.205432
3.62389 2.82571 -0.706585 0.0212804 -0.206483
3.63247 2.83429 -0.70641 0.019506 -0.207535
3.64104 2.84286 -0.706251 0.0177227 -0.208586
3.64961 2.85143 -0.706107 0.0159303 -0.209637
3.65818 2.86 -0.705978 0.0141297 -0.210092
3.66675 2.86857 -0.705864 0.0123321 -0.209351
3.67532 2.87714 -0.705766 0.0105409 -0.208609
3.68389 2.88571 -0.705684 0.00875595 -0.207868
3.69247 2.89429 -0.705616 0.0069774 -0.207127
3.70104 2.90286 -0.705564 0.0052052 -0.206386
3.70961 2.91143 -0.705527 0.00343936 -0.205645
3.71818 2.92 -0.705505 0.00167986 -0.204904
3.72675 2.92857 -0.705498 -7.3275e-05 -0.204162
3.73532 2.93714 -0.705506 -0.00182006 -0.203421
3.74389 2.94571 -0.705529 -0.0035605 -0.20268
3.75247 2.95429 -0.705567 -0.00529458 -0.201939
3.76104 2.96286 -0.70562 -0.00702231 -0.201198
3.76961 2.97143 -0.705688 -0.00874368 -0.200457
3.77818 2.98 -0.70577 -0.0104587 -0.199715
3.78675 2.98857 -0.705867 -0.0121674 -0.198974
3.79532 2.99714 -0.705979 -0.0138697 -0.198233
3.80389 3.00571 -0.706105 -0.015567 -0.197956
3.81247 3.01429 -0.706245 -0.0172636 -0.19791
3.82104 3.02286 -0.706401 -0.0189597 -0.197865
3.82961 3.03143 -0.70657 -0.0206555 -0.197819
3.83818 3.04 -0.706755 -0.0223509 -0.197774
3.84675 3.04857 -0.706954 -0.0240459 -0.197728
3.85532 3.05714 -0.707167 -0.0257405 -0.197683
3.86389 3.06571 -0.707395 -0.0274348 -0.197637
3.87247 3.07429 -0.707637 -0.0291286 -0.197591
3.88104 3.08286 -0.707894 -0.030822 -0.197546
3.88961 3.09143 -0.708166 -0.0325151 -0.1975
3.89818 3.1 -0.708452 -0.0342078 -0.197455
3.90675 3.10857 -0.708752 -0.0359 -0.197409
3.91532 3.11714 -0.709067 -0.0375919 -0.197364
3.92389 3.12571 -0.709397 -0.0392834 -0.197318
3.93247 3.13429 -0.70974 -0.0409745 -0.197273
3.94104 3.14286 -0.710099 -0.0426652 -0.197227
3.94961 3.15143 -0.710472 -0.0443566 -0.197415
3.95818 3.16 -0.710859 -0.0460495 -0.197602
3.96675 3.16857 -0.711261 -0.047744 -0.197789
3.97532 3.17714 -0.711678 -0.0494402 -0.197977
3.98389 3.18571 -0.712109 -0.0511379 -0.198164
3.99247 3.19429 -0.712554 -0.0528373 -0.198352
4.00104 3.20286 -0.713015 -0.0545382 -0.198539
4.00961 3.21143 -0.713489 -0.0562408 -0.198726
4.01818 3.22 -0.713979 -0.057945 -0.198914
4.02675 3.22857 -0.714483 -0.0596507 -0.199101
4.03532 3.23714 -0.715001 -0.0613581 -0.199289
4.04389 3.24571 -0.715535 -0.0630671 -0.199476
4.05247 3.25429 -0.716083 -0.0647777 -0.199664
4.06104 3.26286 -0.716645 -0.0664899 -0.199851
4.06961 3.27143 -0.717222 -0.0682037 -0.200038
4.07818 3.28 -0.717814 -0.0699192 -0.200226
4.08675 3.28857 -0.718421 -0.0716355 -0.19996
4.09532 3.29714 -0.719042 -0.0733444 -0.198787
4.10389 3.30571 -0.719678 -0.0750433 -0.197614
4.11247 3.31429 -0.720329 -0.0767321 -0.196441
4.12104 3.32286 -0.720994 -0.0784109 -0.195269
4.12961 3.33143 -0.721673 -0.0800796 -0.194096
4.13818 3.34 -0.722366 -0.0817382 -0.192923
4.14675 3.34857 -0.723074 -0.0833868 -0.19175
4.15532 3.35714 -0.723796 -0.0850254 -0.190578
4.16389 3.36571 -0.724532 -0.0866539 -0.189405
4.17247 3.37429 -0.725281 -0.0882723 -0.188232
4.18104 3.38286 -0.726045 -0.0898807 -0.187059
4.18961 3.39143 -0.726822 -0.091479 -0.185887
4.19818 3.4 -0.727613 -0.0930673 -0.184714
4.20675 3.40857 -0.728418 -0.0946456 -0.183541
4.21532 3.41714 -0.729236 -0.0962138 -0.182368
4.22389 3.42571 -0.730067 -0.0977719 -0.181196
4.23247 3.43429 -0.730912 -0.0993211 -0.180437
4.24104 3.44286 -0.73177 -0.100865 -0.179887
4.24961 3.45143 -0.732641 -0.102405 -0.179336
4.25818 3.46 -0.733525 -0.10394 -0.178785
4.26675 3.46857 -0.734422 -0.10547 -0.178234
4.27532 3.47714 -0.735333 -0.106995 -0.177684
4.28389 3.48571 -0.736257 -0.108516 -0.177133
4.29247 3.49429 -0.737193 -0.110032 -0.176582
4.30104 3.50286 -0.738143 -0.111543 -0.176031
4.30961 3.51143 -0.739105 -0.113049 -0.175481
4.31818 3.52 -0.740081 -0.114551 -0.17493
4.32675 3.52857 -0.741069 -0.116048 -0.174379
4.33532 3.53714 -0.74207 -0.117541 -0.173828
4.34389 3.54571 -0.743084 -0.119028 -0.173277
4.35247 3.55429 -0.744111 -0.120511 -0.172727
4.36104 3.56286 -0.74515 -0.121989 -0.172176
4.36961 3.57143 -0.746202 -0.123463 -0.171625
4.37818 3.58 -0.747267 -0.124929 -0.170601
4.38675 3.58857 -0.748344 -0.126387 -0.169577
4.39532 3.59714 -0.749433 -0.127836 -0.168552
4.40389 3.60571 -0.750535 -0.129277 -0.167528
4.41247 3.61429 -0.751649 -0.130708 -0.166504
4.42104 3.62286 -0.752776 -0.132131 -0.16548
4.42961 3.63143 -0.753914 -0.133545 -0.164456
4.43818 3.64 -0.755065 -0.13495 -0.163431
4.44675 3.64857 -0.756228 -0.136347 -0.162407
4.45532 3.65714 -0.757402 -0.137734 -0.161383
4.46389 3.66571 -0.758589 -0.139113 -0.160359
4.47247 3.67429 -0.759787 -0.140483 -0.159334
4.48104 3.68286 -0.760997 -0.141845 -0.15831
4.48961 3.69143 -0.762219 -0.143197 -0.157286
4.49818 3.7 -0.763452 -0.144541 -0.156262
4.50675 3.70857 -0.764697 -0.145876 -0.155237
4.51532 3.71714 -0.765953 -0.147203 -0.154883
4.52389 3.72571 -0.76722 -0.148535 -0.155868
4.53247 3.73429 -0.768499 -0.149875 -0.156853
4.54104 3.74286 -0.769789 -0.151224 -0.157838
4.54961 3.75143 -0.771091 -0.152581 -0.158823
4.55818 3.76 -0.772405 -0.153947 -0.159808
4.56675 3.76857 -0.773731 -0.155321 -0.160794
4.57532 3.77714 -0.775068 -0.156703 -0.161779
4.58389 3.78571 -0.776417 -0.158094 -0.162764
4.59247 3.79429 -0.777778 -0.159493 -0.163749
4.60104 3.80286 -0.779151 -0.160901 -0.164734
4.60961 3.81143 -0.780536 -0.162317 -0.16572
4.61818 3.82 -0.781934 -0.163742 -0.166705
4.62675 3.82857 -0.783343 -0.165175 -0.16769
4.63532 3.83714 -0.784765 -0.166617 -0.168675
4.64389 3.84571 -0.7862 -0.168067 -0.16966
4.65247 3.85429 -0.787646 -0.169525 -0.170646
4.66104 3.86286 -0.789106 -0.170984 -0.16878
4.66961 3.87143 -0.790578 -0.172416 -0.165486
4.67818 3.88 -0.792061 -0.173821 -0.162193
4.68675 3.88857 -0.793557 -0.175197 -0.1589
4.69532 3.89714 -0.795065 -0.176545 -0.155607
4.70389 3.90571 -0.796584 -0.177864 -0.152313
4.71247 3.91429 -0.798114 -0.179156 -0.14902
4.72104 3.92286 -0.799655 -0.180419 -0.145727
4.72961 3.93143 -0.801207 -0.181654 -0.142433
4.73818 3.94 -0.802769 -0.182861 -0.13914
4.74675 3.94857 -0.804341 -0.184039 -0.135847
4.75532 3.95714 -0.805924 -0.18519 -0.132553
4.76389 3.96571 -0.807516 -0.186312 -0.12926
4.77247 3.97429 -0.809118 -0.187405 -0.125967
4.78104 3.98286 -0.810728 -0.188471 -0.122673
4.78961 3.99143 -0.812348 -0.189508 -0.11938
4.79818 4 -0.813977 -0.190518 -0.116087
4.80675 4.00857 -0.815614 -0.191514 -0.116321
4.81532 4.01714 -0.81726 -0.192512 -0.116555
4.82389 4.02571 -0.818915 -0.193512 -0.116789
4.83247 4.03429 -0.820578 -0.194514 -0.117023
4.84104 4.04286 -0.822249 -0.195518 -0.117257
4.84961 4.05143 -0.823929 -0.196524 -0.117491
4.85818 4.06 -0.825618 -0.197532 -0.117725
4.86675 4.06857 -0.827316 -0.198542 -0.117959
4.87532 4.07714 -0.829022 -0.199554 -0.118193
4.88389 4.08571 -0.830736 -0.200568 -0.118427
4.89247 4.09429 -0.83246 -0.201584 -0.118661
4.90104 4.10286 -0.834192 -0.202602 -0.118895
4.90961 4.11143 -0.835933 -0.203622 -0.119129
4.91818 4.12 -0.837683 -0.204645 -0.119363
4.92675 4.12857 -0.839441 -0.205669 -0.119597
4.93532 4.13714 -0.841209 -0.206695 -0.119831
4.94389 4.14571 -0.842985 -0.207722 -0.119097
4.95247 4.15429 -0.844769 -0.208731 -0.116427
4.96104 4.16286 -0.846563 -0.209717 -0.113756
4.96961 4.17143 -0.848365 -0.210681 -0.111085
4.97818 4.18 -0.850174 -0.211622 -0.108414
4.98675 4.18857 -0.851992 -0.21254 -0.105744
4.99532 4.19714 -0.853818 -0.213434 -0.103073
5.00389 4.20571 -0.855651 -0.214307 -0.100402
5.01247 4.21429 -0.857492 -0.215156 -0.0977315
5.02104 4.22286 -0.859339 -0.215982 -0.0950607
5.02961 4.23143 -0.861194 -0.216785 -0.09239
5.03818 4.24 -0.863056 -0.217566 -0.0897192
5.04675 4.24857 -0.864924 -0.218323 -0.0870485
5.05532 4.25714 -0.866798 -0.219058 -0.0843778
5.06389 4.26571 -0.868679 -0.21977 -0.081707
5.07247 4.27429 -0.870566 -0.220459 -0.0790363
5.08104 4.28286 -0.872458 -0.221125 -0.0763655
5.08961 4.29143 -0.874356 -0.221769 -0.0739841
5.09818 4.3 -0.87626 -0.222393 -0.0717474
5.10675 4.30857 -0.878169 -0.222999 -0.0695106
5.11532 4.31714 -0.880083 -0.223585 -0.0672738
5.12389 4.32571 -0.882002 -0.224152 -0.065037
5.13247 4.33429 -0.883925 -0.2247 -0.0628002
5.14104 4.34286 -0.885854 -0.225228 -0.0605634
5.14961 4.35143 -0.887786 -0.225738 -0.0583266
5.15818 4.36 -0.889723 -0.226228 -0.0560898
5.16675 4.36857 -0.891664 -0.2267 -0.053853
5.17532 4.37714 -0.89361 -0.227152 -0.0516162
5.18389 4.38571 -0.895558 -0.227584 -0.0493794
5.19247 4.39429 -0.897511 -0.227998 -0.0471426
5.20104 4.40286 -0.899467 -0.228393 -0.0449058
5.20961 4.41143 -0.901426 -0.228768 -0.042669
5.21818 4.42 -0.903389 -0.229124 -0.0404322
5.22675 4.42857 -0.905354 -0.229461 -0.0381955
5.23532 4.43714 -0.907322 -0.229782 -0.0366104
5.24389 4.44571 -0.909293 -0.230089 -0.0350253
5.25247 4.45429 -0.911266 -0.230382 -0.0334403
5.26104 4.46286 -0.913242 -0.230662 -0.0318552
5.26961 4.47143 -0.915221 -0.230928 -0.0302702
5.27818 4.48 -0.917201 -0.231181 -0.0286851
5.28675 4.48857 -0.919184 -0.23142 -0.0271001
5.29532 4.49714 -0.921168 -0.231645 -0.025515
5.30389 4.50571 -0.923155 -0.231857 -0.02393
5.31247 4.51429 -0.925143 -0.232056 -0.0223449
5.32104 4.52286 -0.927133 -0.23224 -0.0207599
5.32961 4.53143 -0.929124 -0.232411 -0.0191748
5.33818 4.54 -0.931117 -0.232569 -0.0175898
5.34675 4.54857 -0.933111 -0.232713 -0.0160047
5.35532 4.55714 -0.935106 -0.232843 -0.0144196
5.36389 4.56571 -0.937103 -0.23296 -0.0128346
5.37247 4.57429 -0.9391 -0.233064 -0.011962
5.38104 4.58286 -0.941098 -0.233169 -0.0125143
5.38961 4.59143 -0.943097 -0.233279 -0.0130666
5.39818 4.6 -0.945097 -0.233393 -0.0136189
5.40675 4.60857 -0.947098 -0.233512 -0.0141712
5.41532 4.61714 -0.9491 -0.233636 -0.0147235
5.42389 4.62571 -0.951103 -0.233765 -0.0152758
5.43247 4.63429 -0.953108 -0.233898 -0.0158281
5.44104 4.64286 -0.955113 -0.234036 -0.0163804
5.44961 4.65143 -0.95712 -0.234179 -0.0169327
5.45818 4.66 -0.959127 -0.234326 -0.017485
5.46675 4.66857 -0.961137 -0.234479 -0.0180373
5.47532 4.67714 -0.963147 -0.234636 -0.0185896
5.48389 4.68571 -0.965159 -0.234797 -0.0191419
5.49247 4.69429 -0.967172 -0.234964 -0.0196942
5.50104 4.70286 -0.969187 -0.235135 -0.0202466
5.50961 4.71143 -0.971203 -0.235311 -0.0207989
5.51818 4.72 -0.973221 -0.235489 -0.0204578
5.52675 4.72857 -0.97524 -0.235661 -0.0196695
5.53532 4.73714 -0.977261 -0.235826 -0.0188812
5.54389 4.74571 -0.979283 -0.235985 -0.0180929
5.55247 4.75429 -0.981306 -0.236136 -0.0173046
5.56104 4.76286 -0.983331 -0.236281 -0.0165163
5.56961 4.77143 -0.985357 -0.236419 -0.0157281
5.57818 4.78 -0.987384 -0.236551 -0.0149398
5.58675 4.78857 -0.989412 -0.236676 -0.0141515
5.59532 4.79714 -0.991441 -0.236793 -0.0133632
5.60389 4.80571 -0.993471 -0.236905 -0.0125749
5.61247 4.81429 -0.995502 -0.237009 -0.0117866
5.62104 4.82286 -0.997534 -0.237107 -0.0109984
5.62961 4.83143 -0.999567 -0.237198 -0.0102101
5.63818 4.84 -1.0016 -0.237282 -0.0094218
5.64675 4.84857 -1.00363 -0.237359 -0.00863352
5.65532 4.85714 -1.00567 -0.23743 -0.00784524
5.66389 4.86571 -1.0077 -0.237503 -0.00917049
5.67247 4.87429 -1.00974 -0.237587 -0.0104964
5.68104 4.88286 -1.01178 -0.237683 -0.0118224
5.68961 4.89143 -1.01382 -0.23779 -0.0131484
5.69818 4.9 -1.01585 -0.237908 -0.0144743
5.70675 4.90857 -1.01789 -0.238038 -0.0158003
5.71532 4.91714 -1.01993 -0.238179 -0.0171262
5.72389 4.92571 -1.02198 -0.238331 -0.0184522
5.73247 4.93429 -1.02402 -0.238495 -0.0197782
5.74104 4.94286 -1.02607 -0.23867 -0.0211041
5.74961 4.95143 -1.02811 -0.238857 -0.0224301
5.75818 4.96 -1.03016 -0.239055 -0.023756
5.76675 4.96857 -1.03221 -0.239264 -0.025082
5.77532 4.97714 -1.03426 -0.239485 -0.026408
5.78389 4.98571 -1.03632 -0.239717 -0.0277339
5.79247 4.99429 -1.03837 -0.23996 -0.0290599
5.80104 5.00286 -1.04043 -0.240213 -0.028914
5.80961 5.01143 -1.04249 -0.240448 -0.0258248
5.81818 5.02 -1.04455 -0.240656 -0.0227356
5.82675 5.02857 -1.04661 -0.240837 -0.0196464
5.83532 5.03714 -1.04868 -0.240992 -0.0165573
5.84389 5.04571 -1.05075 -0.241121 -0.0134681
5.85247 5.05429 -1.05281 -0.241223 -0.0103789
5.86104 5.06286 -1.05488 -0.241299 -0.00728973
5.86961 5.07143 -1.05695 -0.241348 -0.00420055
5.87818 5.08 -1.05902 -0.241371 -0.00111137
5.88675 5.08857 -1.06109 -0.241367 0.00197781
5.89532 5.09714 -1.06316 -0.241337 0.00506699
5.90389 5.10571 -1.06522 -0.241281 0.00815616
5.91247 5.11429 -1.06729 -0.241197 0.0112453
5.92104 5.12286 -1.06936 -0.241088 0.0143345
5.92961 5.13143 -1.07143 -0.240952 0.0174237
5.93818 5.14 -1.07349 -0.240789 0.0205129
5.94675 5.14857 -1.07555 -0.240612 0.0192654
5.95532 5.15714 -1.07761 -0.240462 0.0158479
5.96389 5.16571 -1.07968 -0.240341 0.0124303
5.97247 5.17429 -1.08173 -0.240249 0.00901279
5.98104 5.18286 -1.08379 -0.240186 0.00559523
5.98961 5.19143 -1.08585 -0.240153 0.00217768
5.99818 5.2 -1.08791 -0.240149 -0.00123987
6.00675 5.20857 -1.08997 -0.240174 -0.00465743
6.01532 5.21714 -1.09203 -0.240229 -0.00807498
6.02389 5.22571 -1.09409 -0.240313 -0.0114925
6.03247 5.23429 -1.09615 -0.240426 -0.0149101
6.04104 5.24286 -1.09821 -0.240568 -0.0183276
6.04961 5.25143 -1.10027 -0.24074 -0.0217452
6.05818 5.26 -1.10234 -0.240941 -0.0251627
6.06675 5.26857 -1.1044 -0.241171 -0.0285803
6.07532 5.27714 -1.10647 -0.241431 -0.0319979
6.08389 5.28571 -1.10854 -0.24172 -0.0354139
6.09247 5.29429 -1.11061 -0.242003 -0.030612
6.10104 5.30286 -1.11269 -0.242245 -0.0258101
6.10961 5.31143 -1.11477 -0.242445 -0.0210082
6.11818 5.32 -1.11685 -0.242605 -0.0162063
6.12675 5.32857 -1.11893 -0.242723 -0.0114045
6.13532 5.33714 -1.12101 -0.2428 -0.00660256
6.14389 5.34571 -1.12309 -0.242836 -0.00180066
6.15247 5.35429 -1.12517 -0.242831 0.00300123
6.16104 5.36286 -1.12725 -0.242785 0.00780313
6.16961 5.37143 -1.12933 -0.242697 0.012605
6.17818 5.38 -1.13141 -0.242569 0.0174069
6.18675 5.38857 -1.13349 -0.242399 0.0222088
6.19532 5.39714 -1.13557 -0.242188 0.0270107
6.20389 5.40571 -1.13764 -0.241936 0.0318126
6.21247 5.41429 -1.13971 -0.241643 0.0366145
6.22104 5.42286 -1.14178 -0.241308 0.0414164
6.22961 5.43143 -1.14385 -0.240938 0.0423023
6.23818 5.44 -1.14591 -0.240605 0.0353551
6.24675 5.44857 -1.14798 -0.240332 0.0284078
6.25532 5.45714 -1.15003 -0.240118 0.0214606
6.26389 5.46571 -1.15209 -0.239964 0.0145133
6.27247 5.47429 -1.15415 -0.23987 0.00756606
6.28104 5.48286 -1.1562 -0.239835 0.000618802
6.28961 5.49143 -1.15826 -0.239859 -0.00632845
6.29818 5.5 -1.16032 -0.239943 -0.0132757
6.30675 5.50857 -1.16237 -0.240087 -0.020223
6.31532 5.51714 -1.16443 -0.24029 -0.0271702
6.32389 5.52571 -1.16649 -0.240552 -0.0341175
6.33247 5.53429 -1.16856 -0.240875 -0.0410647
6.34104 5.54286 -1.17062 -0.241256 -0.048012
6.34961 5.55143 -1.17269 -0.241698 -0.0549593
6.35818 5.56 -1.17477 -0.242198 -0.0619065
6.36675 5.56857 -1.17684 -0.242759 -0.0688538
6.37532 5.57714 -1.17893 -0.243347 -0.0645715
6.38389 5.58571 -1.18102 -0.243858 -0.0546739
6.39247 5.59429 -1.18311 -0.244284 -0.0447762
6.40104 5.60286 -1.1852 -0.244625 -0.0348786
6.40961 5.61143 -1.1873 -0.244882 -0.024981
6.41818 5.62 -1.1894 -0.245054 -0.0150834
6.42675 5.62857 -1.1915 -0.245141 -0.00518577
6.43532 5.63714 -1.1936 -0.245143 0.00471185
6.44389 5.64571 -1.1957 -0.24506 0.0146095
6.45247 5.65429 -1.1978 -0.244892 0.0245071
6.46104 5.66286 -1.1999 -0.24464 0.0344047
6.46961 5.67143 -1.202 -0.244302 0.0443023
6.47818 5.68 -1.20409 -0.24388 0.0541999
6.48675 5.68857 -1.20618 -0.243373 0.0640976
6.49532 5.69714 -1.20826 -0.242781 0.0739952
6.50389 5.70571 -1.21034 -0.242105 0.0838928
6.51247 5.71429 -1.21241 -0.241343 0.0937904
6.52104 5.72286 -1.21448 -0.240604 0.0786385
6.52961 5.73143 -1.21654 -0.239995 0.0634807
6.53818 5.74 -1.21859 -0.239516 0.0483228
6.54675 5.74857 -1.22064 -0.239167 0.033165
6.55532 5.75714 -1.22269 -0.238947 0.0180071
6.56389 5.76571 -1.22474 -0.238858 0.00284924
6.57247 5.77429 -1.22679 -0.238899 -0.0123086
6.58104 5.78286 -1.22884 -0.239069 -0.0274665
6.58961 5.79143 -1.23089 -0.239369 -0.0426243
6.59818 5.8 -1.23294 -0.2398 -0.0577822
6.60675 5.80857 -1.235 -0.24036 -0.07294
6.61532 5.81714 -1.23706 -0.24105 -0.0880979
6.62389 5.82571 -1.23913 -0.24187 -0.103256
6.63247 5.83429 -1.24121 -0.24282 -0.118414
6.64104 5.84286 -1.24329 -0.2439 -0.133571
6.64961 5.85143 -1.24539 -0.24511 -0.148729
6.65818 5.86 -1.24749 -0.246573 -0.250455
6.66675 5.86857 -1.24962 -0.249899 -0.525582
6.67532 5.87714 -1.25179 -0.255583 -0.800708
6.68389 5.88571 -1.25401 -0.263626 -1.07583
6.69247 5.89429 -1.25631 -0.274026 -1.35096
6.70104 5.90286 -1.25871 -0.286785 -1.62609
6.70961 5.91143 -1.26123 -0.301902 -1.90121
6.71818 5.92 -1.2639 -0.319377 -2.17634
6.72675 5.92857 -1.26672 -0.339211 -2.45147
6.73532 5.93714 -1.26972 -0.361402 -2.72659
6.74389 5.94571 -1.27292 -0.385952 -3.00172
6.75247 5.95429 -1.27634 -0.41286 -3.27685
6.76104 5.96286 -1.28 -0.442127 -3.55197
6.76961 5.97143 -1.28393 -0.473751 -3.8271
6.77818 5.98 -1.28813 -0.507734 -4.10223
6.78675 5.98857 -1.29264 -0.544075 -4.37735
6.79532 5.99714 -1.29746 -0.582775 -4.65248
6.80389 6.00571 -1.30263 -0.622231 -4.3673
6.81247 6.01429 -1.30812 -0.657242 -3.80201
6.82104 6.02286 -1.31388 -0.687408 -3.23671
6.82961 6.03143 -1.31989 -0.712729 -2.67142
6.83818 6.04 -1.32609 -0.733204 -2.10613
6.84675 6.04857 -1.33244 -0.748834 -1.54083
6.85532 6.05714 -1.33891 -0.759618 -0.975536
6.86389 6.06571 -1.34545 -0.765558 -0.410242
6.87247 6.07429 -1.35202 -0.766651 0.155053
6.88104 6.08286 -1.35858 -0.762899 0.720347
6.88961 6.09143 -1.36509 -0.754302 1.28564
6.89818 6.1 -1.3715 -0.74086 1.85094
6.90675 6.10857 -1.37777 -0.722572 2.41623
6.91532 6.11714 -1.38387 -0.699439 2.98152
6.92389 6.12571 -1.38975 -0.67146 3.54682
6.93247 6.13429 -1.39537 -0.638636 4.11211
6.94104 6.14286 -1.40068 -0.600967 4.67741
6.94961 6.15143 -1.40567 -0.56224 4.3586
6.95818 6.16 -1.41033 -0.526248 4.03963
6.96675 6.16857 -1.4147 -0.49299 3.72065
6.97532 6.17714 -1.41879 -0.462465 3.40168
6.98389 6.18571 -1.42263 -0.434675 3.08271
6.99247 6.19429 -1.42625 -0.409619 2.76373
7.00104 6.20286 -1.42966 -0.387297 2.44476
7.00961 6.21143 -1.4329 -0.367709 2.12579
7.01818 6.22 -1.43597 -0.350855 1.80681
7.02675 6.22857 -1.43892 -0.336735 1.48784
7.03532 6.23714 -1.44175 -0.325349 1.16886
7.04389 6.24571 -1.4445 -0.316697 0.849889
7.05247 6.25429 -1.44719 -0.310779 0.530915
7.06104 6.26286 -1.44984 -0.307596 0.211942
7.06961 6.27143 -1.45247 -0.307146 -0.107032
7.07818 6.28 -1.45511 -0.309431 -0.426006
7.08675 6.28857 -1.45778 -0.314595 -0.846989
7.09532 6.29714 -1.46052 -0.324533 -1.47183
7.10389 6.30571 -1.46336 -0.339826 -2.09667
7.11247 6.31429 -1.46636 -0.360476 -2.72151
7.12104 6.32286 -1.46956 -0.386481 -3.34635
7.12961 6.33143 -1.473 -0.417842 -3.97119
7.13818 6.34 -1.47674 -0.454558 -4.59603
7.14675 6.34857 -1.48081 -0.496631 -5.22087
7.15532 6.35714 -1.48527 -0.544059 -5.84571
7.16389 6.36571 -1.49015 -0.596843 -6.47055
7.17247 6.37429 -1.49551 -0.654982 -7.09539
7.18104 6.38286 -1.50139 -0.718478 -7.72023
7.18961 6.39143 -1.50784 -0.787329 -8.34507
7.19818 6.4 -1.51491 -0.861536 -8.96991
7.20675 6.40857 -1.52263 -0.941099 -9.59475
7.21532 6.41714 -1.53106 -1.02602 -10.2196
7.22389 6.42571 -1.54023 -1.11629 -10.8444
7.23247 6.43429 -1.5502 -1.20704 -9.76077
7.24104 6.44286 -1.56088 -1.2824 -7.82271
7.24961 6.45143 -1.57213 -1.34114 -5.88464
7.25818 6.46 -1.58382 -1.38328 -3.94658
7.26675 6.46857 -1.5958 -1.4088 -2.00852
7.27532 6.47714 -1.60793 -1.41771 -0.0704518
7.28389 6.48571 -1.62006 -1.41001 1.86761
7.29247 6.49429 -1.63205 -1.38569 3.80568
7.30104 6.50286 -1.64376 -1.34477 5.74374
7.30961 6.51143 -1.65506 -1.28723 7.6818
7.31818 6.52 -1.66578 -1.21308 9.61987
7.32675 6.52857 -1.6758 -1.12232 11.5579
7.33532 6.53714 -1.68497 -1.01494 13.496
7.34389 6.54571 -1.69316 -0.890958 15.4341
7.35247 6.55429 -1.7002 -0.75036 17.3721
7.36104 6.56286 -1.70597 -0.59315 19.3102
7.36961 6.57143 -1.71032 -0.419328 21.2482
7.37818 6.58 -1.71318 -0.25284 17.5988
7.38675 6.58857 -1.71475 -0.117634 13.9493
7.39532 6.59714 -1.71529 -0.0137094 10.2997
7.40389 6.60571 -1.71507 0.058933 6.65018
7.41247 6.61429 -1.71437 0.100294 3.00062
7.42104 6.62286 -1.71344 0.110372 -0.648931
7.42961 6.63143 -1.71256 0.0891691 -4.29848
7.43818 6.64 -1.712 0.036684 -7.94804
7.44675 6.64857 -1.71202 -0.047083 -11.5976
7.45532 6.65714 -1.7129 -0.162132 -15.2471
7.46389 6.66571 -1.71489 -0.308463 -18.8967
7.47247 6.67429 -1.71827 -0.486075 -22.5463
7.48104 6.68286 -1.72331 -0.69497 -26.1958
7.48961 6.69143 -1.73028 -0.935146 -29.8454
7.49818 6.7 -1.73943 -1.2066 -33.4949
7.50675 6.70857 -1.75105 -1.50934 -37.1445
7.51532 6.71714 -1.76539 -1.8385 -37.3828
7.52389 6.72571 -1.78244 -2.13067 -30.7912
7.53247 6.73429 -1.80176 -2.36635 -24.1997
7.54104 6.74286 -1.82285 -2.54552 -17.6081
7.54961 6.75143 -1.84523 -2.6682 -11.0166
7.55818 6.76 -1.86843 -2.73438 -4.425
7.56675 6.76857 -1.89195 -2.74406 2.16656
7.57532 6.77714 -1.91531 -2.69724 8.75812
7.58389 6.78571 -1.93802 -2.59392 15.3497
7.59247 6.79429 -1.95961 -2.4341 21.9412
7.60104 6.80286 -1.97959 -2.21778 28.5328
7.60961 6.81143 -1.99747 -1.94497 35.1244
7.61818 6.82 -2.01277 -1.61565 41.7159
7.62675 6.82857 -2.02501 -1.22984 48.3075
7.63532 6.83714 -2.03369 -0.787523 54.899
7.64389 6.84571 -2.03835 -0.28871 61.4906
7.65247 6.85429 -2.03848 0.266602 68.0822
7.66104 6.86286 -2.03364 0.865871 70.2816
7.66961 6.87143 -2.02363 1.46828 70.2816
7.67818 6.88 -2.00847 2.0707 70.2816
7.68675 6.88857 -1.98814 2.67311 70.2816
7.69532 6.89714 -1.96264 3.27553 70.2816
7.70389 6.90571 -1.93198 3.87794 70.2816
7.71247 6.91429 -1.89616 4.48035 70.2816
7.72104 6.92286 -1.85518 5.08277 70.2816
7.72961 6.93143 -1.80903 5.68518 70.2816
7.73818 6.94 -1.75772 6.2876 70.2816
7.74675 6.94857 -1.70124 6.89001 70.2816
7.75532 6.95714 -1.6396 7.49242 70.2816
7.76389 6.96571 -1.5728 8.09484 70.2816
7.77247 6.97429 -1.50084 8.69725 70.2816
7.78104 6.98286 -1.42371 9.29966 70.2816
7.78961 6.99143 -1.34141 9.90208 70.2816
7.79818 7 -1.25396 10.5045 70.2816


