    1 @/atom:OPLSAA/* 1 1 1
    2 @/atom:OPLSAA/* 1 1 2
    3 @/atom:OPLSAA/* 1 1 3
    4 @/atom:OPLSAA/* 1 1 4
    5 @/atom:OPLSAA/* 1 2 1
    6 @/atom:OPLSAA/* 1 2 2
    7 @/atom:OPLSAA/* 1 2 3
    8 @/atom:OPLSAA/* 1 2 4
    9 @/atom:OPLSAA/* 1 3 1
    10 @/atom:OPLSAA/* 1 3 2
    11 @/atom:OPLSAA/* 1 3 3
    12 @/atom:OPLSAA/* 1 3 4
    13 @/atom:OPLSAA/* 1 4 1
    14 @/atom:OPLSAA/* 1 4 2
    15 @/atom:OPLSAA/* 1 4 3
    16 @/atom:OPLSAA/* 1 4 4
    17 @/atom:OPLSAA/* 2 1 1
    18 @/atom:OPLSAA/* 2 1 2
    19 @/atom:OPLSAA/* 2 1 3
    20 @/atom:OPLSAA/* 2 1 4
    21 @/atom:OPLSAA/* 2 2 1
    22 @/atom:OPLSAA/* 2 2 2
    23 @/atom:OPLSAA/* 2 2 3
    24 @/atom:OPLSAA/* 2 2 4
    25 @/atom:OPLSAA/* 2 3 1
    26 @/atom:OPLSAA/* 2 3 2
    27 @/atom:OPLSAA/* 2 3 3
    28 @/atom:OPLSAA/* 2 3 4
    29 @/atom:OPLSAA/* 2 4 1
    30 @/atom:OPLSAA/* 2 4 2
    31 @/atom:OPLSAA/* 2 4 3
    32 @/atom:OPLSAA/* 2 4 4
    33 @/atom:OPLSAA/* 3 1 1
    34 @/atom:OPLSAA/* 3 1 2
    35 @/atom:OPLSAA/* 3 1 3
    36 @/atom:OPLSAA/* 3 1 4
    37 @/atom:OPLSAA/* 3 2 1
    38 @/atom:OPLSAA/* 3 2 2
    39 @/atom:OPLSAA/* 3 2 3
    40 @/atom:OPLSAA/* 3 2 4
    41 @/atom:OPLSAA/* 3 3 1
    42 @/atom:OPLSAA/* 3 3 2
    43 @/atom:OPLSAA/* 3 3 3
    44 @/atom:OPLSAA/* 3 3 4
    45 @/atom:OPLSAA/* 3 4 1
    46 @/atom:OPLSAA/* 3 4 2
    47 @/atom:OPLSAA/* 3 4 3
    48 @/atom:OPLSAA/* 3 4 4
    49 @/atom:OPLSAA/* 4 1 1
    50 @/atom:OPLSAA/* 4 1 2
    51 @/atom:OPLSAA/* 4 1 3
    52 @/atom:OPLSAA/* 4 1 4
    53 @/atom:OPLSAA/* 4 2 1
    54 @/atom:OPLSAA/* 4 2 2
    55 @/atom:OPLSAA/* 4 2 3
    56 @/atom:OPLSAA/* 4 2 4
    57 @/atom:OPLSAA/* 4 3 1
    58 @/atom:OPLSAA/* 4 3 2
    59 @/atom:OPLSAA/* 4 3 3
    60 @/atom:OPLSAA/* 4 3 4
    61 @/atom:OPLSAA/* 4 4 1
    62 @/atom:OPLSAA/* 4 4 2
    63 @/atom:OPLSAA/* 4 4 3
    64 @/atom:OPLSAA/* 4 4 4
    65 1 1 1 1
    66 1 1 1 2
    67 1 1 1 3
    68 1 1 1 4
    69 1 1 2 1
    70 1 1 2 2
    71 1 1 2 3
    72 1 1 2 4
    73 1 1 3 1
    74 1 1 3 2
    75 1 1 3 3
    76 1 1 3 4
    77 1 1 4 1
    78 1 1 4 2
    79 1 1 4 3
    80 1 1 4 4
    81 1 2 1 1
    82 1 2 1 2
    83 1 2 1 3
    84 1 2 1 4
    85 1 2 2 1
    86 1 2 2 2
    87 1 2 2 3
    88 1 2 2 4
    89 1 2 3 1
    90 1 2 3 2
    91 1 2 3 3
    92 1 2 3 4
    93 1 2 4 1
    94 1 2 4 2
    95 1 2 4 3
    96 1 2 4 4
    97 1 3 1 1
    98 1 3 1 2
    99 1 3 1 3
    100 1 3 1 4
    101 1 3 2 1
    102 1 3 2 2
    103 1 3 2 3
    104 1 3 2 4
    105 1 3 3 1
    106 1 3 3 2
    107 1 3 3 3
    108 1 3 3 4
    109 1 3 4 1
    110 1 3 4 2
    111 1 3 4 3
    112 1 3 4 4
    113 1 4 1 1
    114 1 4 1 2
    115 1 4 1 3
    116 1 4 1 4
    117 1 4 2 1
    118 1 4 2 2
    119 1 4 2 3
    120 1 4 2 4
    121 1 4 3 1
    122 1 4 3 2
    123 1 4 3 3
    124 1 4 3 4
    125 1 4 4 1
    126 1 4 4 2
    127 1 4 4 3
    128 1 4 4 4
    129 2 1 1 1
    130 2 1 1 2
    131 2 1 1 3
    132 2 1 1 4
    133 2 1 2 1
    134 2 1 2 2
    135 2 1 2 3
    136 2 1 2 4
    137 2 1 3 1
    138 2 1 3 2
    139 2 1 3 3
    140 2 1 3 4
    141 2 1 4 1
    142 2 1 4 2
    143 2 1 4 3
    144 2 1 4 4
    145 2 2 1 1
    146 2 2 1 2
    147 2 2 1 3
    148 2 2 1 4
    149 2 2 2 1
    150 2 2 2 2
    151 2 2 2 3
    152 2 2 2 4
    153 2 2 3 1
    154 2 2 3 2
    155 2 2 3 3
    156 2 2 3 4
    157 2 2 4 1
    158 2 2 4 2
    159 2 2 4 3
    160 2 2 4 4
    161 2 3 1 1
    162 2 3 1 2
    163 2 3 1 3
    164 2 3 1 4
    165 2 3 2 1
    166 2 3 2 2
    167 2 3 2 3
    168 2 3 2 4
    169 2 3 3 1
    170 2 3 3 2
    171 2 3 3 3
    172 2 3 3 4
    173 2 3 4 1
    174 2 3 4 2
    175 2 3 4 3
    176 2 3 4 4
    177 2 4 1 1
    178 2 4 1 2
    179 2 4 1 3
    180 2 4 1 4
    181 2 4 2 1
    182 2 4 2 2
    183 2 4 2 3
    184 2 4 2 4
    185 2 4 3 1
    186 2 4 3 2
    187 2 4 3 3
    188 2 4 3 4
    189 2 4 4 1
    190 2 4 4 2
    191 2 4 4 3
    192 2 4 4 4
    193 3 1 1 1
    194 3 1 1 2
    195 3 1 1 3
    196 3 1 1 4
    197 3 1 2 1
    198 3 1 2 2
    199 3 1 2 3
    200 3 1 2 4
    201 3 1 3 1
    202 3 1 3 2
    203 3 1 3 3
    204 3 1 3 4
    205 3 1 4 1
    206 3 1 4 2
    207 3 1 4 3
    208 3 1 4 4
    209 3 2 1 1
    210 3 2 1 2
    211 3 2 1 3
    212 3 2 1 4
    213 3 2 2 1
    214 3 2 2 2
    215 3 2 2 3
    216 3 2 2 4
    217 3 2 3 1
    218 3 2 3 2
    219 3 2 3 3
    220 3 2 3 4
    221 3 2 4 1
    222 3 2 4 2
    223 3 2 4 3
    224 3 2 4 4
    225 3 3 1 1
    226 3 3 1 2
    227 3 3 1 3
    228 3 3 1 4
    229 3 3 2 1
    230 3 3 2 2
    231 3 3 2 3
    232 3 3 2 4
    233 3 3 3 1
    234 3 3 3 2
    235 3 3 3 3
    236 3 3 3 4
    237 3 3 4 1
    238 3 3 4 2
    239 3 3 4 3
    240 3 3 4 4
    241 3 4 1 1
    242 3 4 1 2
    243 3 4 1 3
    244 3 4 1 4
    245 3 4 2 1
    246 3 4 2 2
    247 3 4 2 3
    248 3 4 2 4
    249 3 4 3 1
    250 3 4 3 2
    251 3 4 3 3
    252 3 4 3 4
    253 3 4 4 1
    254 3 4 4 2
    255 3 4 4 3
    256 3 4 4 4
    257 4 1 1 1
    258 4 1 1 2
    259 4 1 1 3
    260 4 1 1 4
    261 4 1 2 1
    262 4 1 2 2
    263 4 1 2 3
    264 4 1 2 4
    265 4 1 3 1
    266 4 1 3 2
    267 4 1 3 3
    268 4 1 3 4
    269 4 1 4 1
    270 4 1 4 2
    271 4 1 4 3
    272 4 1 4 4
    273 4 2 1 1
    274 4 2 1 2
    275 4 2 1 3
    276 4 2 1 4
    277 4 2 2 1
    278 4 2 2 2
    279 4 2 2 3
    280 4 2 2 4
    281 4 2 3 1
    282 4 2 3 2
    283 4 2 3 3
    284 4 2 3 4
    285 4 2 4 1
    286 4 2 4 2
    287 4 2 4 3
    288 4 2 4 4
    289 4 3 1 1
    290 4 3 1 2
    291 4 3 1 3
    292 4 3 1 4
    293 4 3 2 1
    294 4 3 2 2
    295 4 3 2 3
    296 4 3 2 4
    297 4 3 3 1
    298 4 3 3 2
    299 4 3 3 3
    300 4 3 3 4
    301 4 3 4 1
    302 4 3 4 2
    303 4 3 4 3
    304 4 3 4 4
    305 4 4 1 1
    306 4 4 1 2
    307 4 4 1 3
    308 4 4 1 4
    309 4 4 2 1
    310 4 4 2 2
    311 4 4 2 3
    312 4 4 2 4
    313 4 4 3 1
    314 4 4 3 2
    315 4 4 3 3
    316 4 4 3 4
    317 4 4 4 1
    318 4 4 4 2
    319 4 4 4 3
    320 4 4 4 4
    321 1 1 1 5
    322 1 1 2 5
    323 1 1 3 5
    324 1 1 4 5
    325 1 2 1 5
    326 1 2 2 5
    327 1 2 3 5
    328 1 2 4 5
    329 1 3 1 5
    330 1 3 2 5
    331 1 3 3 5
    332 1 3 4 5
    333 1 4 1 5
    334 1 4 2 5
    335 1 4 3 5
    336 1 4 4 5
    337 2 1 1 5
    338 2 1 2 5
    339 2 1 3 5
    340 2 1 4 5
    341 2 2 1 5
    342 2 2 2 5
    343 2 2 3 5
    344 2 2 4 5
    345 2 3 1 5
    346 2 3 2 5
    347 2 3 3 5
    348 2 3 4 5
    349 2 4 1 5
    350 2 4 2 5
    351 2 4 3 5
    352 2 4 4 5
    353 3 1 1 5
    354 3 1 2 5
    355 3 1 3 5
    356 3 1 4 5
    357 3 2 1 5
    358 3 2 2 5
    359 3 2 3 5
    360 3 2 4 5
    361 3 3 1 5
    362 3 3 2 5
    363 3 3 3 5
    364 3 3 4 5
    365 3 4 1 5
    366 3 4 2 5
    367 3 4 3 5
    368 3 4 4 5
    369 4 1 1 5
    370 4 1 2 5
    371 4 1 3 5
    372 4 1 4 5
    373 4 2 1 5
    374 4 2 2 5
    375 4 2 3 5
    376 4 2 4 5
    377 4 3 1 5
    378 4 3 2 5
    379 4 3 3 5
    380 4 3 4 5
    381 4 4 1 5
    382 4 4 2 5
    383 4 4 3 5
    384 4 4 4 5
    385 5 1 1 5
    386 5 1 2 5
    387 5 1 3 5
    388 5 1 4 5
    389 5 2 1 5
    390 5 2 2 5
    391 5 2 3 5
    392 5 2 4 5
    393 5 3 1 5
    394 5 3 2 5
    395 5 3 3 5
    396 5 3 4 5
    397 5 4 1 5
    398 5 4 2 5
    399 5 4 3 5
    400 5 4 4 5
