T_nominal 403000
reduction #0  61  0.95775  13465 0.0792684 263237 -57.5532 1.59213 1.13412 0.448842 -6.17037 

T_nominal 398000
reduction #0  61  0.951448  1027.18 0.10422 636593 -49.0188 1.63639 1.10081 0.445301 -6.01628 

T_nominal 393000
reduction #0  61  0.945766  243.956 0.126987 596220 -40.9014 1.62613 1.04983 0.500246 -5.87443 

T_nominal 388000
reduction #0  61  0.944645  60.7149 0.164825 291.255 -12.3118 1.67303 1.02366 0.51121 -5.68702 

T_nominal 383000
reduction #0  61  0.946955  24.1381 0.200275 541610 -27.0628 1.68984 0.923284 0.629509 -5.62416 

T_nominal 378000
reduction #0  61  0.950544  12.0304 0.248225 603180 -22.4882 1.73467 0.850646 0.72788 -5.51192 

T_nominal 373000
reduction #0  61  0.9467  6.13686 0.366171 10.6554 -2.6532 1.78082 0.773731 0.875425 -5.43492 

T_nominal 368000
reduction #0  61  0.827932  3.97373 0.557095 3.36987 -1.07308 1.73901 0.767466 2.91201 -6.55614 

T_nominal 363000
reduction #0  61  0.971349  3.40888 0.752516 2.24879 -0.566616 1.94662 0.749337 0.585091 -4.62471 

T_nominal 358000
reduction #0  61  0.95873  3.91413 0.724989 2.41391 -0.330343 1.99419 0.689835 0.645344 -4.41144 

T_nominal 353000
reduction #0  61  0.34558  3.31375 0.253846 18.1545 -8.33667 

T_nominal 348000
reduction #0  61  0.573546  3.92849 0.337803 9.12132 -6.88266 

T_nominal 343000
reduction #0  61  0.397531  3.21721 0.287641 11.3152 -7.22003 

T_nominal 338000
reduction #0  61  0.643649  3.30752 0.315513 10.1748 -6.97784 

T_nominal 333000
reduction #0  61  0.473049  2.99547 0.306598 9.13812 -6.66522 

T_nominal 328000
reduction #0  61  0.61219  4.31606 0.382309 6.41715 -5.86977 

T_nominal 323000
reduction #0  61  0.620997  3.19487 0.427495 5.53775 -5.55849 

T_nominal 333000
reduction #0  61  0.679399  3.31204 0.35778 7.78794 -6.40738 

T_nominal 343000
reduction #0  61  0.40611  3.22725 0.288107 11.1762 -7.1789 

T_nominal 353000
reduction #0  61  0.342323  3.31008 0.254042 17.9979 -8.31843 

T_nominal 363000
reduction #0  61  0.972088  3.97175 0.672279 2.70907 -0.597301 1.95078 0.738944 0.585486 -4.5655 

T_nominal 373000
reduction #0  61  0.461949  6.07644 0.373453 10.5847 -2.56063 1.9004 0.687029 3.13121 -6.45897 

T_nominal 383000
reduction #0  61  0.945367  25.1699 0.198797 595610 -27.3569 1.7028 0.90383 0.66429 -5.6159 

T_nominal 393000
reduction #0  61  0.935194  558.034 0.109501 759.025 -20.0465 1.66348 1.06021 0.476639 -5.83155 

T_nominal 403000
reduction #0  61  0.937232  60.6669 1.5979 0.438387 0.749454 2.00465 1.20918 0.29373 -6.08743 

