1e+07 6.28319e+07 0.12752 2.5684
7.1969e+06 4.52195e+07 0.24382 2.5952
5.1795e+06 3.25438e+07 0.27664 2.6237
3.7276e+06 2.34212e+07 0.30364 2.6754
2.6827e+06 1.68559e+07 0.3437 2.7337
1.9307e+06 1.21309e+07 0.38251 2.8098
1.3895e+06 8.73049e+06 0.41292 2.9018
1e+06 6.28319e+06 0.44035 2.9988
719690 4.52195e+06 0.4671 3.1087
517950 3.25438e+06 0.4704 3.225
372760 2.34212e+06 0.4595 3.3427
268270 1.68559e+06 0.4332 3.4559
193070 1.21309e+06 0.39338 3.5584
138950 873049 0.34392 3.6457
100000 628319 0.29046 3.7148
71969 452195 0.23785 3.7669
51795 325438 0.19078 3.8036
37276 234212 0.15109 3.8293
26827 168559 0.11941 3.8462
19307 121309 0.095431 3.8574
13895 87304.9 0.078432 3.865
10000 62831.9 0.067557 3.87
7196.9 45219.5 0.062431 3.8738
5179.5 32543.8 0.06296 3.8762
3727.6 23421.2 0.069555 3.8784
2682.7 16855.9 0.083034 3.8798
1930.7 12130.9 0.10507 3.8809
1389.5 8730.49 0.13804 3.8819
1000 6283.19 0.18567 3.8831
719.69 4521.95 0.25296 3.8848
517.95 3254.38 0.34721 3.887
372.76 2342.12 0.4788 3.8902
268.27 1685.59 0.66183 3.8953
193.07 1213.09 0.91489 3.904
138.95 873.049 1.265 3.9185
100 628.319 1.7468 3.9427
71.969 452.195 2.4075 3.981
51.795 325.438 3.3071 4.0354
37.276 234.212 4.5375 4.1155
26.827 168.559 6.2283 4.2268
19.307 121.309 8.5246 4.3652
13.895 87.3049 11.661 4.5315
10 62.8319 15.994 4.7322
7.1969 45.2195 21.936 4.9472
5.1795 32.5438 30.11 5.1577
3.7276 23.4212 41.488 5.3682
2.6827 16.8559 57.273 5.5616
1.9307 12.1309 79.245 5.7382
1.3895 8.73049 109.84 5.9203
1 6.28319 152.32 6.0965
0.71969 4.52195 211.2 6.3547
0.51795 3.25438 293.19 6.676
0.37276 2.34212 406.71 7.112
0.26827 1.68559 564.8 7.7846
0.19307 1.21309 783.46 8.7715
0.13895 0.873049 1087.3 10.155
0.1 0.628319 1508.9 12.014
0.071969 0.452195 2091.9 15.278
0.051795 0.325438 2898 19.642
0.037276 0.234212 4004.2 26.432
0.026827 0.168559 5524.6 37.27

1e+07 6.28319e+07 0.1139 2.5265
7.1969e+06 4.52195e+07 0.2126 2.5531
5.1795e+06 3.25438e+07 0.24554 2.5764
3.7276e+06 2.34212e+07 0.27194 2.6235
2.6827e+06 1.68559e+07 0.31193 2.6742
1.9307e+06 1.21309e+07 0.35119 2.7415
1.3895e+06 8.73049e+06 0.38419 2.8234
1e+06 6.28319e+06 0.4176 2.911
719690 4.52195e+06 0.45312 3.0131
517950 3.25438e+06 0.46854 3.124
372760 2.34212e+06 0.47245 3.2407
268270 1.68559e+06 0.4622 3.3583
193070 1.21309e+06 0.43696 3.4719
138950 873049 0.39838 3.5753
100000 628319 0.35025 3.6638
71969 452195 0.29756 3.7351
51795 325438 0.24568 3.7891
37276 234212 0.19855 3.8286
26827 168559 0.15819 3.8558
19307 121309 0.12575 3.8744
13895 87304.9 0.1008 3.8871
10000 62831.9 0.08252 3.8957
7196.9 45219.5 0.070531 3.9018
5179.5 32543.8 0.064232 3.9058
3727.6 23421.2 0.063629 3.9093
2682.7 16855.9 0.068808 3.9114
1930.7 12130.9 0.080705 3.9129
1389.5 8730.49 0.10076 3.9142
1000 6283.19 0.13122 3.9155
719.69 4521.95 0.17547 3.9168
517.95 3254.38 0.23823 3.9185
372.76 2342.12 0.32638 3.9206
268.27 1685.59 0.4494 3.9238
193.07 1213.09 0.62067 3.9292
138.95 873.049 0.85766 3.9382
100 628.319 1.1849 3.9532
71.969 452.195 1.6354 3.9785
51.795 325.438 2.2519 4.0202
37.276 234.212 3.0893 4.0828
26.827 168.559 4.2269 4.1772
19.307 121.309 5.7737 4.3088
13.895 87.3049 7.8627 4.4684
10 62.8319 10.713 4.6594
7.1969 45.2195 14.625 4.8702
5.1795 32.5438 19.99 5.0781
3.7276 23.4212 27.356 5.2622
2.6827 16.8559 37.667 5.4356
1.9307 12.1309 51.959 5.585
1.3895 8.73049 71.952 5.7216
1 6.28319 99.577 5.8783
0.71969 4.52195 137.99 6.0434
0.51795 3.25438 191.27 6.2852
0.37276 2.34212 265.03 6.6265
0.26827 1.68559 367.46 7.0891
0.19307 1.21309 509.5 7.7648
0.13895 0.873049 705.66 8.6963
0.1 0.628319 976.44 10.043
0.071969 0.452195 1349.6 12.143
0.051795 0.325438 1867.6 15.103
0.037276 0.234212 2576.6 19.31
0.026827 0.168559 3555.5 25.227

1e+07 6.28319e+07 0.083672 2.4879
7.1969e+06 4.52195e+07 0.18294 2.5115
5.1795e+06 3.25438e+07 0.21342 2.5287
3.7276e+06 2.34212e+07 0.23949 2.5679
2.6827e+06 1.68559e+07 0.27595 2.6111
1.9307e+06 1.21309e+07 0.31319 2.6683
1.3895e+06 8.73049e+06 0.34677 2.7393
1e+06 6.28319e+06 0.38282 2.8151
719690 4.52195e+06 0.4243 2.9058
517950 3.25438e+06 0.4497 3.0065
372760 2.34212e+06 0.4674 3.1161
268270 1.68559e+06 0.47408 3.2318
193070 1.21309e+06 0.46744 3.3499
138950 873049 0.44635 3.465
100000 628319 0.41163 3.5715
71969 452195 0.36667 3.6646
51795 325438 0.31596 3.7411
37276 234212 0.2644 3.8013
26827 168559 0.21629 3.8457
19307 121309 0.17425 3.8775
13895 87304.9 0.13946 3.8999
10000 62831.9 0.11196 3.9156
7196.9 45219.5 0.091403 3.9266
5179.5 32543.8 0.077047 3.9341
3727.6 23421.2 0.068496 3.94
2682.7 16855.9 0.065489 3.9439
1930.7 12130.9 0.068247 3.9467
1389.5 8730.49 0.077397 3.9487
1000 6283.19 0.094166 3.9504
719.69 4521.95 0.12053 3.952
517.95 3254.38 0.15949 3.9534
372.76 2342.12 0.21534 3.955
268.27 1685.59 0.29407 3.9571
193.07 1213.09 0.40416 3.9601
138.95 873.049 0.55743 3.9648
100 628.319 0.7694 3.9728
71.969 452.195 1.0634 3.9864
51.795 325.438 1.4682 4.0097
37.276 234.212 2.0212 4.0488
26.827 168.559 2.7746 4.1109
19.307 121.309 3.7926 4.2
13.895 87.3049 5.1746 4.3305
10 62.8319 7.0418 4.4906
7.1969 45.2195 9.5761 4.6852
5.1795 32.5438 13.035 4.8915
3.7276 23.4212 17.783 5.0969
2.6827 16.8559 24.303 5.2798
1.9307 12.1309 33.426 5.449
1.3895 8.73049 46.087 5.5901
1 6.28319 63.611 5.7112
0.71969 4.52195 88.041 5.8438
0.51795 3.25438 122 6.0003
0.37276 2.34212 169.06 6.1773
0.26827 1.68559 233.7 6.5234
0.19307 1.21309 324.02 6.9881
0.13895 0.873049 449.38 7.6575
0.1 0.628319 621.52 8.5917
0.071969 0.452195 860.28 10.022
0.051795 0.325438 1189.7 11.913
0.037276 0.234212 1643.8 14.553
0.026827 0.168559 2274.5 18.35

1e+07 6.28319e+07 0.061582 2.456
7.1969e+06 4.52195e+07 0.15619 2.4766
5.1795e+06 3.25438e+07 0.18414 2.4896
3.7276e+06 2.34212e+07 0.20718 2.5228
2.6827e+06 1.68559e+07 0.2405 2.5587
1.9307e+06 1.21309e+07 0.27501 2.6071
1.3895e+06 8.73049e+06 0.30678 2.6678
1e+06 6.28319e+06 0.34273 2.7321
719690 4.52195e+06 0.38611 2.811
517950 3.25438e+06 0.41692 2.8992
372760 2.34212e+06 0.44377 2.9977
268270 1.68559e+06 0.46365 3.1051
193070 1.21309e+06 0.47364 3.2194
138950 873049 0.47133 3.3368
100000 628319 0.4552 3.453
71969 452195 0.42563 3.5622
51795 325438 0.3849 3.6599
37276 234212 0.33701 3.7431
26827 168559 0.28663 3.8095
19307 121309 0.23808 3.8606
13895 87304.9 0.19434 3.8983
10000 62831.9 0.15704 3.9257
7196.9 45219.5 0.12654 3.9453
5179.5 32543.8 0.10288 3.9592
3727.6 23421.2 0.085502 3.9693
2682.7 16855.9 0.073863 3.976
1930.7 12130.9 0.068119 3.9809
1389.5 8730.49 0.067973 3.9841
1000 6283.19 0.07415 3.9867
719.69 4521.95 0.087369 3.9887
517.95 3254.38 0.10962 3.9904
372.76 2342.12 0.14315 3.9918
268.27 1685.59 0.19176 3.9933
193.07 1213.09 0.26077 3.9951
138.95 873.049 0.35741 3.9979
100 628.319 0.49183 4.0019
71.969 452.195 0.67867 4.0087
51.795 325.438 0.93799 4.02
37.276 234.212 1.2955 4.0396
26.827 168.559 1.7851 4.0735
19.307 121.309 2.4529 4.1283
13.895 87.3049 3.3548 4.2094
10 62.8319 4.5738 4.3287
7.1969 45.2195 6.2255 4.4887
5.1795 32.5438 8.4483 4.677
3.7276 23.4212 11.466 4.8834
2.6827 16.8559 15.621 5.1016
1.9307 12.1309 21.349 5.3002
1.3895 8.73049 29.274 5.4693
1 6.28319 40.293 5.6174
0.71969 4.52195 55.616 5.7448
0.51795 3.25438 76.882 5.8672
0.37276 2.34212 106.52 6.014
0.26827 1.68559 147.66 6.1829
0.19307 1.21309 204.4 6.4421
0.13895 0.873049 282.62 6.8242
0.1 0.628319 391.87 7.4041
0.071969 0.452195 542.62 8.2958
0.051795 0.325438 750.96 9.6048
0.037276 0.234212 1038.5 11.268
0.026827 0.168559 1436.1 13.694

1e+07 6.28319e+07 0.038408 2.4273
7.1969e+06 4.52195e+07 0.13094 2.4448
5.1795e+06 3.25438e+07 0.15638 2.4532
3.7276e+06 2.34212e+07 0.17653 2.4808
2.6827e+06 1.68559e+07 0.20671 2.51
1.9307e+06 1.21309e+07 0.23794 2.5506
1.3895e+06 8.73049e+06 0.26685 2.6023
1e+06 6.28319e+06 0.30058 2.6559
719690 4.52195e+06 0.34319 2.7233
517950 3.25438e+06 0.37548 2.7987
372760 2.34212e+06 0.40683 2.8842
268270 1.68559e+06 0.4348 2.9792
193070 1.21309e+06 0.45689 3.0835
138950 873049 0.47045 3.195
100000 628319 0.47293 3.311
71969 452195 0.46242 3.4274
51795 325438 0.43882 3.5391
37276 234212 0.40351 3.6421
26827 168559 0.35975 3.7312
19307 121309 0.31177 3.805
13895 87304.9 0.2635 3.8638
10000 62831.9 0.21837 3.9088
7196.9 45219.5 0.17863 3.9424
5179.5 32543.8 0.14537 3.9671
3727.6 23421.2 0.11848 3.9852
2682.7 16855.9 0.097993 3.9978
1930.7 12130.9 0.083434 4.007
1389.5 8730.49 0.074665 4.0134
1000 6283.19 0.071519 4.0182
719.69 4521.95 0.074476 4.0221
517.95 3254.38 0.083968 4.0248
372.76 2342.12 0.10154 4.0272
268.27 1685.59 0.12934 4.029
193.07 1213.09 0.17049 4.0308
138.95 873.049 0.22956 4.033
100 628.319 0.31282 4.0353
71.969 452.195 0.42959 4.0389
51.795 325.438 0.59198 4.0444
37.276 234.212 0.81714 4.0538
26.827 168.559 1.1277 4.0702
19.307 121.309 1.5552 4.0983
13.895 87.3049 2.1385 4.145
10 62.8319 2.9276 4.2162
7.1969 45.2195 3.9961 4.3239
5.1795 32.5438 5.4413 4.4748
3.7276 23.4212 7.3774 4.6558
2.6827 16.8559 10.013 4.8701
1.9307 12.1309 13.6 5.0947
1.3895 8.73049 18.519 5.3115
1 6.28319 25.308 5.4961
0.71969 4.52195 34.788 5.6717
0.51795 3.25438 47.968 5.8152
0.37276 2.34212 66.225 5.9373
0.26827 1.68559 91.523 6.0669
0.19307 1.21309 126.63 6.2417
0.13895 0.873049 175.47 6.4594
0.1 0.628319 242.29 6.8092
0.071969 0.452195 335.83 7.2567
0.051795 0.325438 465.11 7.9433
0.037276 0.234212 643.29 8.9026
0.026827 0.168559 889.63 10.441

1e+07 6.28319e+07 0.019842 2.4022
7.1969e+06 4.52195e+07 0.10907 2.4163
5.1795e+06 3.25438e+07 0.13203 2.4208
3.7276e+06 2.34212e+07 0.14896 2.4437
2.6827e+06 1.68559e+07 0.17607 2.4673
1.9307e+06 1.21309e+07 0.20379 2.5012
1.3895e+06 8.73049e+06 0.22919 2.5449
1e+06 6.28319e+06 0.25973 2.5895
719690 4.52195e+06 0.29946 2.6465
517950 3.25438e+06 0.33024 2.7072
372760 2.34212e+06 0.36246 2.7824
268270 1.68559e+06 0.39389 2.8643
193070 1.21309e+06 0.42282 2.9556
138950 873049 0.44706 3.0561
100000 628319 0.46397 3.164
71969 452195 0.47105 3.2773
51795 325438 0.46664 3.3926
37276 234212 0.4498 3.506
26827 168559 0.42102 3.6122
19307 121309 0.38281 3.7073
13895 87304.9 0.3386 3.789
10000 62831.9 0.29212 3.856
7196.9 45219.5 0.24709 3.9098
5179.5 32543.8 0.2059 3.951
3727.6 23421.2 0.16986 3.9827
2682.7 16855.9 0.13995 4.0061
1930.7 12130.9 0.11601 4.0236
1389.5 8730.49 0.09792 4.0365
1000 6283.19 0.085522 4.0463
719.69 4521.95 0.078638 4.0536
517.95 3254.38 0.077392 4.059
372.76 2342.12 0.082599 4.0632
268.27 1685.59 0.095189 4.0665
193.07 1213.09 0.11672 4.069
138.95 873.049 0.1501 4.071
100 628.319 0.19909 4.0729
71.969 452.195 0.26899 4.075
51.795 325.438 0.3677 4.0779
37.276 234.212 0.50543 4.0821
26.827 168.559 0.69749 4.0892
19.307 121.309 0.96364 4.102
13.895 87.3049 1.3299 4.1243
10 62.8319 1.8318 4.163
7.1969 45.2195 2.514 4.2245
5.1795 32.5438 3.4305 4.3167
3.7276 23.4212 4.6719 4.4539
2.6827 16.8559 6.3295 4.6253
1.9307 12.1309 8.5808 4.8413
1.3895 8.73049 11.621 5.0672
1 6.28319 15.796 5.3103
0.71969 4.52195 21.538 5.5349
0.51795 3.25438 29.464 5.7189
0.37276 2.34212 40.489 5.8914
0.26827 1.68559 55.788 6.0342
0.19307 1.21309 77.053 6.1693
0.13895 0.873049 106.54 6.322
0.1 0.628319 147.13 6.5164
0.071969 0.452195 203.43 6.7751
0.051795 0.325438 281.74 7.1704
0.037276 0.234212 389.67 7.8166
0.026827 0.168559 539.89 8.7529

1e+07 6.28319e+07 0.00086267 2.3791
7.1969e+06 4.52195e+07 0.089545 2.3908
5.1795e+06 3.25438e+07 0.11045 2.3921
3.7276e+06 2.34212e+07 0.12475 2.4109
2.6827e+06 1.68559e+07 0.14885 2.4298
1.9307e+06 1.21309e+07 0.17305 2.4579
1.3895e+06 8.73049e+06 0.195 2.4951
1e+06 6.28319e+06 0.22175 2.5319
719690 4.52195e+06 0.25763 2.58
517950 3.25438e+06 0.28579 2.633
372760 2.34212e+06 0.31583 2.6936
268270 1.68559e+06 0.347 2.7624
193070 1.21309e+06 0.37811 2.8401
138950 873049 0.4076 2.9268
100000 628319 0.43332 3.0219
71969 452195 0.45329 3.1256
51795 325438 0.46497 3.235
37276 234212 0.46649 3.3484
26827 168559 0.4566 3.4613
19307 121309 0.43538 3.5698
13895 87304.9 0.40407 3.6702
10000 62831.9 0.3653 3.7593
7196.9 45219.5 0.32245 3.8353
5179.5 32543.8 0.27879 3.898
3727.6 23421.2 0.23701 3.9486
2682.7 16855.9 0.19906 3.988
1930.7 12130.9 0.16614 4.0185
1389.5 8730.49 0.13866 4.0419
1000 6283.19 0.11674 4.0598
719.69 4521.95 0.10039 4.0735
517.95 3254.38 0.089425 4.0839
372.76 2342.12 0.084097 4.0919
268.27 1685.59 0.084719 4.0981
193.07 1213.09 0.092103 4.1028
138.95 873.049 0.10772 4.1065
100 628.319 0.13348 4.1094
71.969 452.195 0.1727 4.1123
51.795 325.438 0.22984 4.1148
37.276 234.212 0.31118 4.1177
26.827 168.559 0.4254 4.1217
19.307 121.309 0.58501 4.1278
13.895 87.3049 0.80653 4.1379
10 62.8319 1.1117 4.1554
7.1969 45.2195 1.5323 4.1856
5.1795 32.5438 2.1052 4.235
3.7276 23.4212 2.879 4.3114
2.6827 16.8559 3.921 4.4276
1.9307 12.1309 5.3245 4.5918
1.3895 8.73049 7.2033 4.7896
1 6.28319 9.741 5.0297
0.71969 4.52195 13.201 5.2802
0.51795 3.25438 17.904 5.5364
0.37276 2.34212 24.396 5.7603
0.26827 1.68559 33.442 5.9669
0.19307 1.21309 45.927 6.139
0.13895 0.873049 63.324 6.2891
0.1 0.628319 87.218 6.4338
0.071969 0.452195 120.56 6.5992
0.051795 0.325438 166.54 6.8236
0.037276 0.234212 229.95 7.2089
0.026827 0.168559 318.59 7.6892

1e+07 6.28319e+07 -0.014369 2.3587
7.1969e+06 4.52195e+07 0.072878 2.369
5.1795e+06 3.25438e+07 0.091852 2.3675
3.7276e+06 2.34212e+07 0.10392 2.3827
2.6827e+06 1.68559e+07 0.12529 2.3975
1.9307e+06 1.21309e+07 0.14654 2.4211
1.3895e+06 8.73049e+06 0.16476 2.4527
1e+06 6.28319e+06 0.18785 2.4828
719690 4.52195e+06 0.21961 2.5235
517950 3.25438e+06 0.24401 2.5675
372760 2.34212e+06 0.27078 2.618
268270 1.68559e+06 0.29946 2.6751
193070 1.21309e+06 0.32947 2.7398
138950 873049 0.35984 2.8128
100000 628319 0.38932 2.8942
71969 452195 0.41613 2.9842
51795 325438 0.43839 3.0822
37276 234212 0.45405 3.187
26827 168559 0.46113 3.2966
19307 121309 0.45813 3.4078
13895 87304.9 0.44466 3.5167
10000 62831.9 0.42118 3.6202
7196.9 45219.5 0.38939 3.7155
5179.5 32543.8 0.35175 3.7996
3727.6 23421.2 0.31143 3.8719
2682.7 16855.9 0.27087 3.9318
1930.7 12130.9 0.23227 3.9807
1389.5 8730.49 0.19719 4.0198
1000 6283.19 0.16666 4.0509
719.69 4521.95 0.14112 4.0753
517.95 3254.38 0.1206 4.0943
372.76 2342.12 0.10536 4.1091
268.27 1685.59 0.09547 4.1207
193.07 1213.09 0.091179 4.1297
138.95 873.049 0.093159 4.1366
100 628.319 0.10249 4.1421
71.969 452.195 0.12068 4.1465
51.795 325.438 0.15023 4.1501
37.276 234.212 0.1949 4.1532
26.827 168.559 0.25959 4.1563
19.307 121.309 0.35132 4.16
13.895 87.3049 0.48056 4.1651
10 62.8319 0.66004 4.173
7.1969 45.2195 0.90983 4.1858
5.1795 32.5438 1.2529 4.2082
3.7276 23.4212 1.7228 4.247
2.6827 16.8559 2.3624 4.3095
1.9307 12.1309 3.221 4.4025
1.3895 8.73049 4.3833 4.5421
1 6.28319 5.9336 4.7291
0.71969 4.52195 8.0135 4.959
0.51795 3.25438 10.811 5.2152
0.37276 2.34212 14.616 5.504
0.26827 1.68559 19.83 5.7787
0.19307 1.21309 26.979 6.0196
0.13895 0.873049 36.928 6.2399
0.1 0.628319 50.669 6.426
0.071969 0.452195 69.776 6.589
0.051795 0.325438 96.151 6.7515
0.037276 0.234212 132.75 6.9495
0.026827 0.168559 183.47 7.2097

1e+07 6.28319e+07 -0.0088197 2.3228
7.1969e+06 4.52195e+07 0.083757 2.3461
5.1795e+06 3.25438e+07 0.089376 2.3498
3.7276e+06 2.34212e+07 0.090675 2.3613
2.6827e+06 1.68559e+07 0.1076 2.3711
1.9307e+06 1.21309e+07 0.12499 2.3901
1.3895e+06 8.73049e+06 0.13957 2.4166
1e+06 6.28319e+06 0.15876 2.4412
719690 4.52195e+06 0.18591 2.4761
517950 3.25438e+06 0.20643 2.5127
372760 2.34212e+06 0.22933 2.5545
268270 1.68559e+06 0.25443 2.6018
193070 1.21309e+06 0.28148 2.6553
138950 873049 0.31003 2.7158
100000 628319 0.33928 2.7836
71969 452195 0.36819 2.8595
51795 325438 0.39545 2.9436
37276 234212 0.41932 3.0354
26827 168559 0.43807 3.1342
19307 121309 0.44995 3.2387
13895 87304.9 0.45335 3.3462
10000 62831.9 0.4475 3.454
7196.9 45219.5 0.43226 3.5588
5179.5 32543.8 0.40851 3.6578
3727.6 23421.2 0.37795 3.7489
2682.7 16855.9 0.34286 3.8294
1930.7 12130.9 0.30556 3.8991
1389.5 8730.49 0.26835 3.9581
1000 6283.19 0.23285 4.0073
719.69 4521.95 0.20044 4.0477
517.95 3254.38 0.17185 4.0803
372.76 2342.12 0.1477 4.1067
268.27 1685.59 0.12822 4.1278
193.07 1213.09 0.11358 4.1446
138.95 873.049 0.10408 4.1579
100 628.319 0.10028 4.1684
71.969 452.195 0.10297 4.1768
51.795 325.438 0.11337 4.1833
37.276 234.212 0.13356 4.1885
26.827 168.559 0.1661 4.1929
19.307 121.309 0.21492 4.1968
13.895 87.3049 0.28587 4.2006
10 62.8319 0.38637 4.2053
7.1969 45.2195 0.52717 4.2113
5.1795 32.5438 0.72435 4.2206
3.7276 23.4212 0.99719 4.2371
2.6827 16.8559 1.3712 4.2646
1.9307 12.1309 1.8807 4.3125
1.3895 8.73049 2.5741 4.3819
1 6.28319 3.5035 4.4975
0.71969 4.52195 4.7574 4.6573
0.51795 3.25438 6.4101 4.8677
0.37276 2.34212 8.6441 5.1299
0.26827 1.68559 11.635 5.4182
0.19307 1.21309 15.694 5.7298
0.13895 0.873049 21.257 6.0336
0.1 0.628319 28.865 6.2957
0.071969 0.452195 39.401 6.5359
0.051795 0.325438 54.031 6.7297
0.037276 0.234212 74.37 6.9391
0.026827 0.168559 102.34 7.0871

1e+07 6.28319e+07 -0.021593 2.3085
7.1969e+06 4.52195e+07 0.070884 2.3301
5.1795e+06 3.25438e+07 0.075178 2.3317
3.7276e+06 2.34212e+07 0.074814 2.3405
2.6827e+06 1.68559e+07 0.089804 2.3474
1.9307e+06 1.21309e+07 0.10492 2.363
1.3895e+06 8.73049e+06 0.11678 2.3856
1e+06 6.28319e+06 0.13302 2.4057
719690 4.52195e+06 0.1566 2.4354
517950 3.25438e+06 0.17345 2.4658
372760 2.34212e+06 0.19234 2.5003
268270 1.68559e+06 0.21345 2.5392
193070 1.21309e+06 0.2367 2.5831
138950 873049 0.26187 2.6328
100000 628319 0.28856 2.6885
71969 452195 0.31634 2.7513
51795 325438 0.34425 2.8214
37276 234212 0.37125 2.899
26827 168559 0.39585 2.9839
19307 121309 0.41674 3.0759
13895 87304.9 0.43238 3.1741
10000 62831.9 0.4412 3.2762
7196.9 45219.5 0.44226 3.3803
5179.5 32543.8 0.43507 3.4841
3727.6 23421.2 0.41987 3.5847
2682.7 16855.9 0.39757 3.6794
1930.7 12130.9 0.36967 3.7666
1389.5 8730.49 0.338 3.8448
1000 6283.19 0.30452 3.9138
719.69 4521.95 0.27093 3.9735
517.95 3254.38 0.23861 4.0243
372.76 2342.12 0.20864 4.067
268.27 1685.59 0.18183 4.1026
193.07 1213.09 0.15881 4.132
138.95 873.049 0.13979 4.1561
100 628.319 0.12525 4.1758
71.969 452.195 0.11569 4.1918
51.795 325.438 0.11167 4.2046
37.276 234.212 0.11431 4.2149
26.827 168.559 0.12499 4.2233
19.307 121.309 0.14579 4.2299
13.895 87.3049 0.17988 4.2353
10 62.8319 0.23085 4.2405
7.1969 45.2195 0.30517 4.245
5.1795 32.5438 0.41139 4.2501
3.7276 23.4212 0.56068 4.258
2.6827 16.8559 0.76775 4.2695
1.9307 12.1309 1.0541 4.2886
1.3895 8.73049 1.4507 4.3184
1 6.28319 1.9856 4.3746
0.71969 4.52195 2.7162 4.4574
0.51795 3.25438 3.6806 4.5834
0.37276 2.34212 4.9762 4.7701
0.26827 1.68559 6.7011 5.0026
0.19307 1.21309 9.0076 5.2917
0.13895 0.873049 12.069 5.6109
0.1 0.628319 16.229 5.9615
0.071969 0.452195 21.906 6.3041
0.051795 0.325438 29.719 6.6106
0.037276 0.234212 40.435 6.8963
0.026827 0.168559 55.39 7.1301

1e+07 6.28319e+07 -0.0041807 2.3314
7.1969e+06 4.52195e+07 0.055374 2.3284
5.1795e+06 3.25438e+07 0.061964 2.3162
3.7276e+06 2.34212e+07 0.064003 2.322
2.6827e+06 1.68559e+07 0.076907 2.3271
1.9307e+06 1.21309e+07 0.089508 2.3401
1.3895e+06 8.73049e+06 0.098714 2.3596
1e+06 6.28319e+06 0.11199 2.3759
719690 4.52195e+06 0.1317 2.4004
517950 3.25438e+06 0.14528 2.4257
372760 2.34212e+06 0.16065 2.4545
268270 1.68559e+06 0.17795 2.4865
193070 1.21309e+06 0.19723 2.5226
138950 873049 0.21858 2.5633
100000 628319 0.24168 2.6088
71969 452195 0.26647 2.6601
51795 325438 0.29229 2.7176
37276 234212 0.31858 2.7815
26827 168559 0.34453 2.8525
19307 121309 0.36904 2.9303
13895 87304.9 0.39106 3.0151
10000 62831.9 0.40905 3.1057
7196.9 45219.5 0.42186 3.2013
5179.5 32543.8 0.42852 3.2999
3727.6 23421.2 0.42822 3.3995
2682.7 16855.9 0.42101 3.4988
1930.7 12130.9 0.40703 3.5945
1389.5 8730.49 0.38718 3.6851
1000 6283.19 0.36283 3.7694
719.69 4521.95 0.33538 3.8462
517.95 3254.38 0.30633 3.9149
372.76 2342.12 0.27679 3.9759
268.27 1685.59 0.24799 4.0291
193.07 1213.09 0.22076 4.0752
138.95 873.049 0.19585 4.1146
100 628.319 0.17391 4.1481
71.969 452.195 0.15525 4.1764
51.795 325.438 0.14058 4.2
37.276 234.212 0.13054 4.2195
26.827 168.559 0.12595 4.2357
19.307 121.309 0.12775 4.2489
13.895 87.3049 0.13778 4.2597
10 62.8319 0.15804 4.2683
7.1969 45.2195 0.19198 4.2757
5.1795 32.5438 0.24389 4.2819
3.7276 23.4212 0.31924 4.2883
2.6827 16.8559 0.42723 4.2946
1.9307 12.1309 0.57968 4.3052
1.3895 8.73049 0.79279 4.3194
1 6.28319 1.0852 4.3408
0.71969 4.52195 1.4887 4.3729
0.51795 3.25438 2.0362 4.4348
0.37276 2.34212 2.7709 4.5264
0.26827 1.68559 3.7491 4.6692
0.19307 1.21309 5.0515 4.8686
0.13895 0.873049 6.7716 5.1194
0.1 0.628319 9.0444 5.4303
0.071969 0.452195 12.087 5.7957
0.051795 0.325438 16.215 6.1871
0.037276 0.234212 21.843 6.584
0.026827 0.168559 29.574 6.9547

1e+07 6.28319e+07 -0.039413 2.314
7.1969e+06 4.52195e+07 0.031088 2.3125
5.1795e+06 3.25438e+07 0.043347 2.3005
3.7276e+06 2.34212e+07 0.048493 2.3063
2.6827e+06 1.68559e+07 0.061687 2.3101
1.9307e+06 1.21309e+07 0.073686 2.3212
1.3895e+06 8.73049e+06 0.081651 2.3381
1e+06 6.28319e+06 0.093162 2.3514
719690 4.52195e+06 0.11104 2.3729
517950 3.25438e+06 0.12187 2.3941
372760 2.34212e+06 0.13424 2.418
268270 1.68559e+06 0.14818 2.4446
193070 1.21309e+06 0.16385 2.4743
138950 873049 0.18133 2.5077
100000 628319 0.20064 2.5448
71969 452195 0.22167 2.5865
51795 325438 0.2442 2.6332
37276 234212 0.26785 2.6855
26827 168559 0.29222 2.7436
19307 121309 0.31665 2.808
13895 87304.9 0.34027 2.8788
10000 62831.9 0.36216 2.9558
7196.9 45219.5 0.38137 3.0388
5179.5 32543.8 0.39673 3.1266
3727.6 23421.2 0.40727 3.2181
2682.7 16855.9 0.41242 3.3123
1930.7 12130.9 0.41167 3.4072
1389.5 8730.49 0.4052 3.5009
1000 6283.19 0.39328 3.5919
719.69 4521.95 0.37669 3.6789
517.95 3254.38 0.35645 3.7603
372.76 2342.12 0.33364 3.8359
268.27 1685.59 0.30918 3.905
193.07 1213.09 0.28418 3.9674
138.95 873.049 0.25928 4.0236
100 628.319 0.2352 4.0735
71.969 452.195 0.21265 4.1176
51.795 325.438 0.19219 4.156
37.276 234.212 0.1743 4.1892
26.827 168.559 0.15976 4.2178
19.307 121.309 0.1492 4.2421
13.895 87.3049 0.14347 4.2626
10 62.8319 0.14422 4.2798
7.1969 45.2195 0.15279 4.2943
5.1795 32.5438 0.17125 4.3062
3.7276 23.4212 0.20346 4.316
2.6827 16.8559 0.2533 4.3241
1.9307 12.1309 0.32676 4.3345
1.3895 8.73049 0.43318 4.3419
1 6.28319 0.58099 4.3535
0.71969 4.52195 0.79375 4.3628
0.51795 3.25438 1.0829 4.3899
0.37276 2.34212 1.4835 4.4317
0.26827 1.68559 2.0257 4.4926
0.19307 1.21309 2.7442 4.5907
0.13895 0.873049 3.6997 4.7381
0.1 0.628319 4.9595 4.9505
0.071969 0.452195 6.6386 5.2183
0.051795 0.325438 8.8621 5.5618
0.037276 0.234212 11.804 5.9529
0.026827 0.168559 15.781 6.3945

1e+07 6.28319e+07 -0.048021 2.3077
7.1969e+06 4.52195e+07 0.021868 2.3052
5.1795e+06 3.25438e+07 0.033802 2.2915
3.7276e+06 2.34212e+07 0.038462 2.2957
2.6827e+06 1.68559e+07 0.050728 2.2977
1.9307e+06 1.21309e+07 0.061563 2.3067
1.3895e+06 8.73049e+06 0.068016 2.3212
1e+06 6.28319e+06 0.077881 2.332
719690 4.52195e+06 0.093771 2.3507
517950 3.25438e+06 0.10239 2.3684
372760 2.34212e+06 0.11219 2.3885
268270 1.68559e+06 0.12332 2.4107
193070 1.21309e+06 0.13584 2.4353
138950 873049 0.14994 2.4628
100000 628319 0.16571 2.4932
71969 452195 0.18301 2.5271
51795 325438 0.20189 2.5652
37276 234212 0.22219 2.6076
26827 168559 0.24364 2.6549
19307 121309 0.26591 2.7075
13895 87304.9 0.28846 2.7657
10000 62831.9 0.31061 2.8295
7196.9 45219.5 0.3317 2.899
5179.5 32543.8 0.35083 2.9739
3727.6 23421.2 0.3673 3.0538
2682.7 16855.9 0.38017 3.1377
1930.7 12130.9 0.38884 3.2246
1389.5 8730.49 0.39289 3.3134
1000 6283.19 0.39216 3.4023
719.69 4521.95 0.38682 3.4905
517.95 3254.38 0.37735 3.5759
372.76 2342.12 0.36423 3.6587
268.27 1685.59 0.34829 3.737
193.07 1213.09 0.33033 3.8106
138.95 873.049 0.31095 3.8795
100 628.319 0.29083 3.9431
71.969 452.195 0.2705 4.0018
51.795 325.438 0.2505 4.0551
37.276 234.212 0.23114 4.1039
26.827 168.559 0.21306 4.1477
19.307 121.309 0.19673 4.1867
13.895 87.3049 0.18268 4.2214
10 62.8319 0.17193 4.2518
7.1969 45.2195 0.16559 4.2782
5.1795 32.5438 0.16457 4.3008
3.7276 23.4212 0.17068 4.3206
2.6827 16.8559 0.18648 4.337
1.9307 12.1309 0.21499 4.3513
1.3895 8.73049 0.26074 4.3633
1 6.28319 0.32879 4.3751
0.71969 4.52195 0.43124 4.3833
0.51795 3.25438 0.57181 4.3975
0.37276 2.34212 0.77132 4.4161
0.26827 1.68559 1.0479 4.4388
0.19307 1.21309 1.4266 4.4779
0.13895 0.873049 1.9393 4.5406
0.1 0.628319 2.6136 4.6383
0.071969 0.452195 3.5324 4.7941
0.051795 0.325438 4.735 5.0126
0.037276 0.234212 6.3113 5.2885
0.026827 0.168559 8.4042 5.6514

1e+07 6.28319e+07 -0.047367 2.3056
7.1969e+06 4.52195e+07 0.020674 2.3021
5.1795e+06 3.25438e+07 0.029278 2.2869
3.7276e+06 2.34212e+07 0.030987 2.2889
2.6827e+06 1.68559e+07 0.041982 2.2888
1.9307e+06 1.21309e+07 0.051561 2.2958
1.3895e+06 8.73049e+06 0.056892 2.3083
1e+06 6.28319e+06 0.065325 2.3168
719690 4.52195e+06 0.079426 2.3334
517950 3.25438e+06 0.086302 2.3484
372760 2.34212e+06 0.094004 2.3654
268270 1.68559e+06 0.10277 2.3839
193070 1.21309e+06 0.11267 2.4043
138950 873049 0.12385 2.4271
100000 628319 0.13637 2.4519
71969 452195 0.15039 2.4796
51795 325438 0.16577 2.5105
37276 234212 0.18256 2.5449
26827 168559 0.20057 2.5831
19307 121309 0.21971 2.6256
13895 87304.9 0.23969 2.6729
10000 62831.9 0.26008 2.7249
7196.9 45219.5 0.2804 2.782
5179.5 32543.8 0.30005 2.8442
3727.6 23421.2 0.31848 2.9115
2682.7 16855.9 0.33498 2.9834
1930.7 12130.9 0.34879 3.0593
1389.5 8730.49 0.35944 3.1383
1000 6283.19 0.36651 3.2199
719.69 4521.95 0.36979 3.3027
517.95 3254.38 0.36928 3.3856
372.76 2342.12 0.36519 3.4673
268.27 1685.59 0.35806 3.547
193.07 1213.09 0.34826 3.6245
138.95 873.049 0.33645 3.699
100 628.319 0.32314 3.7698
71.969 452.195 0.30881 3.8372
51.795 325.438 0.29389 3.9008
37.276 234.212 0.27857 3.9609
26.827 168.559 0.26324 4.0173
19.307 121.309 0.24822 4.0699
13.895 87.3049 0.23331 4.1189
10 62.8319 0.21999 4.1639
7.1969 45.2195 0.2079 4.2048
5.1795 32.5438 0.19801 4.2418
3.7276 23.4212 0.19147 4.2755
2.6827 16.8559 0.18884 4.3054
1.9307 12.1309 0.19313 4.3316
1.3895 8.73049 0.20532 4.3547
1 6.28319 0.22979 4.3749
0.71969 4.52195 0.26868 4.3921
0.51795 3.25438 0.32865 4.4082
0.37276 2.34212 0.41811 4.4227
0.26827 1.68559 0.54644 4.4387
0.19307 1.21309 0.72554 4.4567
0.13895 0.873049 0.97906 4.4798
0.1 0.628319 1.3146 4.5179
0.071969 0.452195 1.79 4.5809
0.051795 0.325438 2.4153 4.6744
0.037276 0.234212 3.2507 4.8188
0.026827 0.168559 4.364 5.0289

1e+07 6.28319e+07 -0.054452 2.3028
7.1969e+06 4.52195e+07 0.012833 2.2987
5.1795e+06 3.25438e+07 0.021783 2.2824
3.7276e+06 2.34212e+07 0.023458 2.2833
2.6827e+06 1.68559e+07 0.033935 2.282
1.9307e+06 1.21309e+07 0.042834 2.2875
1.3895e+06 8.73049e+06 0.047288 2.2983
1e+06 6.28319e+06 0.054552 2.305
719690 4.52195e+06 0.067528 2.3188
517950 3.25438e+06 0.072974 2.3315
372760 2.34212e+06 0.079038 2.3458
268270 1.68559e+06 0.085915 2.3614
193070 1.21309e+06 0.093636 2.3785
138950 873049 0.10243 2.3974
100000 628319 0.11235 2.4178
71969 452195 0.12348 2.4408
51795 325438 0.13578 2.4657
37276 234212 0.14933 2.4935
26827 168559 0.16412 2.5245
19307 121309 0.18002 2.5588
13895 87304.9 0.19695 2.5971
10000 62831.9 0.21456 2.6391
7196.9 45219.5 0.23277 2.6855
5179.5 32543.8 0.25097 2.7364
3727.6 23421.2 0.26888 2.7917
2682.7 16855.9 0.2859 2.8515
1930.7 12130.9 0.30155 2.9156
1389.5 8730.49 0.31527 2.9834
1000 6283.19 0.32652 3.0543
719.69 4521.95 0.335 3.1277
517.95 3254.38 0.34048 3.203
372.76 2342.12 0.34294 3.279
268.27 1685.59 0.34242 3.3547
193.07 1213.09 0.33931 3.4297
138.95 873.049 0.33409 3.503
100 628.319 0.32693 3.5744
71.969 452.195 0.31865 3.6439
51.795 325.438 0.30939 3.7109
37.276 234.212 0.29968 3.7753
26.827 168.559 0.2896 3.8372
19.307 121.309 0.27917 3.8968
13.895 87.3049 0.26882 3.9539
10 62.8319 0.2588 4.0088
7.1969 45.2195 0.24864 4.0611
5.1795 32.5438 0.23917 4.1104
3.7276 23.4212 0.23037 4.1572
2.6827 16.8559 0.22295 4.201
1.9307 12.1309 0.21774 4.2419
1.3895 8.73049 0.21562 4.2798
1 6.28319 0.21786 4.3136
0.71969 4.52195 0.22792 4.3437
0.51795 3.25438 0.24664 4.3714
0.37276 2.34212 0.279 4.3956
0.26827 1.68559 0.32869 4.4183
0.19307 1.21309 0.40478 4.439
0.13895 0.873049 0.51216 4.4581
0.1 0.628319 0.66885 4.4792
0.071969 0.452195 0.88544 4.5096
0.051795 0.325438 1.1866 4.5469
0.037276 0.234212 1.59 4.6067
0.026827 0.168559 2.1479 4.6928

1e+07 6.28319e+07 -0.063679 2.3019
7.1969e+06 4.52195e+07 0.0062589 2.2969
5.1795e+06 3.25438e+07 0.015368 2.2798
3.7276e+06 2.34212e+07 0.017022 2.2797
2.6827e+06 1.68559e+07 0.027073 2.2773
1.9307e+06 1.21309e+07 0.03541 2.2815
1.3895e+06 8.73049e+06 0.03916 2.2909
1e+06 6.28319e+06 0.045692 2.296
719690 4.52195e+06 0.057604 2.3079
517950 3.25438e+06 0.061942 2.3187
372760 2.34212e+06 0.06672 2.3309
268270 1.68559e+06 0.072114 2.3441
193070 1.21309e+06 0.078155 2.3584
138950 873049 0.08504 2.3742
100000 628319 0.092815 2.3912
71969 452195 0.10151 2.4101
51795 325438 0.11126 2.4305
37276 234212 0.12207 2.4531
26827 168559 0.13397 2.4783
19307 121309 0.14689 2.5061
13895 87304.9 0.1608 2.5369
10000 62831.9 0.1756 2.5708
7196.9 45219.5 0.1911 2.6083
5179.5 32543.8 0.20706 2.6495
3727.6 23421.2 0.22317 2.6946
2682.7 16855.9 0.2391 2.7435
1930.7 12130.9 0.2544 2.7963
1389.5 8730.49 0.26879 2.8531
1000 6283.19 0.28168 2.9133
719.69 4521.95 0.29265 2.9764
517.95 3254.38 0.30144 3.042
372.76 2342.12 0.30776 3.1092
268.27 1685.59 0.31158 3.1775
193.07 1213.09 0.31298 3.2463
138.95 873.049 0.3122 3.3146
100 628.319 0.30947 3.3824
71.969 452.195 0.30523 3.4486
51.795 325.438 0.29999 3.5131
37.276 234.212 0.29404 3.5762
26.827 168.559 0.28774 3.6374
19.307 121.309 0.2814 3.6968
13.895 87.3049 0.2751 3.7549
10 62.8319 0.26893 3.8116
7.1969 45.2195 0.26328 3.8665
5.1795 32.5438 0.25774 3.9202
3.7276 23.4212 0.25237 3.9727
2.6827 16.8559 0.24688 4.0239
1.9307 12.1309 0.24284 4.0731
1.3895 8.73049 0.23946 4.1211
1 6.28319 0.23795 4.1663
0.71969 4.52195 0.23842 4.2097
0.51795 3.25438 0.24347 4.251
0.37276 2.34212 0.25187 4.2905
0.26827 1.68559 0.26741 4.3275
0.19307 1.21309 0.29408 4.3616
0.13895 0.873049 0.3331 4.3923
0.1 0.628319 0.39562 4.4209
0.071969 0.452195 0.48272 4.4518
0.051795 0.325438 0.61095 4.4795
0.037276 0.234212 0.7848 4.513
0.026827 0.168559 1.04 4.5548

1e+07 6.28319e+07 -0.071467 2.3015
7.1969e+06 4.52195e+07 -5.1393e-05 2.2964
5.1795e+06 3.25438e+07 0.0095059 2.2785
3.7276e+06 2.34212e+07 0.011223 2.2776
2.6827e+06 1.68559e+07 0.021047 2.2743
1.9307e+06 1.21309e+07 0.029025 2.2774
1.3895e+06 8.73049e+06 0.03225 2.2857
1e+06 6.28319e+06 0.038196 2.2894
719690 4.52195e+06 0.049469 2.3007
517950 3.25438e+06 0.052899 2.3099
372760 2.34212e+06 0.056686 2.3203
268270 1.68559e+06 0.060916 2.3315
193070 1.21309e+06 0.065625 2.3436
138950 873049 0.070954 2.357
100000 628319 0.077028 2.3711
71969 452195 0.083827 2.3869
51795 325438 0.091482 2.4036
37276 234212 0.099992 2.4221
26827 168559 0.10943 2.4426
19307 121309 0.11976 2.4651
13895 87304.9 0.13099 2.4901
10000 62831.9 0.14302 2.5174
7196.9 45219.5 0.15581 2.5475
5179.5 32543.8 0.1693 2.5808
3727.6 23421.2 0.18323 2.6173
2682.7 16855.9 0.19734 2.657
1930.7 12130.9 0.21133 2.7002
1389.5 8730.49 0.22486 2.7466
1000 6283.19 0.23763 2.7964
719.69 4521.95 0.24931 2.8494
517.95 3254.38 0.25943 2.9049
372.76 2342.12 0.26779 2.9627
268.27 1685.59 0.27417 3.0224
193.07 1213.09 0.27844 3.0834
138.95 873.049 0.28055 3.1447
100 628.319 0.28075 3.2061
71.969 452.195 0.27918 3.2671
51.795 325.438 0.27619 3.3269
37.276 234.212 0.27227 3.3855
26.827 168.559 0.26771 3.4427
19.307 121.309 0.26297 3.4983
13.895 87.3049 0.25852 3.5523
10 62.8319 0.25383 3.6052
7.1969 45.2195 0.24996 3.6569
5.1795 32.5438 0.24703 3.7072
3.7276 23.4212 0.24425 3.7575
2.6827 16.8559 0.24171 3.8077
1.9307 12.1309 0.2406 3.8573
1.3895 8.73049 0.24154 3.9069
1 6.28319 0.24133 3.9554
0.71969 4.52195 0.24294 4.0025
0.51795 3.25438 0.2457 4.0496
0.37276 2.34212 0.24939 4.0965
0.26827 1.68559 0.25509 4.1425
0.19307 1.21309 0.26587 4.1874
0.13895 0.873049 0.2802 4.2295
0.1 0.628319 0.3037 4.2684
0.071969 0.452195 0.33586 4.311
0.051795 0.325438 0.38482 4.3493
0.037276 0.234212 0.45432 4.3868
0.026827 0.168559 0.54753 4.4299

1e+07 6.28319e+07 -0.060924 2.3004
7.1969e+06 4.52195e+07 0.0091143 2.2962
5.1795e+06 3.25438e+07 0.01921 2.2801
3.7276e+06 2.34212e+07 0.021628 2.2812
2.6827e+06 1.68559e+07 0.032212 2.2799
1.9307e+06 1.21309e+07 0.041136 2.2852
1.3895e+06 8.73049e+06 0.045512 2.2959
1e+06 6.28319e+06 0.052767 2.3022
719690 4.52195e+06 0.065611 2.3163
517950 3.25438e+06 0.070859 2.3287
372760 2.34212e+06 0.076712 2.3427
268270 1.68559e+06 0.083332 2.3578
193070 1.21309e+06 0.090802 2.3744
138950 873049 0.099289 2.3929
100000 628319 0.10887 2.4128
71969 452195 0.11961 2.4351
51795 325438 0.13157 2.4593
37276 234212 0.14473 2.4864
26827 168559 0.15911 2.5164
19307 121309 0.17464 2.5498
13895 87304.9 0.19117 2.587
10000 62831.9 0.20849 2.6279
7196.9 45219.5 0.22639 2.6731
5179.5 32543.8 0.24437 2.7226
3727.6 23421.2 0.26212 2.7765
2682.7 16855.9 0.27922 2.835
1930.7 12130.9 0.29495 2.8975
1389.5 8730.49 0.3089 2.964
1000 6283.19 0.32058 3.0338
719.69 4521.95 0.32957 3.106
517.95 3254.38 0.33571 3.1805
372.76 2342.12 0.33882 3.2557
268.27 1685.59 0.33908 3.3311
193.07 1213.09 0.33666 3.4056
138.95 873.049 0.33202 3.4787
100 628.319 0.32564 3.5497
71.969 452.195 0.31797 3.6192
51.795 325.438 0.30937 3.6863
37.276 234.212 0.30007 3.751
26.827 168.559 0.29057 3.8134
19.307 121.309 0.28084 3.8735
13.895 87.3049 0.27128 3.9312
10 62.8319 0.26138 3.9869
7.1969 45.2195 0.25205 4.04
5.1795 32.5438 0.24266 4.0904
3.7276 23.4212 0.23428 4.1388
2.6827 16.8559 0.22664 4.1843
1.9307 12.1309 0.22116 4.2267
1.3895 8.73049 0.21895 4.2655
1 6.28319 0.21976 4.3022
0.71969 4.52195 0.22935 4.3342
0.51795 3.25438 0.24479 4.3651
0.37276 2.34212 0.27406 4.3921
0.26827 1.68559 0.3218 4.4161
0.19307 1.21309 0.39239 4.438
0.13895 0.873049 0.49698 4.4587
0.1 0.628319 0.64939 4.4823
0.071969 0.452195 0.8659 4.5095
0.051795 0.325438 1.1657 4.5456
0.037276 0.234212 1.5763 4.6029
0.026827 0.168559 2.1347 4.6929

1e+07 6.28319e+07 -0.045303 2.3035
7.1969e+06 4.52195e+07 0.023785 2.3003
5.1795e+06 3.25438e+07 0.034102 2.2864
3.7276e+06 2.34212e+07 0.037311 2.2901
2.6827e+06 1.68559e+07 0.049073 2.2915
1.9307e+06 1.21309e+07 0.059471 2.3
1.3895e+06 8.73049e+06 0.065716 2.3142
1e+06 6.28319e+06 0.075181 2.3244
719690 4.52195e+06 0.090501 2.3418
517950 3.25438e+06 0.098799 2.359
372760 2.34212e+06 0.10821 2.3785
268270 1.68559e+06 0.11888 2.3999
193070 1.21309e+06 0.13089 2.4236
138950 873049 0.14446 2.4503
100000 628319 0.15957 2.4795
71969 452195 0.17628 2.5122
51795 325438 0.1946 2.5489
37276 234212 0.21432 2.5899
26827 168559 0.23526 2.6356
19307 121309 0.25699 2.6862
13895 87304.9 0.27917 2.7424
10000 62831.9 0.30123 2.8043
7196.9 45219.5 0.32241 2.8718
5179.5 32543.8 0.34197 2.9448
3727.6 23421.2 0.35898 3.0226
2682.7 16855.9 0.37278 3.105
1930.7 12130.9 0.38263 3.1906
1389.5 8730.49 0.38802 3.2782
1000 6283.19 0.38878 3.3666
719.69 4521.95 0.38502 3.4543
517.95 3254.38 0.37711 3.5403
372.76 2342.12 0.3655 3.6234
268.27 1685.59 0.35092 3.7028
193.07 1213.09 0.33416 3.7776
138.95 873.049 0.3158 3.8479
100 628.319 0.29653 3.9132
71.969 452.195 0.27684 3.9738
51.795 325.438 0.25724 4.0293
37.276 234.212 0.23816 4.0799
26.827 168.559 0.22015 4.1257
19.307 121.309 0.20344 4.167
13.895 87.3049 0.189 4.2038
10 62.8319 0.17729 4.236
7.1969 45.2195 0.16922 4.2642
5.1795 32.5438 0.16607 4.2886
3.7276 23.4212 0.16966 4.3098
2.6827 16.8559 0.18226 4.3278
1.9307 12.1309 0.20617 4.3432
1.3895 8.73049 0.24691 4.3563
1 6.28319 0.30755 4.3681
0.71969 4.52195 0.39799 4.3788
0.51795 3.25438 0.52859 4.3906
0.37276 2.34212 0.71314 4.4061
0.26827 1.68559 0.97122 4.4285
0.19307 1.21309 1.3297 4.4686
0.13895 0.873049 1.8186 4.5234
0.1 0.628319 2.4851 4.615
0.071969 0.452195 3.3715 4.7631
0.051795 0.325438 4.5497 4.9798
0.037276 0.234212 6.1002 5.2557
0.026827 0.168559 8.1621 5.6218

1e+07 6.28319e+07 -0.023158 2.3111
7.1969e+06 4.52195e+07 0.043511 2.3101
5.1795e+06 3.25438e+07 0.053918 2.2992
3.7276e+06 2.34212e+07 0.057937 2.306
2.6827e+06 1.68559e+07 0.071593 2.3111
1.9307e+06 1.21309e+07 0.084456 2.3237
1.3895e+06 8.73049e+06 0.093629 2.3425
1e+06 6.28319e+06 0.10664 2.3582
719690 4.52195e+06 0.12616 2.3827
517950 3.25438e+06 0.13912 2.407
372760 2.34212e+06 0.15383 2.4346
268270 1.68559e+06 0.17039 2.4654
193070 1.21309e+06 0.18885 2.4999
138950 873049 0.20931 2.5389
100000 628319 0.23163 2.5825
71969 452195 0.2556 2.6315
51795 325438 0.28079 2.6864
37276 234212 0.30664 2.7478
26827 168559 0.33251 2.816
19307 121309 0.3572 2.8909
13895 87304.9 0.3798 2.9726
10000 62831.9 0.39903 3.0607
7196.9 45219.5 0.4135 3.1537
5179.5 32543.8 0.42232 3.2506
3727.6 23421.2 0.42459 3.3492
2682.7 16855.9 0.41999 3.4477
1930.7 12130.9 0.40888 3.5442
1389.5 8730.49 0.39163 3.6361
1000 6283.19 0.36958 3.7222
719.69 4521.95 0.34394 3.8017
517.95 3254.38 0.31616 3.8733
372.76 2342.12 0.28735 3.9376
268.27 1685.59 0.25873 3.9942
193.07 1213.09 0.23142 4.0433
138.95 873.049 0.20593 4.0857
100 628.319 0.18298 4.122
71.969 452.195 0.16309 4.1527
51.795 325.438 0.14679 4.1785
37.276 234.212 0.13501 4.2
26.827 168.559 0.1281 4.2178
19.307 121.309 0.12705 4.2325
13.895 87.3049 0.13355 4.2444
10 62.8319 0.14932 4.2544
7.1969 45.2195 0.17741 4.262
5.1795 32.5438 0.22173 4.2684
3.7276 23.4212 0.28711 4.2752
2.6827 16.8559 0.38176 4.2805
1.9307 12.1309 0.51606 4.2905
1.3895 8.73049 0.70594 4.3015
1 6.28319 0.9702 4.3217
0.71969 4.52195 1.3286 4.3499
0.51795 3.25438 1.8254 4.4023
0.37276 2.34212 2.4975 4.4841
0.26827 1.68559 3.4038 4.6128
0.19307 1.21309 4.6116 4.7977
0.13895 0.873049 6.2239 5.0419
0.1 0.628319 8.3879 5.3576
0.071969 0.452195 11.281 5.7213
0.051795 0.325438 15.223 6.1348
0.037276 0.234212 20.574 6.5537
0.026827 0.168559 27.834 6.9441

1e+07 6.28319e+07 -0.018176 2.3007
7.1969e+06 4.52195e+07 0.076196 2.3235
5.1795e+06 3.25438e+07 0.083431 2.3267
3.7276e+06 2.34212e+07 0.085456 2.3387
2.6827e+06 1.68559e+07 0.10211 2.3482
1.9307e+06 1.21309e+07 0.11892 2.3664
1.3895e+06 8.73049e+06 0.13288 2.392
1e+06 6.28319e+06 0.15113 2.4153
719690 4.52195e+06 0.177 2.4479
517950 3.25438e+06 0.19653 2.4827
372760 2.34212e+06 0.21842 2.5225
268270 1.68559e+06 0.24251 2.5674
193070 1.21309e+06 0.26858 2.6183
138950 873049 0.29645 2.676
100000 628319 0.32529 2.7407
71969 452195 0.35407 2.8131
51795 325438 0.38183 2.8938
37276 234212 0.40681 2.9821
26827 168559 0.42743 3.0778
19307 121309 0.44191 3.1796
13895 87304.9 0.44862 3.2854
10000 62831.9 0.44644 3.3928
7196.9 45219.5 0.43511 3.4984
5179.5 32543.8 0.41494 3.599
3727.6 23421.2 0.38755 3.6931
2682.7 16855.9 0.35473 3.7772
1930.7 12130.9 0.31883 3.8511
1389.5 8730.49 0.28217 3.9142
1000 6283.19 0.24644 3.9675
719.69 4521.95 0.21317 4.0117
517.95 3254.38 0.18333 4.0477
372.76 2342.12 0.15753 4.077
268.27 1685.59 0.13612 4.1005
193.07 1213.09 0.11936 4.1194
138.95 873.049 0.10761 4.1344
100 628.319 0.10115 4.1463
71.969 452.195 0.10077 4.1557
51.795 325.438 0.10741 4.1631
37.276 234.212 0.12272 4.169
26.827 168.559 0.14906 4.1738
19.307 121.309 0.18979 4.178
13.895 87.3049 0.24963 4.1818
10 62.8319 0.33575 4.186
7.1969 45.2195 0.45707 4.1913
5.1795 32.5438 0.62663 4.1993
3.7276 23.4212 0.86334 4.2122
2.6827 16.8559 1.1886 4.2352
1.9307 12.1309 1.6375 4.273
1.3895 8.73049 2.2489 4.3373
1 6.28319 3.0686 4.4328
0.71969 4.52195 4.1726 4.5719
0.51795 3.25438 5.6553 4.7714
0.37276 2.34212 7.6396 5.0125
0.26827 1.68559 10.302 5.3058
0.19307 1.21309 13.967 5.6355
0.13895 0.873049 18.987 5.966
0.1 0.628319 25.92 6.2641
0.071969 0.452195 35.588 6.5445
0.051795 0.325438 49.104 6.7822
0.037276 0.234212 67.868 6.9729
0.026827 0.168559 94.103 7.1902

1e+07 6.28319e+07 0.044762 2.3773
7.1969e+06 4.52195e+07 0.10761 2.3815
5.1795e+06 3.25438e+07 0.11924 2.3782
3.7276e+06 2.34212e+07 0.1275 2.3947
2.6827e+06 1.68559e+07 0.14793 2.4118
1.9307e+06 1.21309e+07 0.16958 2.4385
1.3895e+06 8.73049e+06 0.18916 2.4739
1e+06 6.28319e+06 0.21412 2.5088
719690 4.52195e+06 0.24706 2.5553
517950 3.25438e+06 0.27438 2.606
372760 2.34212e+06 0.30378 2.664
268270 1.68559e+06 0.33458 2.7299
193070 1.21309e+06 0.36582 2.8045
138950 873049 0.39594 2.8879
100000 628319 0.42316 2.9802
71969 452195 0.44538 3.0811
51795 325438 0.46012 3.1886
37276 234212 0.46546 3.3007
26827 168559 0.45978 3.4142
19307 121309 0.44273 3.5246
13895 87304.9 0.41504 3.628
10000 62831.9 0.37903 3.7213
7196.9 45219.5 0.33756 3.8025
5179.5 32543.8 0.29425 3.87
3727.6 23421.2 0.25192 3.9253
2682.7 16855.9 0.21267 3.9688
1930.7 12130.9 0.17806 4.0027
1389.5 8730.49 0.14864 4.0288
1000 6283.19 0.1246 4.049
719.69 4521.95 0.10594 4.0645
517.95 3254.38 0.092693 4.0763
372.76 2342.12 0.084879 4.0853
268.27 1685.59 0.082728 4.0923
193.07 1213.09 0.086819 4.0977
138.95 873.049 0.098295 4.1018
100 628.319 0.11888 4.1051
71.969 452.195 0.1512 4.1079
51.795 325.438 0.19905 4.1104
37.276 234.212 0.26771 4.1131
26.827 168.559 0.36472 4.1165
19.307 121.309 0.50076 4.1215
13.895 87.3049 0.69008 4.1292
10 62.8319 0.9521 4.1426
7.1969 45.2195 1.3132 4.1656
5.1795 32.5438 1.81 4.2052
3.7276 23.4212 2.4862 4.2695
2.6827 16.8559 3.3975 4.3656
1.9307 12.1309 4.6317 4.5091
1.3895 8.73049 6.285 4.6933
1 6.28319 8.5036 4.9176
0.71969 4.52195 11.513 5.1698
0.51795 3.25438 15.657 5.4337
0.37276 2.34212 21.361 5.6864
0.26827 1.68559 29.292 5.9047
0.19307 1.21309 40.414 6.0934
0.13895 0.873049 55.851 6.2464
0.1 0.628319 77.586 6.3979
0.071969 0.452195 107.9 6.5431
0.051795 0.325438 149.92 6.7499
0.037276 0.234212 208.11 7.1194
0.026827 0.168559 289.1 7.627

1e+07 6.28319e+07 0.03638 2.4199
7.1969e+06 4.52195e+07 0.12687 2.4357
5.1795e+06 3.25438e+07 0.15179 2.4434
3.7276e+06 2.34212e+07 0.17103 2.4703
2.6827e+06 1.68559e+07 0.20053 2.4984
1.9307e+06 1.21309e+07 0.23099 2.5377
1.3895e+06 8.73049e+06 0.25913 2.5877
1e+06 6.28319e+06 0.29243 2.6396
719690 4.52195e+06 0.33432 2.7049
517950 3.25438e+06 0.36676 2.7781
372760 2.34212e+06 0.39876 2.8613
268270 1.68559e+06 0.428 2.9541
193070 1.21309e+06 0.45204 3.0562
138950 873049 0.46837 3.1663
100000 628319 0.47423 3.282
71969 452195 0.46751 3.3993
51795 325438 0.44752 3.5131
37276 234212 0.41539 3.6194
26827 168559 0.3737 3.7128
19307 121309 0.3265 3.7915
13895 87304.9 0.27804 3.8548
10000 62831.9 0.23202 3.9039
7196.9 45219.5 0.19066 3.9411
5179.5 32543.8 0.15542 3.9684
3727.6 23421.2 0.12673 3.9888
2682.7 16855.9 0.10418 4.0033
1930.7 12130.9 0.087654 4.014
1389.5 8730.49 0.076699 4.0217
1000 6283.19 0.071153 4.0276
719.69 4521.95 0.071176 4.032
517.95 3254.38 0.077306 4.0353
372.76 2342.12 0.090622 4.0379
268.27 1685.59 0.11288 4.0399
193.07 1213.09 0.14672 4.0418
138.95 873.049 0.19592 4.0435
100 628.319 0.26569 4.0458
71.969 452.195 0.36402 4.0486
51.795 325.438 0.50146 4.0529
37.276 234.212 0.69202 4.06
26.827 168.559 0.9565 4.072
19.307 121.309 1.3213 4.0929
13.895 87.3049 1.8225 4.1286
10 62.8319 2.5027 4.1872
7.1969 45.2195 3.4248 4.275
5.1795 32.5438 4.6713 4.4059
3.7276 23.4212 6.3491 4.572
2.6827 16.8559 8.6219 4.7692
1.9307 12.1309 11.703 4.9799
1.3895 8.73049 15.951 5.1938
1 6.28319 21.838 5.3799
0.71969 4.52195 29.987 5.5405
0.51795 3.25438 41.35 5.6748
0.37276 2.34212 57.178 5.7853
0.26827 1.68559 79.427 5.9019
0.19307 1.21309 110.45 6.0659
0.13895 0.873049 153.53 6.2804
0.1 0.628319 213.46 6.6275
0.071969 0.452195 296.8 7.1094
0.051795 0.325438 412.21 7.7511
0.037276 0.234212 572.78 8.8032
0.026827 0.168559 794.27 10.291

1e+07 6.28319e+07 0.083849 2.4875
7.1969e+06 4.52195e+07 0.18023 2.5109
5.1795e+06 3.25438e+07 0.21072 2.5283
3.7276e+06 2.34212e+07 0.23645 2.5676
2.6827e+06 1.68559e+07 0.27246 2.6103
1.9307e+06 1.21309e+07 0.30938 2.6666
1.3895e+06 8.73049e+06 0.34302 2.7366
1e+06 6.28319e+06 0.37916 2.8111
719690 4.52195e+06 0.42128 2.9009
517950 3.25438e+06 0.44788 3.0008
372760 2.34212e+06 0.46723 3.11
268270 1.68559e+06 0.476 3.2258
193070 1.21309e+06 0.47155 3.3448
138950 873049 0.45273 3.4616
100000 628319 0.42002 3.5703
71969 452195 0.37613 3.6667
51795 325438 0.32573 3.7464
37276 234212 0.27378 3.8097
26827 168559 0.22465 3.8567
19307 121309 0.18119 3.8908
13895 87304.9 0.14479 3.9148
10000 62831.9 0.11565 3.9316
7196.9 45219.5 0.093347 3.9434
5179.5 32543.8 0.077296 3.9515
3727.6 23421.2 0.066892 3.9577
2682.7 16855.9 0.061744 3.9618
1930.7 12130.9 0.061851 3.9648
1389.5 8730.49 0.067602 3.9669
1000 6283.19 0.079872 3.9687
719.69 4521.95 0.1002 3.9702
517.95 3254.38 0.13094 3.9715
372.76 2342.12 0.1754 3.9729
268.27 1685.59 0.23876 3.9745
193.07 1213.09 0.32753 3.9768
138.95 873.049 0.45132 3.9803
100 628.319 0.62325 3.9859
71.969 452.195 0.86177 3.9955
51.795 325.438 1.1913 4.012
37.276 234.212 1.6449 4.0406
26.827 168.559 2.2633 4.0881
19.307 121.309 3.1012 4.1598
13.895 87.3049 4.2342 4.2663
10 62.8319 5.7703 4.4099
7.1969 45.2195 7.8393 4.571
5.1795 32.5438 10.667 4.744
3.7276 23.4212 14.566 4.912
2.6827 16.8559 19.959 5.0524
1.9307 12.1309 27.411 5.1609
1.3895 8.73049 37.861 5.256
1 6.28319 52.389 5.342
0.71969 4.52195 72.708 5.4279
0.51795 3.25438 101.04 5.5492
0.37276 2.34212 140.33 5.7278
0.26827 1.68559 194.85 5.9916
0.19307 1.21309 270.86 6.3946
0.13895 0.873049 375.95 7.0275
0.1 0.628319 521.81 7.8506
0.071969 0.452195 724.63 9.0183
0.051795 0.325438 1006.3 10.874
0.037276 0.234212 1394.5 13.763
0.026827 0.168559 1929.5 17.464

1e+07 6.28319e+07 0.14378 2.5765
7.1969e+06 4.52195e+07 0.24618 2.6103
5.1795e+06 3.25438e+07 0.28176 2.6412
3.7276e+06 2.34212e+07 0.31028 2.6989
2.6827e+06 1.68559e+07 0.35116 2.7596
1.9307e+06 1.21309e+07 0.39004 2.8383
1.3895e+06 8.73049e+06 0.41973 2.9324
1e+06 6.28319e+06 0.44629 3.0315
719690 4.52195e+06 0.47203 3.1445
517950 3.25438e+06 0.47311 3.2622
372760 2.34212e+06 0.45967 3.3804
268270 1.68559e+06 0.43078 3.4935
193070 1.21309e+06 0.38882 3.5945
138950 873049 0.33802 3.6795
100000 628319 0.28381 3.7465
71969 452195 0.23153 3.7965
51795 325438 0.18477 3.8316
37276 234212 0.14561 3.8562
26827 168559 0.1143 3.8722
19307 121309 0.090423 3.883
13895 87304.9 0.073082 3.8901
10000 62831.9 0.061454 3.8951
7196.9 45219.5 0.054918 3.8986
5179.5 32543.8 0.053256 3.901
3727.6 23421.2 0.05657 3.9031
2682.7 16855.9 0.065445 3.9044
1930.7 12130.9 0.081007 3.9054
1389.5 8730.49 0.10491 3.9062
1000 6283.19 0.13985 3.9074
719.69 4521.95 0.18972 3.9086
517.95 3254.38 0.25983 3.9103
372.76 2342.12 0.35775 3.9127
268.27 1685.59 0.49398 3.9165
193.07 1213.09 0.68302 3.9228
138.95 873.049 0.94451 3.9335
100 628.319 1.305 3.9518
71.969 452.195 1.8004 3.983
51.795 325.438 2.4761 4.0332
37.276 234.212 3.3883 4.1052
26.827 168.559 4.6271 4.2054
19.307 121.309 6.3136 4.3294
13.895 87.3049 8.6065 4.4555
10 62.8319 11.758 4.5701
7.1969 45.2195 16.138 4.671
5.1795 32.5438 22.251 4.7527
3.7276 23.4212 30.717 4.809
2.6827 16.8559 42.564 4.8656
1.9307 12.1309 58.976 4.9199
1.3895 8.73049 81.825 4.9885
1 6.28319 113.61 5.1194
0.71969 4.52195 157.8 5.2785
0.51795 3.25438 219.13 5.5286
0.37276 2.34212 304.32 5.9289
0.26827 1.68559 422.68 6.5141
0.19307 1.21309 586.39 7.3834
0.13895 0.873049 814.36 8.7158
0.1 0.628319 1130.6 10.567
0.071969 0.452195 1569.7 12.974
0.051795 0.325438 2176 16.657
0.037276 0.234212 3017.2 21.939
0.026827 0.168559 4171.7 28.923
