Raw Data (#.=61)
log.afreq  log.sfreq  log.loss  storage   
==========================================
-0.773248 -1.57143 -0.910095 2.3854
-0.630391 -1.42857 -0.92867 2.366
-0.487532 -1.28571 -0.950278 2.3468
-0.344674 -1.14285 -0.955186 2.3266
-0.20182 -1 -0.954912 2.3044
-0.0589614 -0.857141 -0.958805 2.2848
0.083893 -0.714285 -0.960824 2.265
0.226752 -0.571428 -0.962534 2.2433
0.369609 -0.428571 -0.961698 2.2214
0.512468 -0.285712 -0.958252 2.1994
0.655326 -0.142855 -0.96142 2.1765
0.79818 0 -0.959279 2.1538
0.941039 0.142859 -0.962016 2.1303
1.08389 0.285715 -0.965773 2.1076
1.22675 0.428572 -0.970251 2.0839
1.36961 0.571429 -0.976213 2.0615
1.51247 0.714288 -0.98527 2.0391
1.65533 0.857145 -0.997359 2.0164
1.79818 1 -1.01059 1.9952
1.94104 1.14286 -1.02685 1.9747
2.08389 1.28571 -1.04596 1.9549
2.22675 1.42857 -1.06643 1.936
2.36961 1.57143 -1.08983 1.9182
2.51247 1.71429 -1.11533 1.9016
2.65533 1.85715 -1.14252 1.8861
2.79818 2 -1.17164 1.8716
2.94104 2.14286 -1.20257 1.8581
3.08389 2.28571 -1.23497 1.8457
3.22675 2.42857 -1.26839 1.8342
3.36961 2.57143 -1.30298 1.8237
3.51247 2.71429 -1.33859 1.8141
3.65533 2.85715 -1.37484 1.8053
3.79818 3 -1.41152 1.7972
3.94104 3.14286 -1.4486 1.7899
4.08389 3.28571 -1.48562 1.7831
4.22675 3.42857 -1.52255 1.7769
4.36961 3.57143 -1.55903 1.7713
4.51247 3.71429 -1.59511 1.7662
4.65533 3.85715 -1.62962 1.7614
4.79818 4 -1.66324 1.757
4.94104 4.14286 -1.69471 1.753
5.08389 4.28571 -1.72517 1.7492
5.22675 4.42857 -1.75311 1.7456
5.36961 4.57143 -1.77947 1.7422
5.51247 4.71429 -1.80374 1.7391
5.65533 4.85715 -1.82638 1.7361
5.79818 5 -1.84722 1.7331
5.94104 5.14286 -1.86809 1.7304
6.08389 5.28571 -1.8878 1.7277
6.22675 5.42857 -1.90777 1.7252
6.36961 5.57143 -1.92911 1.7228
6.51247 5.71429 -1.95573 1.7206
6.65533 5.85715 -1.9854 1.7188
6.79818 6 -2.10183 1.7212
6.94104 6.14286 -2.30133 1.7193
7.08389 6.28571 -2.97931 1.7197
7.22675 6.42857 -2.3008 1.7206
7.36961 6.57143 -1.92974 1.7268
7.51247 6.71429 -1.91528 1.7301
7.65533 6.85715 -1.75328 1.7443
7.79818 7 -1.12489 1.7504


Cubic Spline Interpolation (Global Range)
log.afreq  log.sfreq  f  df  d2f         
=========================================
-0.773248 -1.57143 -0.910095 -0.0987586 -0.437731
-0.764677 -1.56286 -0.910958 -0.102511 -0.437731
-0.756105 -1.55429 -0.911852 -0.106263 -0.437731
-0.747534 -1.54571 -0.912779 -0.110015 -0.437731
-0.738962 -1.53714 -0.913738 -0.113767 -0.437731
-0.730391 -1.52857 -0.91473 -0.117519 -0.437731
-0.721819 -1.52 -0.915753 -0.121271 -0.437731
-0.713248 -1.51143 -0.916808 -0.125022 -0.437731
-0.704677 -1.50286 -0.917896 -0.128774 -0.437731
-0.696105 -1.49429 -0.919016 -0.132526 -0.437731
-0.687534 -1.48571 -0.920168 -0.136278 -0.437731
-0.678962 -1.47714 -0.921352 -0.14003 -0.437731
-0.670391 -1.46857 -0.922569 -0.143782 -0.437731
-0.661819 -1.46 -0.923817 -0.147534 -0.437731
-0.653248 -1.45143 -0.925098 -0.151286 -0.437731
-0.644677 -1.44286 -0.926411 -0.155038 -0.437731
-0.636105 -1.43429 -0.927755 -0.15879 -0.437731
-0.627534 -1.42571 -0.929133 -0.162493 -0.403035
-0.618962 -1.41714 -0.930539 -0.165501 -0.298951
-0.610391 -1.40857 -0.931967 -0.167618 -0.194866
-0.601819 -1.4 -0.93341 -0.168842 -0.0907814
-0.593248 -1.39143 -0.934859 -0.169174 0.0133032
-0.584677 -1.38286 -0.936307 -0.168614 0.117388
-0.576105 -1.37429 -0.937747 -0.167161 0.221472
-0.567534 -1.36571 -0.93917 -0.164817 0.325557
-0.558962 -1.35714 -0.94057 -0.161581 0.429642
-0.550391 -1.34857 -0.941938 -0.157452 0.533726
-0.541819 -1.34 -0.943267 -0.152431 0.637811
-0.533248 -1.33143 -0.944548 -0.146518 0.741896
-0.524677 -1.32286 -0.945776 -0.139713 0.84598
-0.516105 -1.31429 -0.946941 -0.132015 0.950065
-0.507534 -1.30571 -0.948036 -0.123426 1.05415
-0.498962 -1.29714 -0.949054 -0.113944 1.15823
-0.490391 -1.28857 -0.949987 -0.10357 1.26232
-0.481819 -1.28 -0.950828 -0.0926326 1.25154
-0.473248 -1.27143 -0.951577 -0.0821977 1.18327
-0.464677 -1.26286 -0.952239 -0.0723479 1.11501
-0.456105 -1.25429 -0.952819 -0.0630832 1.04674
-0.447534 -1.24571 -0.953322 -0.0544037 0.978478
-0.438962 -1.23714 -0.953753 -0.0463093 0.910212
-0.430391 -1.22857 -0.954117 -0.0388001 0.841947
-0.421819 -1.22 -0.95442 -0.031876 0.773682
-0.413248 -1.21143 -0.954665 -0.025537 0.705416
-0.404677 -1.20286 -0.954859 -0.0197831 0.637151
-0.396105 -1.19429 -0.955006 -0.0146144 0.568885
-0.387534 -1.18571 -0.955111 -0.0100308 0.50062
-0.378962 -1.17714 -0.95518 -0.00603234 0.432355
-0.370391 -1.16857 -0.955216 -0.00261901 0.364089
-0.361819 -1.16 -0.955226 0.000209191 0.295824
-0.353248 -1.15143 -0.955215 0.00245226 0.227559
-0.344677 -1.14286 -0.955186 0.0041102 0.159293
-0.336105 -1.13429 -0.955145 0.00532893 0.125088
-0.327534 -1.12571 -0.955095 0.00625455 0.0908924
-0.318962 -1.11714 -0.955039 0.00688708 0.0566973
-0.310391 -1.10857 -0.954978 0.00722651 0.0225021
-0.30182 -1.1 -0.954916 0.00727283 -0.011693
-0.293248 -1.09143 -0.954854 0.00702606 -0.0458882
-0.284677 -1.08286 -0.954796 0.00648618 -0.0800834
-0.276105 -1.07429 -0.954744 0.0056532 -0.114279
-0.267534 -1.06571 -0.9547 0.00452712 -0.148474
-0.258962 -1.05714 -0.954667 0.00310794 -0.182669
-0.250391 -1.04857 -0.954648 0.00139565 -0.216864
-0.24182 -1.04 -0.954644 -0.000609733 -0.251059
-0.233248 -1.03143 -0.954659 -0.00290822 -0.285254
-0.224677 -1.02286 -0.954695 -0.00549981 -0.319449
-0.216105 -1.01429 -0.954754 -0.0083845 -0.353645
-0.207534 -1.00571 -0.954839 -0.0115623 -0.38784
-0.198962 -0.997142 -0.954953 -0.0149978 -0.397256
-0.190391 -0.988571 -0.955096 -0.0182308 -0.357128
-0.18182 -0.979999 -0.955265 -0.02112 -0.317
-0.173248 -0.971428 -0.955457 -0.0236651 -0.276872
-0.164677 -0.962857 -0.955669 -0.0258664 -0.236744
-0.156105 -0.954285 -0.955899 -0.0277236 -0.196616
-0.147534 -0.945714 -0.956144 -0.0292369 -0.156488
-0.138962 -0.937142 -0.9564 -0.0304063 -0.11636
-0.130391 -0.928571 -0.956664 -0.0312317 -0.0762324
-0.12182 -0.919999 -0.956934 -0.0317131 -0.0361044
-0.113248 -0.911428 -0.957207 -0.0318506 0.0040236
-0.104677 -0.902857 -0.957479 -0.0316441 0.0441516
-0.0961052 -0.894285 -0.957748 -0.0310937 0.0842796
-0.0875338 -0.885714 -0.958011 -0.0301993 0.124408
-0.0789624 -0.877142 -0.958265 -0.028961 0.164536
-0.0703909 -0.868571 -0.958507 -0.0273787 0.204664
-0.0618195 -0.859999 -0.958733 -0.0254525 0.244791
-0.0532481 -0.851428 -0.958942 -0.0232963 0.245005
-0.0446767 -0.842857 -0.959133 -0.021281 0.225246
-0.0361052 -0.834285 -0.959307 -0.019435 0.205488
-0.0275338 -0.825714 -0.959467 -0.0177583 0.18573
-0.0189624 -0.817142 -0.959612 -0.016251 0.165971
-0.0103909 -0.808571 -0.959746 -0.0149131 0.146213
-0.00181951 -0.799999 -0.959869 -0.0137445 0.126455
0.00675192 -0.791428 -0.959982 -0.0127453 0.106696
0.0153233 -0.782857 -0.960087 -0.0119154 0.0869381
0.0238948 -0.774285 -0.960187 -0.0112549 0.0671798
0.0324662 -0.765714 -0.960281 -0.0107638 0.0474214
0.0410376 -0.757142 -0.960372 -0.010442 0.0276631
0.0496091 -0.748571 -0.96046 -0.0102895 0.00790475
0.0581805 -0.739999 -0.960549 -0.0103065 -0.0118536
0.0667519 -0.731428 -0.960638 -0.0104927 -0.0316119
0.0753233 -0.722857 -0.960729 -0.0108484 -0.0513703
0.0838948 -0.714285 -0.960824 -0.0113734 -0.0711222
0.0924662 -0.705714 -0.960924 -0.0119346 -0.0598233
0.101038 -0.697142 -0.961028 -0.0123989 -0.0485244
0.109609 -0.688571 -0.961136 -0.0127664 -0.0372255
0.11818 -0.679999 -0.961247 -0.0130371 -0.0259267
0.126752 -0.671428 -0.961359 -0.0132109 -0.0146278
0.135323 -0.662857 -0.961473 -0.0132878 -0.00332888
0.143895 -0.654285 -0.961587 -0.0132679 0.00797001
0.152466 -0.645714 -0.9617 -0.0131512 0.0192689
0.161038 -0.637142 -0.961812 -0.0129376 0.0305678
0.169609 -0.628571 -0.961922 -0.0126272 0.0418667
0.17818 -0.619999 -0.962028 -0.0122199 0.0531655
0.186752 -0.611428 -0.962131 -0.0117158 0.0644644
0.195323 -0.602857 -0.962229 -0.0111148 0.0757633
0.203895 -0.594285 -0.962321 -0.010417 0.0870622
0.212466 -0.585714 -0.962407 -0.00962231 0.0983611
0.221038 -0.577142 -0.962486 -0.00873079 0.10966
0.229609 -0.568571 -0.962557 -0.00774113 0.121866
0.23818 -0.559999 -0.962618 -0.00663647 0.135887
0.246752 -0.551428 -0.96267 -0.00541164 0.149907
0.255323 -0.542857 -0.962711 -0.00406663 0.163928
0.263895 -0.534285 -0.962739 -0.00260145 0.177949
0.272466 -0.525714 -0.962755 -0.00101608 0.191969
0.281038 -0.517142 -0.962756 0.000689455 0.20599
0.289609 -0.508571 -0.962743 0.00251517 0.220011
0.29818 -0.499999 -0.962713 0.00446107 0.234031
0.306752 -0.491428 -0.962666 0.00652714 0.248052
0.315323 -0.482857 -0.962601 0.00871338 0.262073
0.323895 -0.474285 -0.962516 0.0110198 0.276093
0.332466 -0.465714 -0.962412 0.0134464 0.290114
0.341038 -0.457142 -0.962285 0.0159932 0.304135
0.349609 -0.448571 -0.962137 0.0186601 0.318155
0.35818 -0.439999 -0.961965 0.0214473 0.332176
0.366752 -0.431428 -0.961769 0.0243546 0.346196
0.375323 -0.422857 -0.961548 0.0272292 0.306702
0.383895 -0.414285 -0.961304 0.0295741 0.24045
0.392466 -0.405714 -0.961042 0.0313512 0.174198
0.401038 -0.397142 -0.960768 0.0325604 0.107946
0.409609 -0.388571 -0.960486 0.0332017 0.0416936
0.41818 -0.379999 -0.9602 0.0332751 -0.0245584
0.426752 -0.371428 -0.959917 0.0327807 -0.0908104
0.435323 -0.362857 -0.95964 0.0317183 -0.157062
0.443895 -0.354285 -0.959375 0.0300882 -0.223314
0.452466 -0.345714 -0.959126 0.0278901 -0.289566
0.461038 -0.337142 -0.958898 0.0251242 -0.355818
0.469609 -0.328571 -0.958697 0.0217904 -0.42207
0.47818 -0.319999 -0.958526 0.0178887 -0.488322
0.486752 -0.311428 -0.958392 0.0134191 -0.554574
0.495323 -0.302857 -0.958298 0.00838169 -0.620826
0.503895 -0.294285 -0.95825 0.00277638 -0.687078
0.512466 -0.285714 -0.958252 -0.0033968 -0.75333
0.521038 -0.277142 -0.958308 -0.00947585 -0.665081
0.529609 -0.268571 -0.958412 -0.0147982 -0.576799
0.53818 -0.259999 -0.958559 -0.0193638 -0.488517
0.546752 -0.251428 -0.958742 -0.0231728 -0.400235
0.555323 -0.242857 -0.958954 -0.026225 -0.311953
0.563895 -0.234285 -0.959189 -0.0285205 -0.223671
0.572466 -0.225714 -0.959441 -0.0300594 -0.135389
0.581038 -0.217142 -0.959703 -0.0308415 -0.0471075
0.589609 -0.208571 -0.959968 -0.0308669 0.0411744
0.59818 -0.199999 -0.96023 -0.0301357 0.129456
0.606752 -0.191428 -0.960482 -0.0286477 0.217738
0.615323 -0.182857 -0.960719 -0.026403 0.30602
0.623895 -0.174285 -0.960933 -0.0234016 0.394302
0.632466 -0.165714 -0.961118 -0.0196435 0.482584
0.641038 -0.157142 -0.961267 -0.0151288 0.570866
0.649609 -0.148571 -0.961375 -0.00985726 0.659148
0.65818 -0.139999 -0.961434 -0.00390742 0.692535
0.666752 -0.131428 -0.961443 0.00170049 0.615977
0.675323 -0.122857 -0.961407 0.00665219 0.539419
0.683895 -0.114285 -0.961331 0.0109477 0.462861
0.692466 -0.105714 -0.961221 0.0145869 0.386303
0.701038 -0.0971423 -0.961083 0.01757 0.309745
0.709609 -0.0885709 -0.960922 0.0198969 0.233187
0.71818 -0.0799994 -0.960743 0.0215675 0.156629
0.726752 -0.071428 -0.960554 0.0225819 0.0800714
0.735323 -0.0628566 -0.960358 0.0229402 0.00351351
0.743895 -0.0542852 -0.960162 0.0226422 -0.0730444
0.752466 -0.0457137 -0.959972 0.021688 -0.149602
0.761038 -0.0371423 -0.959792 0.0200776 -0.22616
0.769609 -0.0285709 -0.95963 0.0178109 -0.302718
0.77818 -0.0199994 -0.959489 0.0148881 -0.379276
0.786752 -0.011428 -0.959376 0.0113091 -0.455834
0.795323 -0.00285659 -0.959297 0.00707381 -0.532392
0.803895 0.00571484 -0.959256 0.00240104 -0.532411
0.812466 0.0142863 -0.959255 -0.00199858 -0.494169
0.821038 0.0228577 -0.95929 -0.00607042 -0.455926
0.829609 0.0314291 -0.959358 -0.00981446 -0.417684
0.83818 0.0400006 -0.959457 -0.0132307 -0.379442
0.846752 0.048572 -0.959584 -0.0163192 -0.3412
0.855323 0.0571434 -0.959736 -0.0190799 -0.302958
0.863895 0.0657148 -0.95991 -0.0215128 -0.264716
0.872466 0.0742863 -0.960104 -0.0236179 -0.226474
0.881038 0.0828577 -0.960314 -0.0253952 -0.188232
0.889609 0.0914291 -0.960538 -0.0268447 -0.14999
0.89818 0.100001 -0.960773 -0.0279664 -0.111748
0.906752 0.108572 -0.961017 -0.0287604 -0.0735063
0.915323 0.117143 -0.961265 -0.0292266 -0.0352643
0.923895 0.125715 -0.961517 -0.0293649 0.00297769
0.932466 0.134286 -0.961768 -0.0291755 0.0412197
0.941038 0.142858 -0.962016 -0.0286583 0.0794617
0.949609 0.151429 -0.962259 -0.028013 0.0711088
0.95818 0.160001 -0.962496 -0.0274393 0.0627482
0.966752 0.168572 -0.962729 -0.0269373 0.0543876
0.975323 0.177143 -0.962958 -0.0265069 0.046027
0.983895 0.185715 -0.963184 -0.0261482 0.0376664
0.992466 0.194286 -0.963407 -0.0258612 0.0293058
1.00104 0.202858 -0.963628 -0.0256459 0.0209452
1.00961 0.211429 -0.963847 -0.0255022 0.0125846
1.01818 0.220001 -0.964065 -0.0254301 0.00422405
1.02675 0.228572 -0.964283 -0.0254298 -0.00413654
1.03532 0.237143 -0.964501 -0.025501 -0.0124971
1.04389 0.245715 -0.96472 -0.025644 -0.0208577
1.05247 0.254286 -0.964941 -0.0258586 -0.0292183
1.06104 0.262858 -0.965164 -0.0261449 -0.0375789
1.06961 0.271429 -0.965389 -0.0265028 -0.0459395
1.07818 0.280001 -0.965618 -0.0269324 -0.0543001
1.08675 0.288572 -0.965851 -0.0274295 -0.0597128
1.09532 0.297143 -0.966088 -0.0279392 -0.0592351
1.10389 0.305715 -0.96633 -0.0284449 -0.0587574
1.11247 0.314286 -0.966576 -0.0289465 -0.0582798
1.12104 0.322858 -0.966826 -0.029444 -0.0578021
1.12961 0.331429 -0.967081 -0.0299374 -0.0573244
1.13818 0.340001 -0.96734 -0.0304267 -0.0568467
1.14675 0.348572 -0.967602 -0.0309119 -0.0563691
1.15532 0.357143 -0.967869 -0.031393 -0.0558914
1.16389 0.365715 -0.968141 -0.03187 -0.0554137
1.17247 0.374286 -0.968416 -0.032343 -0.054936
1.18104 0.382858 -0.968695 -0.0328118 -0.0544584
1.18961 0.391429 -0.968978 -0.0332765 -0.0539807
1.19818 0.400001 -0.969265 -0.0337372 -0.053503
1.20675 0.408572 -0.969557 -0.0341937 -0.0530253
1.21532 0.417143 -0.969852 -0.0346462 -0.0525477
1.22389 0.425715 -0.970151 -0.0350946 -0.05207
1.23247 0.434286 -0.970453 -0.0355531 -0.0565861
1.24104 0.442858 -0.97076 -0.0360682 -0.0635994
1.24961 0.451429 -0.971072 -0.0366434 -0.0706126
1.25818 0.460001 -0.971389 -0.0372787 -0.0776258
1.26675 0.468572 -0.971711 -0.0379741 -0.0846391
1.27532 0.477143 -0.97204 -0.0387296 -0.0916523
1.28389 0.485715 -0.972375 -0.0395453 -0.0986655
1.29247 0.494286 -0.972718 -0.040421 -0.105679
1.30104 0.502858 -0.973068 -0.0413569 -0.112692
1.30961 0.511429 -0.973427 -0.0423529 -0.119705
1.31818 0.520001 -0.973794 -0.043409 -0.126718
1.32675 0.528572 -0.974171 -0.0445252 -0.133732
1.33532 0.537143 -0.974558 -0.0457015 -0.140745
1.34389 0.545715 -0.974955 -0.046938 -0.147758
1.35247 0.554286 -0.975363 -0.0482345 -0.154771
1.36104 0.562858 -0.975782 -0.0495912 -0.161785
1.36961 0.571429 -0.976213 -0.051008 -0.168798
1.37818 0.580001 -0.976656 -0.0524584 -0.169637
1.38675 0.588572 -0.977112 -0.0539161 -0.170476
1.39532 0.597143 -0.977581 -0.0553809 -0.171316
1.40389 0.605715 -0.978062 -0.0568529 -0.172155
1.41247 0.614286 -0.978555 -0.0583321 -0.172994
1.42104 0.622858 -0.979062 -0.0598185 -0.173833
1.42961 0.631429 -0.979581 -0.0613121 -0.174672
1.43818 0.640001 -0.980113 -0.0628129 -0.175512
1.44675 0.648572 -0.980658 -0.0643209 -0.176351
1.45532 0.657143 -0.981215 -0.0658361 -0.17719
1.46389 0.665715 -0.981786 -0.0673584 -0.178029
1.47247 0.674286 -0.98237 -0.068888 -0.178869
1.48104 0.682858 -0.982967 -0.0704247 -0.179708
1.48961 0.691429 -0.983578 -0.0719687 -0.180547
1.49818 0.700001 -0.984201 -0.0735198 -0.181386
1.50675 0.708572 -0.984838 -0.0750782 -0.182225
1.51532 0.717143 -0.985488 -0.0766378 -0.178961
1.52389 0.725715 -0.986151 -0.0781226 -0.167483
1.53247 0.734286 -0.986827 -0.079509 -0.156004
1.54104 0.742858 -0.987514 -0.080797 -0.144526
1.54961 0.751429 -0.988212 -0.0819865 -0.133047
1.55818 0.76 -0.988919 -0.0830778 -0.121568
1.56675 0.768572 -0.989636 -0.0840706 -0.11009
1.57532 0.777143 -0.99036 -0.084965 -0.0986112
1.58389 0.785715 -0.991092 -0.0857611 -0.0871326
1.59247 0.794286 -0.99183 -0.0864587 -0.075654
1.60104 0.802858 -0.992574 -0.087058 -0.0641754
1.60961 0.811429 -0.993322 -0.0875589 -0.0526968
1.61818 0.82 -0.994075 -0.0879614 -0.0412182
1.62675 0.828572 -0.99483 -0.0882655 -0.0297396
1.63532 0.837143 -0.995587 -0.0884712 -0.018261
1.64389 0.845715 -0.996346 -0.0885785 -0.00678245
1.65247 0.854286 -0.997106 -0.0885874 0.00469615
1.66104 0.862858 -0.997865 -0.0885421 0.000748456
1.66961 0.871429 -0.998624 -0.0885857 -0.0109234
1.67818 0.88 -0.999384 -0.0887293 -0.0225952
1.68675 0.888572 -1.00015 -0.088973 -0.0342671
1.69532 0.897143 -1.00091 -0.0893168 -0.0459389
1.70389 0.905715 -1.00168 -0.0897605 -0.0576108
1.71247 0.914286 -1.00245 -0.0903044 -0.0692826
1.72104 0.922858 -1.00322 -0.0909482 -0.0809544
1.72961 0.931429 -1.00401 -0.0916922 -0.0926263
1.73818 0.94 -1.0048 -0.0925361 -0.104298
1.74675 0.948572 -1.00559 -0.0934801 -0.11597
1.75532 0.957143 -1.0064 -0.0945242 -0.127642
1.76389 0.965715 -1.00721 -0.0956683 -0.139314
1.77247 0.974286 -1.00804 -0.0969124 -0.150985
1.78104 0.982858 -1.00888 -0.0982566 -0.162657
1.78961 0.991429 -1.00972 -0.0997008 -0.174329
1.79818 1 -1.01059 -0.101245 -0.186
1.80675 1.00857 -1.01146 -0.102832 -0.184346
1.81532 1.01714 -1.01235 -0.104405 -0.182692
1.82389 1.02571 -1.01325 -0.105964 -0.181038
1.83247 1.03429 -1.01417 -0.107509 -0.179384
1.84104 1.04286 -1.01509 -0.109039 -0.17773
1.84961 1.05143 -1.01603 -0.110556 -0.176076
1.85818 1.06 -1.01699 -0.112058 -0.174422
1.86675 1.06857 -1.01796 -0.113546 -0.172767
1.87532 1.07714 -1.01894 -0.115019 -0.171113
1.88389 1.08571 -1.01993 -0.116479 -0.169459
1.89247 1.09429 -1.02093 -0.117924 -0.167805
1.90104 1.10286 -1.02195 -0.119356 -0.166151
1.90961 1.11143 -1.02298 -0.120773 -0.164497
1.91818 1.12 -1.02402 -0.122176 -0.162843
1.92675 1.12857 -1.02507 -0.123564 -0.161189
1.93532 1.13714 -1.02614 -0.124939 -0.159535
1.94389 1.14571 -1.02721 -0.126296 -0.155532
1.95247 1.15429 -1.0283 -0.127592 -0.146827
1.96104 1.16286 -1.0294 -0.128813 -0.138123
1.96961 1.17143 -1.03051 -0.12996 -0.129418
1.97818 1.18 -1.03163 -0.131032 -0.120714
1.98675 1.18857 -1.03276 -0.132029 -0.11201
1.99532 1.19714 -1.03389 -0.132952 -0.103305
2.00389 1.20571 -1.03504 -0.1338 -0.0946009
2.01247 1.21429 -1.03619 -0.134573 -0.0858966
2.02104 1.22286 -1.03734 -0.135272 -0.0771922
2.02961 1.23143 -1.0385 -0.135897 -0.0684878
2.03818 1.24 -1.03967 -0.136446 -0.0597834
2.04675 1.24857 -1.04084 -0.136922 -0.0510791
2.05532 1.25714 -1.04202 -0.137322 -0.0423747
2.06389 1.26571 -1.0432 -0.137648 -0.0336703
2.07247 1.27429 -1.04438 -0.137899 -0.024966
2.08104 1.28286 -1.04556 -0.138076 -0.0162616
2.08961 1.29143 -1.04674 -0.138215 -0.0204692
2.09818 1.3 -1.04793 -0.138436 -0.031127
2.10675 1.30857 -1.04912 -0.138749 -0.0417848
2.11532 1.31714 -1.05031 -0.139152 -0.0524426
2.12389 1.32571 -1.0515 -0.139648 -0.0631005
2.13247 1.33429 -1.0527 -0.140234 -0.0737583
2.14104 1.34286 -1.05391 -0.140912 -0.0844161
2.14961 1.35143 -1.05512 -0.141681 -0.0950739
2.15818 1.36 -1.05634 -0.142542 -0.105732
2.16675 1.36857 -1.05756 -0.143494 -0.11639
2.17532 1.37714 -1.0588 -0.144537 -0.127047
2.18389 1.38571 -1.06004 -0.145672 -0.137705
2.19247 1.39429 -1.06129 -0.146898 -0.148363
2.20104 1.40286 -1.06256 -0.148215 -0.159021
2.20961 1.41143 -1.06384 -0.149624 -0.169679
2.21818 1.42 -1.06512 -0.151124 -0.180337
2.22675 1.42857 -1.06643 -0.152715 -0.190994
2.23532 1.43714 -1.06774 -0.154325 -0.18469
2.24389 1.44571 -1.06907 -0.155881 -0.178386
2.25247 1.45429 -1.07042 -0.157383 -0.172082
2.26104 1.46286 -1.07177 -0.158831 -0.165778
2.26961 1.47143 -1.07314 -0.160225 -0.159474
2.27818 1.48 -1.07452 -0.161565 -0.153169
2.28675 1.48857 -1.07591 -0.162851 -0.146865
2.29532 1.49714 -1.07731 -0.164083 -0.140561
2.30389 1.50571 -1.07872 -0.165261 -0.134257
2.31247 1.51429 -1.08014 -0.166385 -0.127953
2.32104 1.52286 -1.08157 -0.167454 -0.121648
2.32961 1.53143 -1.08301 -0.16847 -0.115344
2.33818 1.54 -1.08446 -0.169432 -0.10904
2.34675 1.54857 -1.08592 -0.170339 -0.102736
2.35532 1.55714 -1.08738 -0.171193 -0.0964315
2.36389 1.56571 -1.08885 -0.171992 -0.0901273
2.37247 1.57429 -1.09033 -0.172741 -0.0857756
2.38104 1.58286 -1.09181 -0.173474 -0.0853292
2.38961 1.59143 -1.0933 -0.174203 -0.0848829
2.39818 1.6 -1.0948 -0.174929 -0.0844365
2.40675 1.60857 -1.0963 -0.175651 -0.0839901
2.41532 1.61714 -1.09781 -0.176369 -0.0835437
2.42389 1.62571 -1.09932 -0.177083 -0.0830973
2.43247 1.63429 -1.10085 -0.177793 -0.0826509
2.44104 1.64286 -1.10237 -0.1785 -0.0822045
2.44961 1.65143 -1.10391 -0.179203 -0.0817581
2.45818 1.66 -1.10544 -0.179901 -0.0813117
2.46675 1.66857 -1.10699 -0.180596 -0.0808654
2.47532 1.67714 -1.10854 -0.181288 -0.080419
2.48389 1.68571 -1.1101 -0.181975 -0.0799726
2.49247 1.69429 -1.11166 -0.182659 -0.0795262
2.50104 1.70286 -1.11323 -0.183338 -0.0790798
2.50961 1.71143 -1.1148 -0.184014 -0.0786334
2.51818 1.72 -1.11638 -0.18469 -0.0793441
2.52675 1.72857 -1.11797 -0.185375 -0.080634
2.53532 1.73714 -1.11956 -0.186072 -0.0819238
2.54389 1.74571 -1.12116 -0.18678 -0.0832137
2.55247 1.75429 -1.12276 -0.187499 -0.0845036
2.56104 1.76286 -1.12437 -0.188228 -0.0857934
2.56961 1.77143 -1.12599 -0.188969 -0.0870833
2.57818 1.78 -1.12761 -0.189721 -0.0883731
2.58675 1.78857 -1.12924 -0.190484 -0.089663
2.59532 1.79714 -1.13088 -0.191258 -0.0909529
2.60389 1.80571 -1.13252 -0.192043 -0.0922427
2.61247 1.81429 -1.13417 -0.19284 -0.0935326
2.62104 1.82286 -1.13583 -0.193647 -0.0948224
2.62961 1.83143 -1.13749 -0.194465 -0.0961123
2.63818 1.84 -1.13916 -0.195294 -0.0974022
2.64675 1.84857 -1.14084 -0.196135 -0.098692
2.65532 1.85714 -1.14252 -0.196986 -0.0999819
2.66389 1.86571 -1.14421 -0.19784 -0.0992678
2.67247 1.87429 -1.14591 -0.198688 -0.0985532
2.68104 1.88286 -1.14762 -0.19953 -0.0978385
2.68961 1.89143 -1.14933 -0.200365 -0.0971238
2.69818 1.9 -1.15106 -0.201195 -0.0964091
2.70675 1.90857 -1.15278 -0.202018 -0.0956945
2.71532 1.91714 -1.15452 -0.202835 -0.0949798
2.72389 1.92571 -1.15626 -0.203646 -0.0942651
2.73247 1.93429 -1.15801 -0.204451 -0.0935504
2.74104 1.94286 -1.15977 -0.20525 -0.0928358
2.74961 1.95143 -1.16153 -0.206043 -0.0921211
2.75818 1.96 -1.1633 -0.206829 -0.0914064
2.76675 1.96857 -1.16507 -0.20761 -0.0906917
2.77532 1.97714 -1.16686 -0.208384 -0.0899771
2.78389 1.98571 -1.16865 -0.209152 -0.0892624
2.79247 1.99429 -1.17044 -0.209914 -0.0885477
2.80104 2.00286 -1.17224 -0.21067 -0.0878601
2.80961 2.01143 -1.17405 -0.21142 -0.0872264
2.81818 2.02 -1.17587 -0.212165 -0.0865928
2.82675 2.02857 -1.17769 -0.212905 -0.0859592
2.83532 2.03714 -1.17952 -0.213639 -0.0853256
2.84389 2.04571 -1.18135 -0.214368 -0.0846919
2.85247 2.05429 -1.18319 -0.215091 -0.0840583
2.86104 2.06286 -1.18504 -0.215809 -0.0834247
2.86961 2.07143 -1.18689 -0.216521 -0.0827911
2.87818 2.08 -1.18875 -0.217228 -0.0821574
2.88675 2.08857 -1.19062 -0.217929 -0.0815238
2.89532 2.09714 -1.19249 -0.218625 -0.0808902
2.90389 2.10571 -1.19436 -0.219316 -0.0802566
2.91247 2.11429 -1.19625 -0.220001 -0.0796229
2.92104 2.12286 -1.19814 -0.220681 -0.0789893
2.92961 2.13143 -1.20003 -0.221355 -0.0783557
2.93818 2.14 -1.20193 -0.222024 -0.0777221
2.94675 2.14857 -1.20384 -0.222685 -0.0759511
2.95532 2.15714 -1.20575 -0.223326 -0.0736111
2.96389 2.16571 -1.20767 -0.223946 -0.071271
2.97247 2.17429 -1.20959 -0.224547 -0.0689309
2.98104 2.18286 -1.21151 -0.225128 -0.0665909
2.98961 2.19143 -1.21345 -0.225689 -0.0642508
2.99818 2.2 -1.21538 -0.22623 -0.0619107
3.00675 2.20857 -1.21732 -0.22675 -0.0595707
3.01532 2.21714 -1.21927 -0.227251 -0.0572306
3.02389 2.22571 -1.22122 -0.227731 -0.0548906
3.03247 2.23429 -1.22317 -0.228192 -0.0525505
3.04104 2.24286 -1.22513 -0.228632 -0.0502104
3.04961 2.25143 -1.22709 -0.229052 -0.0478704
3.05818 2.26 -1.22906 -0.229453 -0.0455303
3.06675 2.26857 -1.23103 -0.229833 -0.0431902
3.07532 2.27714 -1.233 -0.230193 -0.0408502
3.08389 2.28571 -1.23497 -0.230533 -0.0385109
3.09247 2.29429 -1.23695 -0.23087 -0.0400504
3.10104 2.30286 -1.23893 -0.23122 -0.0415899
3.10961 2.31143 -1.24091 -0.231583 -0.0431294
3.11818 2.32 -1.2429 -0.231959 -0.0446689
3.12675 2.32857 -1.24489 -0.232349 -0.0462084
3.13532 2.33714 -1.24688 -0.232751 -0.0477479
3.14389 2.34571 -1.24888 -0.233167 -0.0492874
3.15247 2.35429 -1.25088 -0.233596 -0.0508269
3.16104 2.36286 -1.25289 -0.234039 -0.0523664
3.16961 2.37143 -1.25489 -0.234494 -0.0539059
3.17818 2.38 -1.25691 -0.234963 -0.0554454
3.18675 2.38857 -1.25892 -0.235445 -0.0569849
3.19532 2.39714 -1.26094 -0.23594 -0.0585244
3.20389 2.40571 -1.26297 -0.236448 -0.0600639
3.21247 2.41429 -1.265 -0.236969 -0.0616034
3.22104 2.42286 -1.26703 -0.237504 -0.0631429
3.22961 2.43143 -1.26907 -0.238051 -0.0639174
3.23818 2.44 -1.27111 -0.238595 -0.0631617
3.24675 2.44857 -1.27316 -0.239133 -0.062406
3.25532 2.45714 -1.27521 -0.239665 -0.0616503
3.26389 2.46571 -1.27727 -0.24019 -0.0608946
3.27247 2.47429 -1.27933 -0.240709 -0.0601389
3.28104 2.48286 -1.28139 -0.241221 -0.0593832
3.28961 2.49143 -1.28346 -0.241727 -0.0586275
3.29818 2.5 -1.28554 -0.242226 -0.0578718
3.30675 2.50857 -1.28761 -0.242719 -0.0571161
3.31532 2.51714 -1.2897 -0.243205 -0.0563604
3.32389 2.52571 -1.29178 -0.243685 -0.0556047
3.33247 2.53429 -1.29387 -0.244159 -0.054849
3.34104 2.54286 -1.29597 -0.244625 -0.0540933
3.34961 2.55143 -1.29807 -0.245086 -0.0533377
3.35818 2.56 -1.30017 -0.24554 -0.052582
3.36675 2.56857 -1.30228 -0.245987 -0.0518263
3.37532 2.57714 -1.30439 -0.246427 -0.0506938
3.38389 2.58571 -1.3065 -0.246856 -0.0493729
3.39247 2.59429 -1.30862 -0.247274 -0.048052
3.40104 2.60286 -1.31074 -0.24768 -0.0467312
3.40961 2.61143 -1.31286 -0.248075 -0.0454103
3.41818 2.62 -1.31499 -0.248458 -0.0440894
3.42675 2.62857 -1.31712 -0.248831 -0.0427685
3.43532 2.63714 -1.31926 -0.249191 -0.0414476
3.44389 2.64571 -1.3214 -0.249541 -0.0401268
3.45247 2.65429 -1.32354 -0.249879 -0.0388059
3.46104 2.66286 -1.32568 -0.250206 -0.037485
3.46961 2.67143 -1.32783 -0.250522 -0.0361641
3.47818 2.68 -1.32997 -0.250826 -0.0348433
3.48675 2.68857 -1.33213 -0.251119 -0.0335224
3.49532 2.69714 -1.33428 -0.251401 -0.0322015
3.50389 2.70571 -1.33644 -0.251671 -0.0308806
3.51247 2.71429 -1.33859 -0.25193 -0.0295598
3.52104 2.72286 -1.34075 -0.25218 -0.0287853
3.52961 2.73143 -1.34292 -0.252424 -0.028011
3.53818 2.74 -1.34508 -0.252661 -0.0272367
3.54675 2.74857 -1.34725 -0.252891 -0.0264624
3.55532 2.75714 -1.34942 -0.253114 -0.025688
3.56389 2.76571 -1.35159 -0.253331 -0.0249137
3.57247 2.77429 -1.35376 -0.253541 -0.0241394
3.58104 2.78286 -1.35593 -0.253745 -0.0233651
3.58961 2.79143 -1.35811 -0.253942 -0.0225908
3.59818 2.8 -1.36029 -0.254132 -0.0218165
3.60675 2.80857 -1.36247 -0.254316 -0.0210421
3.61532 2.81714 -1.36465 -0.254493 -0.0202678
3.62389 2.82571 -1.36683 -0.254663 -0.0194935
3.63247 2.83429 -1.36901 -0.254827 -0.0187192
3.64104 2.84286 -1.3712 -0.254984 -0.0179449
3.64961 2.85143 -1.37338 -0.255135 -0.0171706
3.65818 2.86 -1.37557 -0.255279 -0.0169023
3.66675 2.86857 -1.37776 -0.255427 -0.0176477
3.67532 2.87714 -1.37995 -0.255582 -0.018393
3.68389 2.88571 -1.38214 -0.255743 -0.0191383
3.69247 2.89429 -1.38433 -0.25591 -0.0198837
3.70104 2.90286 -1.38653 -0.256083 -0.020629
3.70961 2.91143 -1.38872 -0.256263 -0.0213744
3.71818 2.92 -1.39092 -0.25645 -0.0221197
3.72675 2.92857 -1.39312 -0.256643 -0.0228651
3.73532 2.93714 -1.39532 -0.256842 -0.0236104
3.74389 2.94571 -1.39752 -0.257047 -0.0243558
3.75247 2.95429 -1.39973 -0.257259 -0.0251011
3.76104 2.96286 -1.40193 -0.257478 -0.0258465
3.76961 2.97143 -1.40414 -0.257702 -0.0265918
3.77818 2.98 -1.40635 -0.257934 -0.0273372
3.78675 2.98857 -1.40856 -0.258171 -0.0280825
3.79532 2.99714 -1.41078 -0.258415 -0.0288279
3.80389 3.00571 -1.41299 -0.258659 -0.027413
3.81247 3.01429 -1.41521 -0.258883 -0.0249183
3.82104 3.02286 -1.41743 -0.259086 -0.0224236
3.82961 3.03143 -1.41965 -0.259268 -0.0199288
3.83818 3.04 -1.42188 -0.259428 -0.0174341
3.84675 3.04857 -1.4241 -0.259567 -0.0149394
3.85532 3.05714 -1.42632 -0.259684 -0.0124446
3.86389 3.06571 -1.42855 -0.25978 -0.00994991
3.87247 3.07429 -1.43078 -0.259855 -0.00745518
3.88104 3.08286 -1.43301 -0.259908 -0.00496045
3.88961 3.09143 -1.43523 -0.25994 -0.00246572
3.89818 3.1 -1.43746 -0.25995 2.90144e-05
3.90675 3.10857 -1.43969 -0.259939 0.00252375
3.91532 3.11714 -1.44192 -0.259907 0.00501848
3.92389 3.12571 -1.44415 -0.259853 0.00751321
3.93247 3.13429 -1.44637 -0.259778 0.0100079
3.94104 3.14286 -1.4486 -0.259682 0.0125027
3.94961 3.15143 -1.45082 -0.259579 0.0114972
3.95818 3.16 -1.45305 -0.259484 0.0104911
3.96675 3.16857 -1.45527 -0.259399 0.00948499
3.97532 3.17714 -1.4575 -0.259322 0.00847888
3.98389 3.18571 -1.45972 -0.259253 0.00747278
3.99247 3.19429 -1.46194 -0.259194 0.00646668
4.00104 3.20286 -1.46416 -0.259143 0.00546058
4.00961 3.21143 -1.46638 -0.2591 0.00445448
4.01818 3.22 -1.4686 -0.259066 0.00344838
4.02675 3.22857 -1.47082 -0.259041 0.00244228
4.03532 3.23714 -1.47304 -0.259024 0.00143617
4.04389 3.24571 -1.47526 -0.259016 0.000430072
4.05247 3.25429 -1.47748 -0.259017 -0.000576029
4.06104 3.26286 -1.4797 -0.259026 -0.00158213
4.06961 3.27143 -1.48192 -0.259044 -0.00258823
4.07818 3.28 -1.48414 -0.259071 -0.00359433
4.08675 3.28857 -1.48637 -0.259104 -0.003463
4.09532 3.29714 -1.48859 -0.259124 -0.00105874
4.10389 3.30571 -1.49081 -0.259122 0.00134553
4.11247 3.31429 -1.49303 -0.2591 0.00374979
4.12104 3.32286 -1.49525 -0.259058 0.00615406
4.12961 3.33143 -1.49747 -0.258995 0.00855832
4.13818 3.34 -1.49969 -0.258911 0.0109626
4.14675 3.34857 -1.50191 -0.258807 0.0133669
4.15532 3.35714 -1.50413 -0.258682 0.0157711
4.16389 3.36571 -1.50634 -0.258537 0.0181754
4.17247 3.37429 -1.50856 -0.258371 0.0205797
4.18104 3.38286 -1.51077 -0.258184 0.0229839
4.18961 3.39143 -1.51298 -0.257977 0.0253882
4.19818 3.4 -1.51519 -0.257749 0.0277924
4.20675 3.40857 -1.5174 -0.2575 0.0301967
4.21532 3.41714 -1.51961 -0.257231 0.032601
4.22389 3.42571 -1.52181 -0.256941 0.0350052
4.23247 3.43429 -1.52401 -0.256641 0.0339726
4.24104 3.44286 -1.52621 -0.256361 0.0312213
4.24961 3.45143 -1.52841 -0.256105 0.0284699
4.25818 3.46 -1.5306 -0.255873 0.0257186
4.26675 3.46857 -1.53279 -0.255665 0.0229673
4.27532 3.47714 -1.53498 -0.25548 0.0202159
4.28389 3.48571 -1.53717 -0.255318 0.0174646
4.29247 3.49429 -1.53936 -0.25518 0.0147133
4.30104 3.50286 -1.54155 -0.255066 0.011962
4.30961 3.51143 -1.54373 -0.254975 0.00921063
4.31818 3.52 -1.54592 -0.254908 0.00645931
4.32675 3.52857 -1.5481 -0.254864 0.00370798
4.33532 3.53714 -1.55029 -0.254844 0.00095665
4.34389 3.54571 -1.55247 -0.254848 -0.00179468
4.35247 3.55429 -1.55466 -0.254875 -0.00454601
4.36104 3.56286 -1.55684 -0.254926 -0.00729734
4.36961 3.57143 -1.55903 -0.255 -0.0100487
4.37818 3.58 -1.56121 -0.255053 -0.00220605
4.38675 3.58857 -1.5634 -0.255038 0.00563669
4.39532 3.59714 -1.56559 -0.254956 0.0134794
4.40389 3.60571 -1.56777 -0.254807 0.0213222
4.41247 3.61429 -1.56995 -0.254591 0.0291649
4.42104 3.62286 -1.57213 -0.254307 0.0370077
4.42961 3.63143 -1.57431 -0.253956 0.0448504
4.43818 3.64 -1.57649 -0.253538 0.0526932
4.44675 3.64857 -1.57866 -0.253053 0.0605359
4.45532 3.65714 -1.58083 -0.2525 0.0683787
4.46389 3.66571 -1.58299 -0.251881 0.0762214
4.47247 3.67429 -1.58514 -0.251194 0.0840641
4.48104 3.68286 -1.58729 -0.25044 0.0919069
4.48961 3.69143 -1.58944 -0.249618 0.0997496
4.49818 3.7 -1.59157 -0.24873 0.107592
4.50675 3.70857 -1.5937 -0.247774 0.115435
4.51532 3.71714 -1.59582 -0.246758 0.118126
4.52389 3.72571 -1.59793 -0.245778 0.110501
4.53247 3.73429 -1.60003 -0.244864 0.102877
4.54104 3.74286 -1.60213 -0.244015 0.0952521
4.54961 3.75143 -1.60422 -0.243231 0.0876276
4.55818 3.76 -1.6063 -0.242512 0.0800031
4.56675 3.76857 -1.60837 -0.241859 0.0723786
4.57532 3.77714 -1.61044 -0.241272 0.0647541
4.58389 3.78571 -1.61251 -0.240749 0.0571296
4.59247 3.79429 -1.61457 -0.240292 0.0495051
4.60104 3.80286 -1.61663 -0.239901 0.0418806
4.60961 3.81143 -1.61868 -0.239574 0.0342561
4.61818 3.82 -1.62074 -0.239313 0.0266316
4.62675 3.82857 -1.62279 -0.239118 0.0190071
4.63532 3.83714 -1.62484 -0.238988 0.0113826
4.64389 3.84571 -1.62688 -0.238923 0.00375808
4.65247 3.85429 -1.62893 -0.238923 -0.00386643
4.66104 3.86286 -1.63098 -0.238955 0.000344317
4.66961 3.87143 -1.63303 -0.238909 0.0104815
4.67818 3.88 -1.63508 -0.238775 0.0206187
4.68675 3.88857 -1.63712 -0.238555 0.0307558
4.69532 3.89714 -1.63917 -0.238248 0.040893
4.70389 3.90571 -1.64121 -0.237854 0.0510302
4.71247 3.91429 -1.64324 -0.237373 0.0611673
4.72104 3.92286 -1.64527 -0.236806 0.0713045
4.72961 3.93143 -1.6473 -0.236151 0.0814417
4.73818 3.94 -1.64932 -0.23541 0.0915788
4.74675 3.94857 -1.65134 -0.234581 0.101716
4.75532 3.95714 -1.65334 -0.233666 0.111853
4.76389 3.96571 -1.65534 -0.232664 0.12199
4.77247 3.97429 -1.65733 -0.231575 0.132128
4.78104 3.98286 -1.65931 -0.230399 0.142265
4.78961 3.99143 -1.66128 -0.229136 0.152402
4.79818 4 -1.66324 -0.227786 0.162538
4.80675 4.00857 -1.66519 -0.226437 0.152126
4.81532 4.01714 -1.66712 -0.225178 0.141713
4.82389 4.02571 -1.66905 -0.224008 0.1313
4.83247 4.03429 -1.67096 -0.222927 0.120887
4.84104 4.04286 -1.67287 -0.221936 0.110475
4.84961 4.05143 -1.67477 -0.221033 0.100062
4.85818 4.06 -1.67666 -0.22022 0.089649
4.86675 4.06857 -1.67854 -0.219497 0.0792362
4.87532 4.07714 -1.68042 -0.218862 0.0688235
4.88389 4.08571 -1.6823 -0.218317 0.0584107
4.89247 4.09429 -1.68416 -0.217861 0.047998
4.90104 4.10286 -1.68603 -0.217494 0.0375852
4.90961 4.11143 -1.68789 -0.217216 0.0271724
4.91818 4.12 -1.68975 -0.217028 0.0167597
4.92675 4.12857 -1.69161 -0.216929 0.00634692
4.93532 4.13714 -1.69347 -0.216919 -0.00406584
4.94389 4.14571 -1.69533 -0.216988 -0.00721124
4.95247 4.15429 -1.69719 -0.217001 0.00418994
4.96104 4.16286 -1.69905 -0.216917 0.0155911
4.96961 4.17143 -1.70091 -0.216734 0.0269923
4.97818 4.18 -1.70277 -0.216454 0.0383935
4.98675 4.18857 -1.70462 -0.216076 0.0497947
4.99532 4.19714 -1.70647 -0.2156 0.0611958
5.00389 4.20571 -1.70832 -0.215027 0.072597
5.01247 4.21429 -1.71016 -0.214356 0.0839982
5.02104 4.22286 -1.71199 -0.213587 0.0953994
5.02961 4.23143 -1.71382 -0.21272 0.106801
5.03818 4.24 -1.71564 -0.211756 0.118202
5.04675 4.24857 -1.71745 -0.210694 0.129603
5.05532 4.25714 -1.71925 -0.209534 0.141004
5.06389 4.26571 -1.72104 -0.208277 0.152405
5.07247 4.27429 -1.72282 -0.206922 0.163806
5.08104 4.28286 -1.72459 -0.205469 0.175208
5.08961 4.29143 -1.72634 -0.203956 0.17335
5.09818 4.3 -1.72808 -0.202506 0.164868
5.10675 4.30857 -1.72981 -0.20113 0.156386
5.11532 4.31714 -1.73153 -0.199825 0.147905
5.12389 4.32571 -1.73324 -0.198594 0.139423
5.13247 4.33429 -1.73494 -0.197435 0.130941
5.14104 4.34286 -1.73662 -0.196349 0.12246
5.14961 4.35143 -1.7383 -0.195336 0.113978
5.15818 4.36 -1.73997 -0.194395 0.105496
5.16675 4.36857 -1.74164 -0.193528 0.0970145
5.17532 4.37714 -1.74329 -0.192732 0.0885328
5.18389 4.38571 -1.74494 -0.19201 0.0800511
5.19247 4.39429 -1.74658 -0.19136 0.0715693
5.20104 4.40286 -1.74822 -0.190783 0.0630876
5.20961 4.41143 -1.74985 -0.190279 0.0546059
5.21818 4.42 -1.75148 -0.189847 0.0461242
5.22675 4.42857 -1.75311 -0.189488 0.0376425
5.23532 4.43714 -1.75473 -0.189141 0.0432791
5.24389 4.44571 -1.75635 -0.188746 0.0489162
5.25247 4.45429 -1.75797 -0.188302 0.0545533
5.26104 4.46286 -1.75958 -0.187811 0.0601904
5.26961 4.47143 -1.76119 -0.187271 0.0658275
5.27818 4.48 -1.76279 -0.186682 0.0714646
5.28675 4.48857 -1.76439 -0.186046 0.0771017
5.29532 4.49714 -1.76598 -0.185361 0.0827387
5.30389 4.50571 -1.76756 -0.184627 0.0883758
5.31247 4.51429 -1.76914 -0.183846 0.0940129
5.32104 4.52286 -1.77071 -0.183016 0.09965
5.32961 4.53143 -1.77228 -0.182137 0.105287
5.33818 4.54 -1.77384 -0.181211 0.110924
5.34675 4.54857 -1.77539 -0.180236 0.116561
5.35532 4.55714 -1.77693 -0.179212 0.122198
5.36389 4.56571 -1.77846 -0.178141 0.127835
5.37247 4.57429 -1.77998 -0.177026 0.130026
5.38104 4.58286 -1.78149 -0.175932 0.125321
5.38961 4.59143 -1.783 -0.174878 0.120617
5.39818 4.6 -1.78449 -0.173864 0.115912
5.40675 4.60857 -1.78598 -0.17289 0.111208
5.41532 4.61714 -1.78745 -0.171957 0.106504
5.42389 4.62571 -1.78892 -0.171065 0.101799
5.43247 4.63429 -1.79039 -0.170212 0.0970948
5.44104 4.64286 -1.79184 -0.1694 0.0923904
5.44961 4.65143 -1.79329 -0.168628 0.087686
5.45818 4.66 -1.79473 -0.167897 0.0829816
5.46675 4.66857 -1.79617 -0.167206 0.0782772
5.47532 4.67714 -1.7976 -0.166555 0.0735729
5.48389 4.68571 -1.79903 -0.165945 0.0688685
5.49247 4.69429 -1.80045 -0.165374 0.0641641
5.50104 4.70286 -1.80186 -0.164845 0.0594597
5.50961 4.71143 -1.80327 -0.164355 0.0547553
5.51818 4.72 -1.80468 -0.163888 0.0564622
5.52675 4.72857 -1.80608 -0.163383 0.0613781
5.53532 4.73714 -1.80748 -0.162836 0.0662941
5.54389 4.74571 -1.80887 -0.162246 0.07121
5.55247 4.75429 -1.81026 -0.161615 0.0761259
5.56104 4.76286 -1.81164 -0.160941 0.0810419
5.56961 4.77143 -1.81302 -0.160225 0.0859578
5.57818 4.78 -1.81439 -0.159468 0.0908737
5.58675 4.78857 -1.81575 -0.158668 0.0957897
5.59532 4.79714 -1.81711 -0.157826 0.100706
5.60389 4.80571 -1.81846 -0.156941 0.105622
5.61247 4.81429 -1.8198 -0.156015 0.110537
5.62104 4.82286 -1.82113 -0.155046 0.115453
5.62961 4.83143 -1.82246 -0.154036 0.120369
5.63818 4.84 -1.82377 -0.152983 0.125285
5.64675 4.84857 -1.82508 -0.151888 0.130201
5.65532 4.85714 -1.82638 -0.150751 0.135117
5.66389 4.86571 -1.82766 -0.149645 0.122961
5.67247 4.87429 -1.82894 -0.148643 0.110799
5.68104 4.88286 -1.83021 -0.147745 0.0986375
5.68961 4.89143 -1.83148 -0.146952 0.0864757
5.69818 4.9 -1.83273 -0.146263 0.0743139
5.70675 4.90857 -1.83398 -0.145678 0.062152
5.71532 4.91714 -1.83523 -0.145197 0.0499902
5.72389 4.92571 -1.83647 -0.144821 0.0378284
5.73247 4.93429 -1.83771 -0.144549 0.0256666
5.74104 4.94286 -1.83895 -0.144381 0.0135048
5.74961 4.95143 -1.84019 -0.144317 0.00134304
5.75818 4.96 -1.84142 -0.144358 -0.0108188
5.76675 4.96857 -1.84266 -0.144503 -0.0229806
5.77532 4.97714 -1.8439 -0.144752 -0.0351424
5.78389 4.98571 -1.84514 -0.145105 -0.0473042
5.79247 4.99429 -1.84639 -0.145563 -0.059466
5.80104 5.00286 -1.84764 -0.146113 -0.063655
5.80961 5.01143 -1.84889 -0.146609 -0.0519007
5.81818 5.02 -1.85015 -0.147003 -0.0401464
5.82675 5.02857 -1.85141 -0.147297 -0.0283922
5.83532 5.03714 -1.85268 -0.14749 -0.0166379
5.84389 5.04571 -1.85394 -0.147582 -0.00488361
5.85247 5.05429 -1.85521 -0.147574 0.00687066
5.86104 5.06286 -1.85647 -0.147464 0.0186249
5.86961 5.07143 -1.85774 -0.147254 0.0303792
5.87818 5.08 -1.859 -0.146943 0.0421335
5.88675 5.08857 -1.86025 -0.146532 0.0538878
5.89532 5.09714 -1.86151 -0.14602 0.065642
5.90389 5.10571 -1.86276 -0.145407 0.0773963
5.91247 5.11429 -1.864 -0.144693 0.0891506
5.92104 5.12286 -1.86524 -0.143878 0.100905
5.92961 5.13143 -1.86647 -0.142963 0.112659
5.93818 5.14 -1.86769 -0.141947 0.124413
5.94675 5.14857 -1.8689 -0.140879 0.119076
5.95532 5.15714 -1.8701 -0.139918 0.105186
5.96389 5.16571 -1.8713 -0.139076 0.0912959
5.97247 5.17429 -1.87249 -0.138353 0.0774057
5.98104 5.18286 -1.87367 -0.137749 0.0635156
5.98961 5.19143 -1.87485 -0.137264 0.0496255
5.99818 5.2 -1.87602 -0.136898 0.0357353
6.00675 5.20857 -1.8772 -0.136651 0.0218452
6.01532 5.21714 -1.87837 -0.136524 0.00795503
6.02389 5.22571 -1.87954 -0.136515 -0.00593511
6.03247 5.23429 -1.88071 -0.136626 -0.0198253
6.04104 5.24286 -1.88188 -0.136855 -0.0337154
6.04961 5.25143 -1.88305 -0.137203 -0.0476055
6.05818 5.26 -1.88423 -0.137671 -0.0614957
6.06675 5.26857 -1.88541 -0.138258 -0.0753858
6.07532 5.27714 -1.8866 -0.138963 -0.089276
6.08389 5.28571 -1.8878 -0.139788 -0.10316
6.09247 5.29429 -1.889 -0.140593 -0.0846621
6.10104 5.30286 -1.89021 -0.141239 -0.066164
6.10961 5.31143 -1.89142 -0.141727 -0.0476658
6.11818 5.32 -1.89264 -0.142057 -0.0291677
6.12675 5.32857 -1.89385 -0.142227 -0.0106696
6.13532 5.33714 -1.89507 -0.14224 0.0078286
6.14389 5.34571 -1.89629 -0.142093 0.0263267
6.15247 5.35429 -1.89751 -0.141788 0.0448249
6.16104 5.36286 -1.89872 -0.141325 0.063323
6.16961 5.37143 -1.89993 -0.140703 0.0818212
6.17818 5.38 -1.90113 -0.139922 0.100319
6.18675 5.38857 -1.90233 -0.138983 0.118817
6.19532 5.39714 -1.90352 -0.137885 0.137316
6.20389 5.40571 -1.90469 -0.136629 0.155814
6.21247 5.41429 -1.90586 -0.135214 0.174312
6.22104 5.42286 -1.90701 -0.133641 0.19281
6.22961 5.43143 -1.90815 -0.131955 0.178649
6.23818 5.44 -1.90927 -0.130765 0.0991593
6.24675 5.44857 -1.91039 -0.130256 0.0196694
6.25532 5.45714 -1.91151 -0.130428 -0.0598204
6.26389 5.46571 -1.91263 -0.131281 -0.13931
6.27247 5.47429 -1.91376 -0.132816 -0.2188
6.28104 5.48286 -1.91491 -0.135032 -0.29829
6.28961 5.49143 -1.91608 -0.137929 -0.37778
6.29818 5.5 -1.91728 -0.141508 -0.45727
6.30675 5.50857 -1.91851 -0.145768 -0.53676
6.31532 5.51714 -1.91978 -0.15071 -0.61625
6.32389 5.52571 -1.92109 -0.156333 -0.695739
6.33247 5.53429 -1.92246 -0.162637 -0.775229
6.34104 5.54286 -1.92388 -0.169622 -0.854719
6.34961 5.55143 -1.92537 -0.177289 -0.934209
6.35818 5.56 -1.92692 -0.185637 -1.0137
6.36675 5.56857 -1.92855 -0.194667 -1.09319
6.37532 5.57714 -1.93026 -0.203787 -0.966051
6.38389 5.58571 -1.93204 -0.21108 -0.73559
6.39247 5.59429 -1.93387 -0.216397 -0.505128
6.40104 5.60286 -1.93574 -0.219739 -0.274667
6.40961 5.61143 -1.93764 -0.221106 -0.0442058
6.41818 5.62 -1.93953 -0.220497 0.186256
6.42675 5.62857 -1.94141 -0.217913 0.416717
6.43532 5.63714 -1.94326 -0.213353 0.647178
6.44389 5.64571 -1.94506 -0.206818 0.87764
6.45247 5.65429 -1.9468 -0.198308 1.1081
6.46104 5.66286 -1.94846 -0.187822 1.33856
6.46961 5.67143 -1.95001 -0.175361 1.56902
6.47818 5.68 -1.95146 -0.160925 1.79948
6.48675 5.68857 -1.95277 -0.144513 2.02995
6.49532 5.69714 -1.95393 -0.126126 2.26041
6.50389 5.70571 -1.95492 -0.105763 2.49087
6.51247 5.71429 -1.95573 -0.0834252 2.72133
6.52104 5.72286 -1.95636 -0.0635381 1.91875
6.52961 5.73143 -1.95684 -0.0505324 1.11593
6.53818 5.74 -1.95725 -0.0444079 0.313104
6.54675 5.74857 -1.95762 -0.0451649 -0.48972
6.55532 5.75714 -1.95804 -0.0528031 -1.29254
6.56389 5.76571 -1.95855 -0.0673228 -2.09537
6.57247 5.77429 -1.95921 -0.0887237 -2.89819
6.58104 5.78286 -1.96009 -0.117006 -3.70102
6.58961 5.79143 -1.96124 -0.15217 -4.50384
6.59818 5.8 -1.96272 -0.194215 -5.30667
6.60675 5.80857 -1.96459 -0.243141 -6.10949
6.61532 5.81714 -1.96691 -0.298949 -6.91231
6.62389 5.82571 -1.96973 -0.361638 -7.71514
6.63247 5.83429 -1.97313 -0.431208 -8.51796
6.64104 5.84286 -1.97714 -0.50766 -9.32079
6.64961 5.85143 -1.98185 -0.590993 -10.1236
6.65818 5.86 -1.98729 -0.680112 -10.1584
6.66675 5.86857 -1.99348 -0.760739 -8.65475
6.67532 5.87714 -2.0003 -0.828479 -7.1511
6.68389 5.88571 -2.00764 -0.88333 -5.64745
6.69247 5.89429 -2.0154 -0.925292 -4.1438
6.70104 5.90286 -2.02347 -0.954366 -2.64016
6.70961 5.91143 -2.03173 -0.970552 -1.13651
6.71818 5.92 -2.04007 -0.973849 0.367139
6.72675 5.92857 -2.04839 -0.964258 1.87079
6.73532 5.93714 -2.05656 -0.941779 3.37443
6.74389 5.94571 -2.06449 -0.906411 4.87808
6.75247 5.95429 -2.07207 -0.858154 6.38173
6.76104 5.96286 -2.07917 -0.79701 7.88538
6.76961 5.97143 -2.08569 -0.722977 9.38902
6.77818 5.98 -2.09153 -0.636055 10.8927
6.78675 5.98857 -2.09656 -0.536245 12.3963
6.79532 5.99714 -2.10068 -0.423547 13.9
6.80389 6.00571 -2.10381 -0.310627 10.9705
6.81247 6.01429 -2.10613 -0.238647 5.82471
6.82104 6.02286 -2.10802 -0.210774 0.67893
6.82961 6.03143 -2.10987 -0.227008 -4.46685
6.83818 6.04 -2.11204 -0.287349 -9.61262
6.84675 6.04857 -2.11492 -0.391796 -14.7584
6.85532 6.05714 -2.11888 -0.54035 -19.9042
6.86389 6.06571 -2.12431 -0.733011 -25.05
6.87247 6.07429 -2.13158 -0.969778 -30.1957
6.88104 6.08286 -2.14106 -1.25065 -35.3415
6.88961 6.09143 -2.15314 -1.57563 -40.4873
6.89818 6.1 -2.1682 -1.94472 -45.6331
6.90675 6.10857 -2.18661 -2.35791 -50.7788
6.91532 6.11714 -2.20874 -2.81521 -55.9246
6.92389 6.12571 -2.23499 -3.31662 -61.0704
6.93247 6.13429 -2.26573 -3.86214 -66.2162
6.94104 6.14286 -2.30133 -4.45176 -71.362
6.94961 6.15143 -2.34196 -5.01158 -59.2607
6.95818 6.16 -2.38694 -5.46765 -47.1561
6.96675 6.16857 -2.43539 -5.81997 -35.0515
6.97532 6.17714 -2.48642 -6.06853 -22.9469
6.98389 6.18571 -2.53913 -6.21335 -10.8423
6.99247 6.19429 -2.59264 -6.2544 1.26229
7.00104 6.20286 -2.64605 -6.19171 13.3669
7.00961 6.21143 -2.69848 -6.02526 25.4715
7.01818 6.22 -2.74904 -5.75505 37.5761
7.02675 6.22857 -2.79684 -5.3811 49.6807
7.03532 6.23714 -2.84099 -4.90338 61.7852
7.04389 6.24571 -2.88061 -4.32192 73.8898
7.05247 6.25429 -2.91479 -3.6367 85.9944
7.06104 6.26286 -2.94265 -2.84773 98.099
7.06961 6.27143 -2.96331 -1.955 110.204
7.07818 6.28 -2.97587 -0.958525 122.308
7.08675 6.28857 -2.97946 0.13074 126.74
7.09532 6.29714 -2.97381 1.17036 115.838
7.10389 6.30571 -2.95966 2.11653 104.935
7.11247 6.31429 -2.9378 2.96925 94.0331
7.12104 6.32286 -2.90903 3.72852 83.1308
7.12961 6.33143 -2.87415 4.39435 72.2286
7.13818 6.34 -2.83396 4.96673 61.3263
7.14675 6.34857 -2.78927 5.44566 50.4241
7.15532 6.35714 -2.74087 5.83114 39.5218
7.16389 6.36571 -2.68957 6.12317 28.6196
7.17247 6.37429 -2.63617 6.32176 17.7173
7.18104 6.38286 -2.58147 6.4269 6.81509
7.18961 6.39143 -2.52626 6.43859 -4.08716
7.19818 6.4 -2.47136 6.35683 -14.9894
7.20675 6.40857 -2.41756 6.18163 -25.8916
7.21532 6.41714 -2.36566 5.91298 -36.7939
7.22389 6.42571 -2.31646 5.55088 -47.6961
7.23247 6.43429 -2.27072 5.12019 -49.8952
7.24104 6.44286 -2.22864 4.70175 -47.742
7.24961 6.45143 -2.19006 4.30176 -45.5887
7.25818 6.46 -2.15484 3.92023 -43.4354
7.26675 6.46857 -2.12281 3.55715 -41.2821
7.27532 6.47714 -2.09381 3.21253 -39.1288
7.28389 6.48571 -2.06768 2.88637 -36.9755
7.29247 6.49429 -2.04427 2.57867 -34.8222
7.30104 6.50286 -2.02342 2.28942 -32.669
7.30961 6.51143 -2.00497 2.01863 -30.5157
7.31818 6.52 -1.98877 1.76629 -28.3624
7.32675 6.52857 -1.97464 1.53242 -26.2091
7.33532 6.53714 -1.96244 1.317 -24.0558
7.34389 6.54571 -1.95201 1.12003 -21.9025
7.35247 6.55429 -1.94319 0.941523 -19.7493
7.36104 6.56286 -1.93582 0.781472 -17.596
7.36961 6.57143 -1.92974 0.639878 -15.4427
7.37818 6.58 -1.92481 0.513608 -14.0204
7.38675 6.58857 -1.9209 0.399528 -12.5982
7.39532 6.59714 -1.91792 0.297639 -11.1759
7.40389 6.60571 -1.91576 0.20794 -9.7537
7.41247 6.61429 -1.91432 0.130433 -8.33145
7.42104 6.62286 -1.91349 0.0651154 -6.90921
7.42961 6.63143 -1.91317 0.0119889 -5.48697
7.43818 6.64 -1.91325 -0.028947 -4.06473
7.44675 6.64857 -1.91363 -0.0576922 -2.64249
7.45532 6.65714 -1.91421 -0.0742468 -1.22025
7.46389 6.66571 -1.91487 -0.0786107 0.201994
7.47247 6.67429 -1.91552 -0.070784 1.62424
7.48104 6.68286 -1.91605 -0.0507667 3.04648
7.48961 6.69143 -1.91635 -0.0185587 4.46872
7.49818 6.7 -1.91633 0.0258399 5.89096
7.50675 6.70857 -1.91588 0.0824291 7.3132
7.51532 6.71714 -1.91488 0.151032 8.61167
7.52389 6.72571 -1.91326 0.229349 9.66232
7.53247 6.73429 -1.91093 0.316672 10.713
7.54104 6.74286 -1.90781 0.413 11.7636
7.54961 6.75143 -1.90382 0.518334 12.8143
7.55818 6.76 -1.89889 0.632673 13.8649
7.56675 6.76857 -1.89295 0.756018 14.9156
7.57532 6.77714 -1.88591 0.888369 15.9662
7.58389 6.78571 -1.87769 1.02973 17.0169
7.59247 6.79429 -1.86823 1.18009 18.0675
7.60104 6.80286 -1.85744 1.33945 19.1182
7.60961 6.81143 -1.84524 1.50783 20.1688
7.61818 6.82 -1.83156 1.68521 21.2195
7.62675 6.82857 -1.81633 1.87159 22.2701
7.63532 6.83714 -1.79945 2.06698 23.3208
7.64389 6.84571 -1.78087 2.27137 24.3714
7.65247 6.85429 -1.76049 2.48477 25.4221
7.66104 6.86286 -1.73825 2.70518 25.7726
7.66961 6.87143 -1.71412 2.92609 25.7726
7.67818 6.88 -1.68809 3.147 25.7726
7.68675 6.88857 -1.66017 3.36791 25.7726
7.69532 6.89714 -1.63035 3.58881 25.7726
7.70389 6.90571 -1.59865 3.80972 25.7726
7.71247 6.91429 -1.56504 4.03063 25.7726
7.72104 6.92286 -1.52955 4.25154 25.7726
7.72961 6.93143 -1.49216 4.47245 25.7726
7.73818 6.94 -1.45288 4.69336 25.7726
7.74675 6.94857 -1.4117 4.91427 25.7726
7.75532 6.95714 -1.36863 5.13517 25.7726
7.76389 6.96571 -1.32367 5.35608 25.7726
7.77247 6.97429 -1.27681 5.57699 25.7726
7.78104 6.98286 -1.22807 5.7979 25.7726
7.78961 6.99143 -1.17742 6.01881 25.7726
7.79818 7 -1.12489 6.23972 25.7726


