Raw Data (#.=61)
log.afreq  log.sfreq  log.loss  storage   
==========================================
-0.773248 -1.57143 -0.778325 2.5297
-0.630391 -1.42857 -0.796152 2.5034
-0.487532 -1.28571 -0.821368 2.4777
-0.344674 -1.14285 -0.831974 2.4541
-0.20182 -1 -0.856642 2.4287
-0.0589614 -0.857141 -0.868093 2.4034
0.083893 -0.714285 -0.875365 2.3777
0.226752 -0.571428 -0.879097 2.3524
0.369609 -0.428571 -0.883492 2.3272
0.512468 -0.285712 -0.888637 2.3012
0.655326 -0.142855 -0.889579 2.2742
0.79818 0 -0.892349 2.2483
0.941039 0.142859 -0.89157 2.2209
1.08389 0.285715 -0.893945 2.1945
1.22675 0.428572 -0.89671 2.1673
1.36961 0.571429 -0.900527 2.1406
1.51247 0.714288 -0.907455 2.1137
1.65533 0.857145 -0.915567 2.0876
1.79818 1 -0.926245 2.0617
1.94104 1.14286 -0.938962 2.0364
2.08389 1.28571 -0.955499 2.0113
2.22675 1.42857 -0.973181 1.988
2.36961 1.57143 -0.993919 1.9658
2.51247 1.71429 -1.0171 1.9448
2.65533 1.85715 -1.0426 1.9251
2.79818 2 -1.0701 1.9066
2.94104 2.14286 -1.09991 1.8895
3.08389 2.28571 -1.13127 1.8736
3.22675 2.42857 -1.16424 1.8589
3.36961 2.57143 -1.19869 1.8455
3.51247 2.71429 -1.23441 1.8332
3.65533 2.85715 -1.2711 1.822
3.79818 3 -1.30866 1.8117
3.94104 3.14286 -1.34658 1.8024
4.08389 3.28571 -1.38487 1.7938
4.22675 3.42857 -1.42349 1.786
4.36961 3.57143 -1.46188 1.7789
4.51247 3.71429 -1.49964 1.7726
4.65533 3.85715 -1.53706 1.7667
4.79818 4 -1.57315 1.7612
4.94104 4.14286 -1.6078 1.7563
5.08389 4.28571 -1.64136 1.7517
5.22675 4.42857 -1.6728 1.7475
5.36961 4.57143 -1.70246 1.7434
5.51247 4.71429 -1.73049 1.7398
5.65533 4.85715 -1.75585 1.7362
5.79818 5 -1.77966 1.7328
5.94104 5.14286 -1.80286 1.7296
6.08389 5.28571 -1.82562 1.7266
6.22675 5.42857 -1.84603 1.7236
6.36961 5.57143 -1.86899 1.721
6.51247 5.71429 -1.89497 1.7184
6.65533 5.85715 -1.92522 1.7162
6.79818 6 -2.02936 1.7184
6.94104 6.14286 -2.19675 1.7162
7.08389 6.28571 -3.60811 1.7163
7.22675 6.42857 -2.42437 1.717
7.36961 6.57143 -1.97621 1.7229
7.51247 6.71429 -1.95687 1.726
7.65533 6.85715 -1.77992 1.7399
7.79818 7 -1.12795 1.7452


Cubic Spline Interpolation (Global Range)
log.afreq  log.sfreq  f  df  d2f         
=========================================
-0.773248 -1.57143 -0.778325 -0.0690917 -0.779764
-0.764677 -1.56286 -0.778946 -0.0757754 -0.779764
-0.756105 -1.55429 -0.779624 -0.0824591 -0.779764
-0.747534 -1.54571 -0.780359 -0.0891428 -0.779764
-0.738962 -1.53714 -0.781152 -0.0958265 -0.779764
-0.730391 -1.52857 -0.782002 -0.10251 -0.779764
-0.721819 -1.52 -0.782909 -0.109194 -0.779764
-0.713248 -1.51143 -0.783874 -0.115878 -0.779764
-0.704677 -1.50286 -0.784896 -0.122561 -0.779764
-0.696105 -1.49429 -0.785975 -0.129245 -0.779764
-0.687534 -1.48571 -0.787112 -0.135929 -0.779764
-0.678962 -1.47714 -0.788305 -0.142612 -0.779764
-0.670391 -1.46857 -0.789556 -0.149296 -0.779764
-0.661819 -1.46 -0.790865 -0.15598 -0.779764
-0.653248 -1.45143 -0.79223 -0.162663 -0.779764
-0.644677 -1.44286 -0.793653 -0.169347 -0.779764
-0.636105 -1.43429 -0.795133 -0.176031 -0.779764
-0.627534 -1.42571 -0.796671 -0.182643 -0.729637
-0.618962 -1.41714 -0.798261 -0.188252 -0.57926
-0.610391 -1.40857 -0.799894 -0.192573 -0.428883
-0.601819 -1.4 -0.801559 -0.195605 -0.278506
-0.593248 -1.39143 -0.803244 -0.197347 -0.128129
-0.584677 -1.38286 -0.804938 -0.197801 0.0222479
-0.576105 -1.37429 -0.806631 -0.196966 0.172625
-0.567534 -1.36571 -0.808311 -0.194842 0.323002
-0.558962 -1.35714 -0.809968 -0.191429 0.473379
-0.550391 -1.34857 -0.811589 -0.186727 0.623756
-0.541819 -1.34 -0.813165 -0.180736 0.774133
-0.533248 -1.33143 -0.814684 -0.173456 0.92451
-0.524677 -1.32286 -0.816135 -0.164887 1.07489
-0.516105 -1.31429 -0.817507 -0.155029 1.22526
-0.507534 -1.30571 -0.818789 -0.143883 1.37564
-0.498962 -1.29714 -0.81997 -0.131447 1.52602
-0.490391 -1.28857 -0.821038 -0.117722 1.67639
-0.481819 -1.28 -0.821985 -0.103401 1.58429
-0.473248 -1.27143 -0.822816 -0.0907366 1.37082
-0.464677 -1.26286 -0.823546 -0.0799016 1.15736
-0.456105 -1.25429 -0.824191 -0.0708963 0.94389
-0.447534 -1.24571 -0.824767 -0.0637206 0.730425
-0.438962 -1.23714 -0.825289 -0.0583747 0.51696
-0.430391 -1.22857 -0.825773 -0.0548585 0.303494
-0.421819 -1.22 -0.826234 -0.0531719 0.0900293
-0.413248 -1.21143 -0.826689 -0.0533151 -0.123436
-0.404677 -1.20286 -0.827153 -0.055288 -0.336901
-0.396105 -1.19429 -0.827642 -0.0590906 -0.550366
-0.387534 -1.18571 -0.828172 -0.0647228 -0.763831
-0.378962 -1.17714 -0.828757 -0.0721848 -0.977296
-0.370391 -1.16857 -0.829414 -0.0814765 -1.19076
-0.361819 -1.16 -0.830159 -0.0925979 -1.40423
-0.353248 -1.15143 -0.831007 -0.105549 -1.61769
-0.344677 -1.14286 -0.831974 -0.12033 -1.83116
-0.336105 -1.13429 -0.83307 -0.135179 -1.63357
-0.327534 -1.12571 -0.834286 -0.148334 -1.43586
-0.318962 -1.11714 -0.835608 -0.159794 -1.23815
-0.310391 -1.10857 -0.837021 -0.169559 -1.04044
-0.30182 -1.1 -0.83851 -0.17763 -0.842726
-0.293248 -1.09143 -0.840061 -0.184006 -0.645014
-0.284677 -1.08286 -0.841659 -0.188687 -0.447303
-0.276105 -1.07429 -0.843291 -0.191674 -0.249591
-0.267534 -1.06571 -0.84494 -0.192966 -0.0518798
-0.258962 -1.05714 -0.846594 -0.192563 0.145832
-0.250391 -1.04857 -0.848237 -0.190466 0.343543
-0.24182 -1.04 -0.849854 -0.186674 0.541255
-0.233248 -1.03143 -0.851432 -0.181187 0.738966
-0.224677 -1.02286 -0.852955 -0.174006 0.936678
-0.216105 -1.01429 -0.85441 -0.16513 1.13439
-0.207534 -1.00571 -0.855781 -0.154559 1.3321
-0.198962 -0.997142 -0.857055 -0.142434 1.43185
-0.190391 -0.988571 -0.858224 -0.130573 1.33571
-0.18182 -0.979999 -0.859296 -0.119536 1.23958
-0.173248 -0.971428 -0.860276 -0.109323 1.14344
-0.164677 -0.962857 -0.861172 -0.0999343 1.04731
-0.156105 -0.954285 -0.861991 -0.0913694 0.951171
-0.147534 -0.945714 -0.862741 -0.0836285 0.855035
-0.138962 -0.937142 -0.863427 -0.0767116 0.7589
-0.130391 -0.928571 -0.864058 -0.0706188 0.662765
-0.12182 -0.919999 -0.86464 -0.0653499 0.56663
-0.113248 -0.911428 -0.865181 -0.0609051 0.470494
-0.104677 -0.902857 -0.865687 -0.0572843 0.374359
-0.0961052 -0.894285 -0.866165 -0.0544875 0.278224
-0.0875338 -0.885714 -0.866623 -0.0525148 0.182089
-0.0789624 -0.877142 -0.867068 -0.051366 0.0859534
-0.0703909 -0.868571 -0.867506 -0.0510413 -0.0101819
-0.0618195 -0.859999 -0.867945 -0.0515406 -0.106317
-0.0532481 -0.851428 -0.868392 -0.0526287 -0.120121
-0.0446767 -0.842857 -0.868847 -0.0535409 -0.0927298
-0.0361052 -0.834285 -0.869309 -0.0542183 -0.0653385
-0.0275338 -0.825714 -0.869776 -0.054661 -0.0379473
-0.0189624 -0.817142 -0.870245 -0.0548689 -0.010556
-0.0103909 -0.808571 -0.870716 -0.054842 0.0168352
-0.00181951 -0.799999 -0.871185 -0.0545803 0.0442265
0.00675192 -0.791428 -0.87165 -0.0540838 0.0716177
0.0153233 -0.782857 -0.872111 -0.0533525 0.099009
0.0238948 -0.774285 -0.872564 -0.0523865 0.1264
0.0324662 -0.765714 -0.873008 -0.0511857 0.153792
0.0410376 -0.757142 -0.873441 -0.0497501 0.181183
0.0496091 -0.748571 -0.873861 -0.0480797 0.208574
0.0581805 -0.739999 -0.874265 -0.0461745 0.235965
0.0667519 -0.731428 -0.874652 -0.0440346 0.263357
0.0753233 -0.722857 -0.875019 -0.0416598 0.290748
0.0838948 -0.714285 -0.875365 -0.0390503 0.318128
0.0924662 -0.705714 -0.875688 -0.0364293 0.293441
0.101038 -0.697142 -0.87599 -0.0340199 0.268753
0.109609 -0.688571 -0.876272 -0.0318221 0.244066
0.11818 -0.679999 -0.876536 -0.0298359 0.219378
0.126752 -0.671428 -0.876784 -0.0280613 0.194691
0.135323 -0.662857 -0.877018 -0.0264984 0.170003
0.143895 -0.654285 -0.877239 -0.025147 0.145316
0.152466 -0.645714 -0.87745 -0.0240072 0.120628
0.161038 -0.637142 -0.877651 -0.0230791 0.0959405
0.169609 -0.628571 -0.877846 -0.0223625 0.071253
0.17818 -0.619999 -0.878035 -0.0218576 0.0465655
0.186752 -0.611428 -0.878221 -0.0215643 0.0218779
0.195323 -0.602857 -0.878406 -0.0214826 -0.0028096
0.203895 -0.594285 -0.87859 -0.0216124 -0.0274971
0.212466 -0.585714 -0.878777 -0.0219539 -0.0521847
0.221038 -0.577142 -0.878967 -0.022507 -0.0768722
0.229609 -0.568571 -0.879163 -0.0232613 -0.0942592
0.23818 -0.559999 -0.879366 -0.0240812 -0.0970443
0.246752 -0.551428 -0.879576 -0.0249249 -0.0998294
0.255323 -0.542857 -0.879793 -0.0257925 -0.102615
0.263895 -0.534285 -0.880018 -0.026684 -0.1054
0.272466 -0.525714 -0.880251 -0.0275994 -0.108185
0.281038 -0.517142 -0.880491 -0.0285386 -0.11097
0.289609 -0.508571 -0.88074 -0.0295017 -0.113755
0.29818 -0.499999 -0.880997 -0.0304887 -0.11654
0.306752 -0.491428 -0.881263 -0.0314996 -0.119325
0.315323 -0.482857 -0.881537 -0.0325343 -0.122111
0.323895 -0.474285 -0.881821 -0.0335929 -0.124896
0.332466 -0.465714 -0.882113 -0.0346754 -0.127681
0.341038 -0.457142 -0.882415 -0.0357817 -0.130466
0.349609 -0.448571 -0.882727 -0.0369119 -0.133251
0.35818 -0.439999 -0.883048 -0.038066 -0.136036
0.366752 -0.431428 -0.883379 -0.039244 -0.138821
0.375323 -0.422857 -0.883721 -0.0403752 -0.116886
0.383895 -0.414285 -0.884071 -0.0412301 -0.0825905
0.392466 -0.405714 -0.884427 -0.041791 -0.0482951
0.401038 -0.397142 -0.884786 -0.042058 -0.0139996
0.409609 -0.388571 -0.885147 -0.042031 0.0202958
0.41818 -0.379999 -0.885506 -0.0417101 0.0545913
0.426752 -0.371428 -0.885861 -0.0410952 0.0888867
0.435323 -0.362857 -0.88621 -0.0401863 0.123182
0.443895 -0.354285 -0.886549 -0.0389835 0.157478
0.452466 -0.345714 -0.886877 -0.0374867 0.191773
0.461038 -0.337142 -0.887191 -0.0356959 0.226069
0.469609 -0.328571 -0.887488 -0.0336112 0.260364
0.47818 -0.319999 -0.887766 -0.0312326 0.294659
0.486752 -0.311428 -0.888023 -0.0285599 0.328955
0.495323 -0.302857 -0.888255 -0.0255933 0.36325
0.503895 -0.294285 -0.888461 -0.0223328 0.397546
0.512466 -0.285714 -0.888637 -0.0187783 0.431841
0.521038 -0.277142 -0.888783 -0.0152782 0.384828
0.529609 -0.268571 -0.8889 -0.0121812 0.337798
0.53818 -0.259999 -0.888993 -0.00948735 0.290768
0.546752 -0.251428 -0.889064 -0.00719661 0.243738
0.555323 -0.242857 -0.889117 -0.00530898 0.196708
0.563895 -0.234285 -0.889156 -0.00382448 0.149677
0.572466 -0.225714 -0.889184 -0.00274309 0.102647
0.581038 -0.217142 -0.889204 -0.00206481 0.055617
0.589609 -0.208571 -0.88922 -0.00178965 0.00858681
0.59818 -0.199999 -0.889236 -0.00191761 -0.0384434
0.606752 -0.191428 -0.889254 -0.00244868 -0.0854735
0.615323 -0.182857 -0.889279 -0.00338287 -0.132504
0.623895 -0.174285 -0.889314 -0.00472017 -0.179534
0.632466 -0.165714 -0.889361 -0.00646059 -0.226564
0.641038 -0.157142 -0.889425 -0.00860413 -0.273594
0.649609 -0.148571 -0.88951 -0.0111508 -0.320624
0.65818 -0.139999 -0.889618 -0.0140556 -0.336194
0.666752 -0.131428 -0.88975 -0.016734 -0.288753
0.675323 -0.122857 -0.889903 -0.0190057 -0.241313
0.683895 -0.114285 -0.890075 -0.0208708 -0.193872
0.692466 -0.105714 -0.89026 -0.0223292 -0.146432
0.701038 -0.0971423 -0.890456 -0.023381 -0.0989911
0.709609 -0.0885709 -0.89066 -0.0240262 -0.0515505
0.71818 -0.0799994 -0.890867 -0.0242648 -0.00410993
0.726752 -0.071428 -0.891075 -0.0240967 0.0433306
0.735323 -0.0628566 -0.891279 -0.023522 0.0907712
0.743895 -0.0542852 -0.891477 -0.0225406 0.138212
0.752466 -0.0457137 -0.891664 -0.0211526 0.185652
0.761038 -0.0371423 -0.891838 -0.019358 0.233093
0.769609 -0.0285709 -0.891995 -0.0171567 0.280533
0.77818 -0.0199994 -0.892131 -0.0145488 0.327974
0.786752 -0.011428 -0.892243 -0.0115343 0.375415
0.795323 -0.00285659 -0.892328 -0.00811316 0.422855
0.803895 0.00571484 -0.892381 -0.00446695 0.406748
0.812466 0.0142863 -0.892405 -0.00118572 0.358873
0.821038 0.0228577 -0.892403 0.00168516 0.310999
0.829609 0.0314291 -0.892378 0.0041457 0.263125
0.83818 0.0400006 -0.892333 0.00619588 0.215251
0.846752 0.048572 -0.892273 0.00783571 0.167377
0.855323 0.0571434 -0.8922 0.0090652 0.119503
0.863895 0.0657148 -0.892118 0.00988433 0.0716287
0.872466 0.0742863 -0.892032 0.0102931 0.0237545
0.881038 0.0828577 -0.891943 0.0102916 -0.0241196
0.889609 0.0914291 -0.891856 0.00987964 -0.0719937
0.89818 0.100001 -0.891775 0.00905738 -0.119868
0.906752 0.108572 -0.891702 0.00782476 -0.167742
0.915323 0.117143 -0.891642 0.0061818 -0.215616
0.923895 0.125715 -0.891597 0.00412849 -0.26349
0.932466 0.134286 -0.891572 0.00166482 -0.311364
0.941038 0.142858 -0.89157 -0.00120919 -0.359238
0.949609 0.151429 -0.891593 -0.00417784 -0.333434
0.95818 0.160001 -0.891641 -0.0069252 -0.307617
0.966752 0.168572 -0.891711 -0.00945128 -0.281801
0.975323 0.177143 -0.891802 -0.0117561 -0.255984
0.983895 0.185715 -0.891912 -0.0138396 -0.230168
0.992466 0.194286 -0.892039 -0.0157018 -0.204351
1.00104 0.202858 -0.892181 -0.0173427 -0.178535
1.00961 0.211429 -0.892336 -0.0187624 -0.152718
1.01818 0.220001 -0.892502 -0.0199608 -0.126902
1.02675 0.228572 -0.892677 -0.0209379 -0.101085
1.03532 0.237143 -0.89286 -0.0216937 -0.0752685
1.04389 0.245715 -0.893048 -0.0222282 -0.0494519
1.05247 0.254286 -0.893241 -0.0225414 -0.0236354
1.06104 0.262858 -0.893434 -0.0226333 0.00218117
1.06961 0.271429 -0.893628 -0.022504 0.0279977
1.07818 0.280001 -0.893819 -0.0221534 0.0538143
1.08675 0.288572 -0.894007 -0.0215969 0.0688089
1.09532 0.297143 -0.89419 -0.0210356 0.0621793
1.10389 0.305715 -0.894368 -0.020531 0.0555497
1.11247 0.314286 -0.894542 -0.0200833 0.0489202
1.12104 0.322858 -0.894712 -0.0196924 0.0422906
1.12961 0.331429 -0.89488 -0.0193583 0.035661
1.13818 0.340001 -0.895044 -0.0190811 0.0290315
1.14675 0.348572 -0.895207 -0.0188606 0.0224019
1.15532 0.357143 -0.895368 -0.018697 0.0157723
1.16389 0.365715 -0.895528 -0.0185902 0.00914274
1.17247 0.374286 -0.895687 -0.0185403 0.00251316
1.18104 0.382858 -0.895846 -0.0185472 -0.00411641
1.18961 0.391429 -0.896005 -0.0186109 -0.010746
1.19818 0.400001 -0.896165 -0.0187314 -0.0173756
1.20675 0.408572 -0.896326 -0.0189087 -0.0240051
1.21532 0.417143 -0.896489 -0.0191429 -0.0306347
1.22389 0.425715 -0.896654 -0.0194339 -0.0372643
1.23247 0.434286 -0.896822 -0.01979 -0.046792
1.24104 0.442858 -0.896994 -0.0202381 -0.057769
1.24961 0.451429 -0.89717 -0.0207803 -0.0687459
1.25818 0.460001 -0.89735 -0.0214166 -0.0797228
1.26675 0.468572 -0.897537 -0.022147 -0.0906998
1.27532 0.477143 -0.89773 -0.0229715 -0.101677
1.28389 0.485715 -0.897931 -0.02389 -0.112654
1.29247 0.494286 -0.89814 -0.0249027 -0.123631
1.30104 0.502858 -0.898358 -0.0260094 -0.134608
1.30961 0.511429 -0.898586 -0.0272102 -0.145584
1.31818 0.520001 -0.898825 -0.0285051 -0.156561
1.32675 0.528572 -0.899075 -0.0298941 -0.167538
1.33532 0.537143 -0.899338 -0.0313772 -0.178515
1.34389 0.545715 -0.899613 -0.0329544 -0.189492
1.35247 0.554286 -0.899903 -0.0346257 -0.200469
1.36104 0.562858 -0.900207 -0.036391 -0.211446
1.36961 0.571429 -0.900527 -0.0382505 -0.222423
1.37818 0.580001 -0.900863 -0.040096 -0.208204
1.38675 0.588572 -0.901214 -0.0418197 -0.193985
1.39532 0.597143 -0.901579 -0.0434215 -0.179766
1.40389 0.605715 -0.901958 -0.0449014 -0.165547
1.41247 0.614286 -0.902349 -0.0462594 -0.151328
1.42104 0.622858 -0.902751 -0.0474955 -0.137108
1.42961 0.631429 -0.903163 -0.0486098 -0.122889
1.43818 0.640001 -0.903584 -0.0496022 -0.10867
1.44675 0.648572 -0.904013 -0.0504727 -0.0944511
1.45532 0.657143 -0.904449 -0.0512214 -0.080232
1.46389 0.665715 -0.90489 -0.0518481 -0.0660128
1.47247 0.674286 -0.905337 -0.052353 -0.0517937
1.48104 0.682858 -0.905788 -0.052736 -0.0375746
1.48961 0.691429 -0.906241 -0.0529972 -0.0233555
1.49818 0.700001 -0.906696 -0.0531364 -0.00913641
1.50675 0.708572 -0.907151 -0.0531538 0.0050827
1.51532 0.717143 -0.907607 -0.0530617 0.0105976
1.52389 0.725715 -0.908061 -0.0530219 -0.00131275
1.53247 0.734286 -0.908516 -0.0530842 -0.0132231
1.54104 0.742858 -0.908971 -0.0532486 -0.0251335
1.54961 0.751429 -0.909429 -0.0535151 -0.0370439
1.55818 0.76 -0.909889 -0.0538836 -0.0489543
1.56675 0.768572 -0.910353 -0.0543543 -0.0608647
1.57532 0.777143 -0.910821 -0.054927 -0.072775
1.58389 0.785715 -0.911295 -0.0556019 -0.0846854
1.59247 0.794286 -0.911775 -0.0563788 -0.0965958
1.60104 0.802858 -0.912262 -0.0572578 -0.108506
1.60961 0.811429 -0.912757 -0.0582389 -0.120417
1.61818 0.82 -0.91326 -0.0593221 -0.132327
1.62675 0.828572 -0.913774 -0.0605074 -0.144237
1.63532 0.837143 -0.914298 -0.0617947 -0.156148
1.64389 0.845715 -0.914833 -0.0631842 -0.168058
1.65247 0.854286 -0.915381 -0.0646757 -0.179968
1.66104 0.862858 -0.915942 -0.0662295 -0.177919
1.66961 0.871429 -0.916516 -0.0677158 -0.16888
1.67818 0.88 -0.917103 -0.0691246 -0.15984
1.68675 0.888572 -0.917701 -0.0704559 -0.150801
1.69532 0.897143 -0.918311 -0.0717097 -0.141762
1.70389 0.905715 -0.91893 -0.0728861 -0.132722
1.71247 0.914286 -0.91956 -0.073985 -0.123683
1.72104 0.922858 -0.920198 -0.0750064 -0.114643
1.72961 0.931429 -0.920845 -0.0759503 -0.105604
1.73818 0.94 -0.9215 -0.0768167 -0.0965648
1.74675 0.948572 -0.922162 -0.0776057 -0.0875254
1.75532 0.957143 -0.92283 -0.0783171 -0.078486
1.76389 0.965715 -0.923504 -0.0789511 -0.0694467
1.77247 0.974286 -0.924184 -0.0795077 -0.0604073
1.78104 0.982858 -0.924867 -0.0799867 -0.051368
1.78961 0.991429 -0.925555 -0.0803883 -0.0423286
1.79818 1 -0.926245 -0.0807123 -0.0332904
1.80675 1.00857 -0.926938 -0.0810617 -0.0482277
1.81532 1.01714 -0.927635 -0.0815391 -0.063165
1.82389 1.02571 -0.928336 -0.0821445 -0.0781024
1.83247 1.03429 -0.929044 -0.082878 -0.0930397
1.84104 1.04286 -0.929758 -0.0837395 -0.107977
1.84961 1.05143 -0.930479 -0.084729 -0.122914
1.85818 1.06 -0.93121 -0.0858466 -0.137852
1.86675 1.06857 -0.931952 -0.0870922 -0.152789
1.87532 1.07714 -0.932704 -0.0884658 -0.167726
1.88389 1.08571 -0.933468 -0.0899675 -0.182664
1.89247 1.09429 -0.934246 -0.0915972 -0.197601
1.90104 1.10286 -0.935039 -0.0933549 -0.212538
1.90961 1.11143 -0.935847 -0.0952407 -0.227476
1.91818 1.12 -0.936672 -0.0972545 -0.242413
1.92675 1.12857 -0.937515 -0.0993964 -0.25735
1.93532 1.13714 -0.938376 -0.101666 -0.272287
1.94389 1.14571 -0.939258 -0.104048 -0.275825
1.95247 1.15429 -0.94016 -0.106329 -0.256548
1.96104 1.16286 -0.94108 -0.108446 -0.23727
1.96961 1.17143 -0.942018 -0.110397 -0.217992
1.97818 1.18 -0.942972 -0.112183 -0.198714
1.98675 1.18857 -0.943941 -0.113803 -0.179436
1.99532 1.19714 -0.944923 -0.115259 -0.160158
2.00389 1.20571 -0.945916 -0.116549 -0.14088
2.01247 1.21429 -0.94692 -0.117674 -0.121602
2.02104 1.22286 -0.947933 -0.118634 -0.102324
2.02961 1.23143 -0.948954 -0.119428 -0.0830465
2.03818 1.24 -0.94998 -0.120057 -0.0637686
2.04675 1.24857 -0.951011 -0.120521 -0.0444906
2.05532 1.25714 -0.952046 -0.12082 -0.0252127
2.06389 1.26571 -0.953082 -0.120953 -0.00593484
2.07247 1.27429 -0.954119 -0.120922 0.0133431
2.08104 1.28286 -0.955154 -0.120725 0.032621
2.08961 1.29143 -0.956188 -0.120428 0.0290633
2.09818 1.3 -0.957219 -0.120243 0.0140979
2.10675 1.30857 -0.95825 -0.120186 -0.00086742
2.11532 1.31714 -0.95928 -0.120258 -0.0158328
2.12389 1.32571 -0.960311 -0.120458 -0.0307981
2.13247 1.33429 -0.961345 -0.120786 -0.0457634
2.14104 1.34286 -0.962382 -0.121242 -0.0607288
2.14961 1.35143 -0.963424 -0.121827 -0.0756941
2.15818 1.36 -0.964471 -0.12254 -0.0906595
2.16675 1.36857 -0.965525 -0.123381 -0.105625
2.17532 1.37714 -0.966587 -0.12435 -0.12059
2.18389 1.38571 -0.967657 -0.125448 -0.135555
2.19247 1.39429 -0.968738 -0.126674 -0.150521
2.20104 1.40286 -0.969829 -0.128028 -0.165486
2.20961 1.41143 -0.970933 -0.129511 -0.180452
2.21818 1.42 -0.97205 -0.131122 -0.195417
2.22675 1.42857 -0.973181 -0.132861 -0.210382
2.23532 1.43714 -0.974327 -0.134635 -0.203522
2.24389 1.44571 -0.975489 -0.13635 -0.196662
2.25247 1.45429 -0.976665 -0.138006 -0.189802
2.26104 1.46286 -0.977854 -0.139604 -0.182942
2.26961 1.47143 -0.979058 -0.141142 -0.176082
2.27818 1.48 -0.980274 -0.142622 -0.169222
2.28675 1.48857 -0.981503 -0.144043 -0.162361
2.29532 1.49714 -0.982743 -0.145406 -0.155501
2.30389 1.50571 -0.983995 -0.146709 -0.148641
2.31247 1.51429 -0.985258 -0.147954 -0.141781
2.32104 1.52286 -0.986531 -0.14914 -0.134921
2.32961 1.53143 -0.987814 -0.150267 -0.128061
2.33818 1.54 -0.989107 -0.151335 -0.1212
2.34675 1.54857 -0.990409 -0.152344 -0.11434
2.35532 1.55714 -0.991718 -0.153295 -0.10748
2.36389 1.56571 -0.993036 -0.154187 -0.10062
2.37247 1.57429 -0.994362 -0.155024 -0.0966263
2.38104 1.58286 -0.995694 -0.15586 -0.0983663
2.38961 1.59143 -0.997033 -0.15671 -0.100106
2.39818 1.6 -0.99838 -0.157576 -0.101846
2.40675 1.60857 -0.999735 -0.158456 -0.103586
2.41532 1.61714 -1.0011 -0.159352 -0.105326
2.42389 1.62571 -1.00247 -0.160262 -0.107066
2.43247 1.63429 -1.00384 -0.161187 -0.108806
2.44104 1.64286 -1.00523 -0.162127 -0.110546
2.44961 1.65143 -1.00662 -0.163082 -0.112286
2.45818 1.66 -1.00803 -0.164052 -0.114026
2.46675 1.66857 -1.00944 -0.165037 -0.115766
2.47532 1.67714 -1.01085 -0.166037 -0.117506
2.48389 1.68571 -1.01228 -0.167051 -0.119245
2.49247 1.69429 -1.01372 -0.168081 -0.120985
2.50104 1.70286 -1.01516 -0.169125 -0.122725
2.50961 1.71143 -1.01662 -0.170185 -0.124465
2.51818 1.72 -1.01808 -0.171251 -0.123339
2.52675 1.72857 -1.01955 -0.172297 -0.120778
2.53532 1.73714 -1.02103 -0.173321 -0.118217
2.54389 1.74571 -1.02252 -0.174324 -0.115655
2.55247 1.75429 -1.02402 -0.175304 -0.113094
2.56104 1.76286 -1.02553 -0.176262 -0.110533
2.56961 1.77143 -1.02704 -0.177199 -0.107972
2.57818 1.78 -1.02857 -0.178113 -0.105411
2.58675 1.78857 -1.0301 -0.179006 -0.10285
2.59532 1.79714 -1.03164 -0.179876 -0.100289
2.60389 1.80571 -1.03318 -0.180725 -0.0977277
2.61247 1.81429 -1.03473 -0.181552 -0.0951666
2.62104 1.82286 -1.03629 -0.182357 -0.0926055
2.62961 1.83143 -1.03786 -0.183139 -0.0900444
2.63818 1.84 -1.03943 -0.1839 -0.0874833
2.64675 1.84857 -1.04101 -0.184639 -0.0849222
2.65532 1.85714 -1.0426 -0.185356 -0.0823611
2.66389 1.86571 -1.04419 -0.186075 -0.0854951
2.67247 1.87429 -1.04579 -0.186822 -0.0886309
2.68104 1.88286 -1.04739 -0.187595 -0.0917668
2.68961 1.89143 -1.049 -0.188395 -0.0949026
2.69818 1.9 -1.05062 -0.189222 -0.0980384
2.70675 1.90857 -1.05225 -0.190075 -0.101174
2.71532 1.91714 -1.05388 -0.190956 -0.10431
2.72389 1.92571 -1.05552 -0.191864 -0.107446
2.73247 1.93429 -1.05717 -0.192798 -0.110582
2.74104 1.94286 -1.05883 -0.193759 -0.113718
2.74961 1.95143 -1.06049 -0.194747 -0.116853
2.75818 1.96 -1.06217 -0.195762 -0.119989
2.76675 1.96857 -1.06385 -0.196804 -0.123125
2.77532 1.97714 -1.06554 -0.197873 -0.126261
2.78389 1.98571 -1.06724 -0.198969 -0.129397
2.79247 1.99429 -1.06895 -0.200091 -0.132532
2.80104 2.00286 -1.07067 -0.201237 -0.133108
2.80961 2.01143 -1.0724 -0.202359 -0.128563
2.81818 2.02 -1.07414 -0.203441 -0.124019
2.82675 2.02857 -1.07589 -0.204485 -0.119475
2.83532 2.03714 -1.07764 -0.205489 -0.11493
2.84389 2.04571 -1.07941 -0.206455 -0.110386
2.85247 2.05429 -1.08118 -0.207382 -0.105841
2.86104 2.06286 -1.08297 -0.208269 -0.101297
2.86961 2.07143 -1.08475 -0.209118 -0.0967527
2.87818 2.08 -1.08655 -0.209928 -0.0922083
2.88675 2.08857 -1.08835 -0.210699 -0.0876638
2.89532 2.09714 -1.09016 -0.211431 -0.0831194
2.90389 2.10571 -1.09198 -0.212124 -0.078575
2.91247 2.11429 -1.0938 -0.212778 -0.0740306
2.92104 2.12286 -1.09562 -0.213393 -0.0694862
2.92961 2.13143 -1.09746 -0.213969 -0.0649418
2.93818 2.14 -1.09929 -0.214506 -0.0603974
2.94675 2.14857 -1.10113 -0.215016 -0.0599728
2.95532 2.15714 -1.10298 -0.215537 -0.0616096
2.96389 2.16571 -1.10483 -0.216072 -0.0632464
2.97247 2.17429 -1.10668 -0.216621 -0.0648833
2.98104 2.18286 -1.10854 -0.217185 -0.0665201
2.98961 2.19143 -1.11041 -0.217762 -0.0681569
2.99818 2.2 -1.11227 -0.218353 -0.0697938
3.00675 2.20857 -1.11415 -0.218958 -0.0714306
3.01532 2.21714 -1.11603 -0.219577 -0.0730674
3.02389 2.22571 -1.11791 -0.220211 -0.0747042
3.03247 2.23429 -1.1198 -0.220858 -0.0763411
3.04104 2.24286 -1.1217 -0.221519 -0.0779779
3.04961 2.25143 -1.1236 -0.222195 -0.0796147
3.05818 2.26 -1.12551 -0.222884 -0.0812516
3.06675 2.26857 -1.12742 -0.223588 -0.0828884
3.07532 2.27714 -1.12934 -0.224305 -0.0845252
3.08389 2.28571 -1.13127 -0.225037 -0.0861615
3.09247 2.29429 -1.1332 -0.225771 -0.0851962
3.10104 2.30286 -1.13514 -0.226497 -0.0842308
3.10961 2.31143 -1.13708 -0.227215 -0.0832655
3.11818 2.32 -1.13903 -0.227925 -0.0823001
3.12675 2.32857 -1.14099 -0.228626 -0.0813348
3.13532 2.33714 -1.14295 -0.229319 -0.0803694
3.14389 2.34571 -1.14492 -0.230004 -0.0794041
3.15247 2.35429 -1.14689 -0.23068 -0.0784387
3.16104 2.36286 -1.14888 -0.231348 -0.0774734
3.16961 2.37143 -1.15086 -0.232008 -0.076508
3.17818 2.38 -1.15285 -0.23266 -0.0755427
3.18675 2.38857 -1.15485 -0.233303 -0.0745773
3.19532 2.39714 -1.15685 -0.233938 -0.0736119
3.20389 2.40571 -1.15886 -0.234565 -0.0726466
3.21247 2.41429 -1.16087 -0.235184 -0.0716812
3.22104 2.42286 -1.16289 -0.235794 -0.0707159
3.22961 2.43143 -1.16492 -0.236396 -0.0699999
3.23818 2.44 -1.16694 -0.236995 -0.0697826
3.24675 2.44857 -1.16898 -0.237593 -0.0695652
3.25532 2.45714 -1.17102 -0.238188 -0.0693479
3.26389 2.46571 -1.17306 -0.238781 -0.0691306
3.27247 2.47429 -1.17511 -0.239373 -0.0689133
3.28104 2.48286 -1.17716 -0.239963 -0.068696
3.28961 2.49143 -1.17922 -0.240551 -0.0684787
3.29818 2.5 -1.18129 -0.241137 -0.0682614
3.30675 2.50857 -1.18336 -0.241721 -0.0680441
3.31532 2.51714 -1.18543 -0.242303 -0.0678268
3.32389 2.52571 -1.18751 -0.242884 -0.0676095
3.33247 2.53429 -1.1896 -0.243462 -0.0673922
3.34104 2.54286 -1.19169 -0.244039 -0.0671749
3.34961 2.55143 -1.19378 -0.244614 -0.0669576
3.35818 2.56 -1.19588 -0.245187 -0.0667403
3.36675 2.56857 -1.19798 -0.245758 -0.066523
3.37532 2.57714 -1.20009 -0.246325 -0.0654397
3.38389 2.58571 -1.20221 -0.246879 -0.0639234
3.39247 2.59429 -1.20432 -0.247421 -0.0624071
3.40104 2.60286 -1.20645 -0.247949 -0.0608908
3.40961 2.61143 -1.20857 -0.248464 -0.0593746
3.41818 2.62 -1.21071 -0.248967 -0.0578583
3.42675 2.62857 -1.21284 -0.249456 -0.056342
3.43532 2.63714 -1.21498 -0.249933 -0.0548257
3.44389 2.64571 -1.21713 -0.250396 -0.0533095
3.45247 2.65429 -1.21927 -0.250847 -0.0517932
3.46104 2.66286 -1.22143 -0.251284 -0.0502769
3.46961 2.67143 -1.22358 -0.251708 -0.0487606
3.47818 2.68 -1.22574 -0.25212 -0.0472444
3.48675 2.68857 -1.2279 -0.252518 -0.0457281
3.49532 2.69714 -1.23007 -0.252904 -0.0442118
3.50389 2.70571 -1.23224 -0.253276 -0.0426955
3.51247 2.71429 -1.23441 -0.253636 -0.0411792
3.52104 2.72286 -1.23659 -0.253991 -0.0418119
3.52961 2.73143 -1.23877 -0.254353 -0.042445
3.53818 2.74 -1.24095 -0.254719 -0.0430781
3.54675 2.74857 -1.24313 -0.255091 -0.0437112
3.55532 2.75714 -1.24532 -0.255468 -0.0443444
3.56389 2.76571 -1.24751 -0.255851 -0.0449775
3.57247 2.77429 -1.24971 -0.256239 -0.0456106
3.58104 2.78286 -1.25191 -0.256633 -0.0462437
3.58961 2.79143 -1.25411 -0.257032 -0.0468768
3.59818 2.8 -1.25631 -0.257437 -0.0475099
3.60675 2.80857 -1.25852 -0.257847 -0.0481431
3.61532 2.81714 -1.26073 -0.258262 -0.0487762
3.62389 2.82571 -1.26295 -0.258683 -0.0494093
3.63247 2.83429 -1.26517 -0.259109 -0.0500424
3.64104 2.84286 -1.26739 -0.259541 -0.0506755
3.64961 2.85143 -1.26962 -0.259978 -0.0513087
3.65818 2.86 -1.27185 -0.260419 -0.050851
3.66675 2.86857 -1.27408 -0.260843 -0.0482087
3.67532 2.87714 -1.27632 -0.261245 -0.0455663
3.68389 2.88571 -1.27856 -0.261624 -0.0429239
3.69247 2.89429 -1.2808 -0.261981 -0.0402816
3.70104 2.90286 -1.28305 -0.262315 -0.0376392
3.70961 2.91143 -1.2853 -0.262626 -0.0349968
3.71818 2.92 -1.28755 -0.262915 -0.0323545
3.72675 2.92857 -1.28981 -0.263181 -0.0297121
3.73532 2.93714 -1.29206 -0.263424 -0.0270698
3.74389 2.94571 -1.29432 -0.263645 -0.0244274
3.75247 2.95429 -1.29658 -0.263843 -0.021785
3.76104 2.96286 -1.29885 -0.264018 -0.0191427
3.76961 2.97143 -1.30111 -0.264171 -0.0165003
3.77818 2.98 -1.30337 -0.264301 -0.0138579
3.78675 2.98857 -1.30564 -0.264409 -0.0112156
3.79532 2.99714 -1.30791 -0.264494 -0.00857322
3.80389 3.00571 -1.31017 -0.264562 -0.00823239
3.81247 3.01429 -1.31244 -0.264636 -0.00904211
3.82104 3.02286 -1.31471 -0.264717 -0.00985183
3.82961 3.03143 -1.31698 -0.264805 -0.0106615
3.83818 3.04 -1.31925 -0.2649 -0.0114713
3.84675 3.04857 -1.32152 -0.265002 -0.012281
3.85532 3.05714 -1.32379 -0.265111 -0.0130907
3.86389 3.06571 -1.32607 -0.265226 -0.0139004
3.87247 3.07429 -1.32834 -0.265349 -0.0147101
3.88104 3.08286 -1.33061 -0.265478 -0.0155199
3.88961 3.09143 -1.33289 -0.265615 -0.0163296
3.89818 3.1 -1.33517 -0.265758 -0.0171393
3.90675 3.10857 -1.33745 -0.265909 -0.017949
3.91532 3.11714 -1.33973 -0.266066 -0.0187587
3.92389 3.12571 -1.34201 -0.26623 -0.0195685
3.93247 3.13429 -1.34429 -0.266402 -0.0203782
3.94104 3.14286 -1.34657 -0.26658 -0.0211879
3.94961 3.15143 -1.34886 -0.266761 -0.0211498
3.95818 3.16 -1.35115 -0.266942 -0.0211116
3.96675 3.16857 -1.35344 -0.267123 -0.0210733
3.97532 3.17714 -1.35573 -0.267303 -0.0210351
3.98389 3.18571 -1.35802 -0.267484 -0.0209968
3.99247 3.19429 -1.36031 -0.267663 -0.0209586
4.00104 3.20286 -1.36261 -0.267843 -0.0209203
4.00961 3.21143 -1.3649 -0.268022 -0.0208821
4.01818 3.22 -1.3672 -0.268201 -0.0208438
4.02675 3.22857 -1.3695 -0.268379 -0.0208056
4.03532 3.23714 -1.3718 -0.268558 -0.0207673
4.04389 3.24571 -1.37411 -0.268735 -0.0207291
4.05247 3.25429 -1.37641 -0.268913 -0.0206908
4.06104 3.26286 -1.37872 -0.26909 -0.0206526
4.06961 3.27143 -1.38102 -0.269267 -0.0206143
4.07818 3.28 -1.38333 -0.269443 -0.0205761
4.08675 3.28857 -1.38564 -0.269619 -0.0199393
4.09532 3.29714 -1.38795 -0.269782 -0.0181063
4.10389 3.30571 -1.39027 -0.269929 -0.0162734
4.11247 3.31429 -1.39258 -0.270061 -0.0144405
4.12104 3.32286 -1.3949 -0.270177 -0.0126075
4.12961 3.33143 -1.39721 -0.270277 -0.0107746
4.13818 3.34 -1.39953 -0.270361 -0.00894163
4.14675 3.34857 -1.40185 -0.27043 -0.00710869
4.15532 3.35714 -1.40417 -0.270483 -0.00527575
4.16389 3.36571 -1.40648 -0.270521 -0.00344281
4.17247 3.37429 -1.4088 -0.270542 -0.00160987
4.18104 3.38286 -1.41112 -0.270548 0.000223074
4.18961 3.39143 -1.41344 -0.270539 0.00205602
4.19818 3.4 -1.41576 -0.270513 0.00388896
4.20675 3.40857 -1.41808 -0.270472 0.0057219
4.21532 3.41714 -1.4204 -0.270415 0.00755484
4.22389 3.42571 -1.42271 -0.270342 0.00938778
4.23247 3.43429 -1.42503 -0.270253 0.0114254
4.24104 3.44286 -1.42735 -0.270146 0.0135653
4.24961 3.45143 -1.42966 -0.270021 0.0157053
4.25818 3.46 -1.43198 -0.269877 0.0178452
4.26675 3.46857 -1.43429 -0.269715 0.0199852
4.27532 3.47714 -1.4366 -0.269535 0.0221251
4.28389 3.48571 -1.43891 -0.269336 0.0242651
4.29247 3.49429 -1.44122 -0.269119 0.026405
4.30104 3.50286 -1.44352 -0.268883 0.028545
4.30961 3.51143 -1.44583 -0.268629 0.0306849
4.31818 3.52 -1.44813 -0.268357 0.0328248
4.32675 3.52857 -1.45043 -0.268066 0.0349648
4.33532 3.53714 -1.45272 -0.267758 0.0371047
4.34389 3.54571 -1.45502 -0.26743 0.0392447
4.35247 3.55429 -1.45731 -0.267085 0.0413846
4.36104 3.56286 -1.45959 -0.266721 0.0435246
4.36961 3.57143 -1.46188 -0.266339 0.0456645
4.37818 3.58 -1.46416 -0.265961 0.0425231
4.38675 3.58857 -1.46644 -0.26561 0.0393816
4.39532 3.59714 -1.46871 -0.265286 0.0362401
4.40389 3.60571 -1.47099 -0.264988 0.0330986
4.41247 3.61429 -1.47326 -0.264718 0.0299571
4.42104 3.62286 -1.47552 -0.264475 0.0268156
4.42961 3.63143 -1.47779 -0.264259 0.0236741
4.43818 3.64 -1.48005 -0.264069 0.0205326
4.44675 3.64857 -1.48232 -0.263907 0.0173911
4.45532 3.65714 -1.48458 -0.263771 0.0142496
4.46389 3.66571 -1.48684 -0.263662 0.0111081
4.47247 3.67429 -1.4891 -0.263581 0.00796663
4.48104 3.68286 -1.49136 -0.263526 0.00482513
4.48961 3.69143 -1.49362 -0.263498 0.00168363
4.49818 3.7 -1.49587 -0.263497 -0.00145787
4.50675 3.70857 -1.49813 -0.263523 -0.00459936
4.51532 3.71714 -1.50039 -0.263572 -0.00495362
4.52389 3.72571 -1.50265 -0.263592 0.000272374
4.53247 3.73429 -1.50491 -0.263567 0.00549837
4.54104 3.74286 -1.50717 -0.263498 0.0107244
4.54961 3.75143 -1.50943 -0.263383 0.0159504
4.55818 3.76 -1.51169 -0.263224 0.0211763
4.56675 3.76857 -1.51394 -0.26302 0.0264023
4.57532 3.77714 -1.51619 -0.262771 0.0316283
4.58389 3.78571 -1.51844 -0.262478 0.0368543
4.59247 3.79429 -1.52069 -0.26214 0.0420803
4.60104 3.80286 -1.52294 -0.261757 0.0473063
4.60961 3.81143 -1.52518 -0.261329 0.0525323
4.61818 3.82 -1.52742 -0.260856 0.0577583
4.62675 3.82857 -1.52965 -0.260339 0.0629843
4.63532 3.83714 -1.53188 -0.259776 0.0682103
4.64389 3.84571 -1.53411 -0.259169 0.0734363
4.65247 3.85429 -1.53632 -0.258517 0.0786623
4.66104 3.86286 -1.53854 -0.257831 0.0803274
4.66961 3.87143 -1.54074 -0.257143 0.0802096
4.67818 3.88 -1.54295 -0.256456 0.0800917
4.68675 3.88857 -1.54514 -0.25577 0.0799738
4.69532 3.89714 -1.54733 -0.255085 0.0798559
4.70389 3.90571 -1.54951 -0.254401 0.0797381
4.71247 3.91429 -1.55169 -0.253718 0.0796202
4.72104 3.92286 -1.55386 -0.253036 0.0795023
4.72961 3.93143 -1.55603 -0.252355 0.0793844
4.73818 3.94 -1.55819 -0.251675 0.0792665
4.74675 3.94857 -1.56034 -0.250996 0.0791487
4.75532 3.95714 -1.56249 -0.250318 0.0790308
4.76389 3.96571 -1.56463 -0.249641 0.0789129
4.77247 3.97429 -1.56677 -0.248966 0.078795
4.78104 3.98286 -1.5689 -0.248291 0.0786772
4.78961 3.99143 -1.57103 -0.247617 0.0785593
4.79818 4 -1.57315 -0.246944 0.0784413
4.80675 4.00857 -1.57526 -0.246285 0.0754201
4.81532 4.01714 -1.57737 -0.245651 0.0723989
4.82389 4.02571 -1.57947 -0.245043 0.0693776
4.83247 4.03429 -1.58157 -0.244462 0.0663564
4.84104 4.04286 -1.58366 -0.243906 0.0633352
4.84961 4.05143 -1.58575 -0.243376 0.0603139
4.85818 4.06 -1.58784 -0.242872 0.0572927
4.86675 4.06857 -1.58991 -0.242394 0.0542715
4.87532 4.07714 -1.59199 -0.241942 0.0512503
4.88389 4.08571 -1.59406 -0.241515 0.048229
4.89247 4.09429 -1.59613 -0.241115 0.0452078
4.90104 4.10286 -1.5982 -0.24074 0.0421866
4.90961 4.11143 -1.60026 -0.240392 0.0391654
4.91818 4.12 -1.60232 -0.240069 0.0361441
4.92675 4.12857 -1.60437 -0.239772 0.0331229
4.93532 4.13714 -1.60643 -0.239501 0.0301017
4.94389 4.14571 -1.60848 -0.239252 0.0300754
4.95247 4.15429 -1.61053 -0.238968 0.0360439
4.96104 4.16286 -1.61258 -0.238634 0.0420123
4.96961 4.17143 -1.61462 -0.238248 0.0479808
4.97818 4.18 -1.61666 -0.237811 0.0539493
4.98675 4.18857 -1.6187 -0.237323 0.0599178
4.99532 4.19714 -1.62073 -0.236784 0.0658863
5.00389 4.20571 -1.62276 -0.236194 0.0718547
5.01247 4.21429 -1.62478 -0.235552 0.0778232
5.02104 4.22286 -1.62679 -0.23486 0.0837917
5.02961 4.23143 -1.6288 -0.234116 0.0897602
5.03818 4.24 -1.63081 -0.233321 0.0957287
5.04675 4.24857 -1.6328 -0.232475 0.101697
5.05532 4.25714 -1.63479 -0.231577 0.107666
5.06389 4.26571 -1.63677 -0.230629 0.113634
5.07247 4.27429 -1.63875 -0.229629 0.119603
5.08104 4.28286 -1.64071 -0.228579 0.125571
5.08961 4.29143 -1.64266 -0.227493 0.12588
5.09818 4.3 -1.64461 -0.226425 0.123362
5.10675 4.30857 -1.64655 -0.225378 0.120844
5.11532 4.31714 -1.64847 -0.224353 0.118325
5.12389 4.32571 -1.65039 -0.22335 0.115807
5.13247 4.33429 -1.6523 -0.222368 0.113289
5.14104 4.34286 -1.6542 -0.221408 0.110771
5.14961 4.35143 -1.6561 -0.220469 0.108253
5.15818 4.36 -1.65798 -0.219552 0.105734
5.16675 4.36857 -1.65986 -0.218656 0.103216
5.17532 4.37714 -1.66173 -0.217783 0.100698
5.18389 4.38571 -1.66359 -0.21693 0.0981796
5.19247 4.39429 -1.66545 -0.216099 0.0956614
5.20104 4.40286 -1.6673 -0.21529 0.0931431
5.20961 4.41143 -1.66914 -0.214503 0.0906249
5.21818 4.42 -1.67098 -0.213737 0.0881067
5.22675 4.42857 -1.6728 -0.212992 0.0855884
5.23532 4.43714 -1.67463 -0.212266 0.0838436
5.24389 4.44571 -1.67644 -0.211555 0.0820988
5.25247 4.45429 -1.67825 -0.210859 0.080354
5.26104 4.46286 -1.68006 -0.210177 0.0786093
5.26961 4.47143 -1.68186 -0.209511 0.0768645
5.27818 4.48 -1.68365 -0.20886 0.0751197
5.28675 4.48857 -1.68544 -0.208223 0.0733749
5.29532 4.49714 -1.68722 -0.207602 0.0716301
5.30389 4.50571 -1.689 -0.206995 0.0698853
5.31247 4.51429 -1.69077 -0.206404 0.0681405
5.32104 4.52286 -1.69254 -0.205827 0.0663958
5.32961 4.53143 -1.6943 -0.205266 0.064651
5.33818 4.54 -1.69605 -0.204719 0.0629062
5.34675 4.54857 -1.69781 -0.204187 0.0611614
5.35532 4.55714 -1.69955 -0.203671 0.0594166
5.36389 4.56571 -1.7013 -0.203169 0.0576718
5.37247 4.57429 -1.70304 -0.202678 0.0586972
5.38104 4.58286 -1.70477 -0.202147 0.0652634
5.38961 4.59143 -1.7065 -0.201559 0.0718295
5.39818 4.6 -1.70823 -0.200915 0.0783956
5.40675 4.60857 -1.70995 -0.200215 0.0849618
5.41532 4.61714 -1.71166 -0.199459 0.0915279
5.42389 4.62571 -1.71337 -0.198646 0.098094
5.43247 4.63429 -1.71506 -0.197777 0.10466
5.44104 4.64286 -1.71676 -0.196852 0.111226
5.44961 4.65143 -1.71844 -0.19587 0.117792
5.45818 4.66 -1.72011 -0.194833 0.124359
5.46675 4.66857 -1.72178 -0.193739 0.130925
5.47532 4.67714 -1.72343 -0.192588 0.137491
5.48389 4.68571 -1.72508 -0.191382 0.144057
5.49247 4.69429 -1.72672 -0.190119 0.150623
5.50104 4.70286 -1.72834 -0.1888 0.157189
5.50961 4.71143 -1.72995 -0.187424 0.163755
5.51818 4.72 -1.73155 -0.186016 0.161882
5.52675 4.72857 -1.73314 -0.184655 0.155785
5.53532 4.73714 -1.73472 -0.183346 0.149688
5.54389 4.74571 -1.73628 -0.182089 0.143591
5.55247 4.75429 -1.73784 -0.180884 0.137493
5.56104 4.76286 -1.73939 -0.179732 0.131396
5.56961 4.77143 -1.74092 -0.178632 0.125299
5.57818 4.78 -1.74245 -0.177584 0.119202
5.58675 4.78857 -1.74397 -0.176588 0.113105
5.59532 4.79714 -1.74547 -0.175645 0.107008
5.60389 4.80571 -1.74698 -0.174754 0.10091
5.61247 4.81429 -1.74847 -0.173915 0.0948131
5.62104 4.82286 -1.74996 -0.173128 0.0887159
5.62961 4.83143 -1.75144 -0.172394 0.0826188
5.63818 4.84 -1.75291 -0.171712 0.0765216
5.64675 4.84857 -1.75438 -0.171082 0.0704244
5.65532 4.85714 -1.75585 -0.170505 0.0643272
5.66389 4.86571 -1.75731 -0.169962 0.0624016
5.67247 4.87429 -1.75876 -0.169435 0.0604775
5.68104 4.88286 -1.76021 -0.168925 0.0585534
5.68961 4.89143 -1.76166 -0.168431 0.0566292
5.69818 4.9 -1.7631 -0.167954 0.0547051
5.70675 4.90857 -1.76454 -0.167494 0.0527809
5.71532 4.91714 -1.76597 -0.167049 0.0508568
5.72389 4.92571 -1.7674 -0.166622 0.0489327
5.73247 4.93429 -1.76883 -0.166211 0.0470085
5.74104 4.94286 -1.77025 -0.165816 0.0450844
5.74961 4.95143 -1.77167 -0.165438 0.0431602
5.75818 4.96 -1.77308 -0.165076 0.0412361
5.76675 4.96857 -1.7745 -0.164731 0.039312
5.77532 4.97714 -1.77591 -0.164402 0.0373878
5.78389 4.98571 -1.77732 -0.16409 0.0354637
5.79247 4.99429 -1.77872 -0.163794 0.0335395
5.80104 5.00286 -1.78012 -0.163515 0.0313363
5.80961 5.01143 -1.78152 -0.163259 0.0285748
5.81818 5.02 -1.78292 -0.163025 0.0258134
5.82675 5.02857 -1.78432 -0.162816 0.023052
5.83532 5.03714 -1.78571 -0.16263 0.0202905
5.84389 5.04571 -1.78711 -0.162468 0.0175291
5.85247 5.05429 -1.7885 -0.16233 0.0147677
5.86104 5.06286 -1.78989 -0.162215 0.0120062
5.86961 5.07143 -1.79128 -0.162124 0.00924479
5.87818 5.08 -1.79267 -0.162057 0.00648336
5.88675 5.08857 -1.79406 -0.162013 0.00372192
5.89532 5.09714 -1.79545 -0.161993 0.000960486
5.90389 5.10571 -1.79684 -0.161996 -0.00180095
5.91247 5.11429 -1.79822 -0.162024 -0.00456239
5.92104 5.12286 -1.79961 -0.162075 -0.00732382
5.92961 5.13143 -1.801 -0.162149 -0.0100853
5.93818 5.14 -1.80239 -0.162247 -0.0128467
5.94675 5.14857 -1.80378 -0.162345 -0.00717633
5.95532 5.15714 -1.80518 -0.162364 0.00271347
5.96389 5.16571 -1.80657 -0.162299 0.0126033
5.97247 5.17429 -1.80796 -0.162148 0.0224931
5.98104 5.18286 -1.80935 -0.161913 0.0323829
5.98961 5.19143 -1.81073 -0.161593 0.0422727
5.99818 5.2 -1.81212 -0.161189 0.0521625
6.00675 5.20857 -1.8135 -0.160699 0.0620523
6.01532 5.21714 -1.81487 -0.160125 0.0719421
6.02389 5.22571 -1.81624 -0.159466 0.0818319
6.03247 5.23429 -1.8176 -0.158722 0.0917216
6.04104 5.24286 -1.81896 -0.157893 0.101611
6.04961 5.25143 -1.82031 -0.15698 0.111501
6.05818 5.26 -1.82165 -0.155982 0.121391
6.06675 5.26857 -1.82299 -0.154899 0.131281
6.07532 5.27714 -1.82431 -0.153731 0.141171
6.08389 5.28571 -1.82562 -0.152479 0.151058
6.09247 5.29429 -1.82692 -0.151197 0.148034
6.10104 5.30286 -1.82821 -0.149941 0.14501
6.10961 5.31143 -1.82949 -0.148711 0.141986
6.11818 5.32 -1.83076 -0.147507 0.138962
6.12675 5.32857 -1.83202 -0.146329 0.135939
6.13532 5.33714 -1.83327 -0.145177 0.132915
6.14389 5.34571 -1.83451 -0.14405 0.129891
6.15247 5.35429 -1.83574 -0.14295 0.126867
6.16104 5.36286 -1.83696 -0.141876 0.123843
6.16961 5.37143 -1.83817 -0.140827 0.120819
6.17818 5.38 -1.83937 -0.139804 0.117795
6.18675 5.38857 -1.84057 -0.138808 0.114771
6.19532 5.39714 -1.84175 -0.137837 0.111747
6.20389 5.40571 -1.84293 -0.136892 0.108723
6.21247 5.41429 -1.8441 -0.135973 0.105699
6.22104 5.42286 -1.84526 -0.13508 0.102675
6.22961 5.43143 -1.84642 -0.134252 0.072609
6.23818 5.44 -1.84757 -0.13399 -0.0115516
6.24675 5.44857 -1.84872 -0.13445 -0.0957123
6.25532 5.45714 -1.84987 -0.135631 -0.179873
6.26389 5.46571 -1.85104 -0.137533 -0.264034
6.27247 5.47429 -1.85223 -0.140157 -0.348194
6.28104 5.48286 -1.85345 -0.143502 -0.432355
6.28961 5.49143 -1.85469 -0.147569 -0.516516
6.29818 5.5 -1.85598 -0.152357 -0.600676
6.30675 5.50857 -1.85731 -0.157866 -0.684837
6.31532 5.51714 -1.85869 -0.164097 -0.768998
6.32389 5.52571 -1.86012 -0.171049 -0.853158
6.33247 5.53429 -1.86162 -0.178722 -0.937319
6.34104 5.54286 -1.86319 -0.187117 -1.02148
6.34961 5.55143 -1.86483 -0.196233 -1.10564
6.35818 5.56 -1.86656 -0.206071 -1.1898
6.36675 5.56857 -1.86837 -0.21663 -1.27396
6.37532 5.57714 -1.87027 -0.227119 -1.08114
6.38389 5.58571 -1.87225 -0.234966 -0.74981
6.39247 5.59429 -1.87429 -0.239973 -0.418481
6.40104 5.60286 -1.87636 -0.24214 -0.0871523
6.40961 5.61143 -1.87843 -0.241467 0.244176
6.41818 5.62 -1.88049 -0.237954 0.575505
6.42675 5.62857 -1.8825 -0.231601 0.906833
6.43532 5.63714 -1.88445 -0.222408 1.23816
6.44389 5.64571 -1.88631 -0.210376 1.56949
6.45247 5.65429 -1.88805 -0.195503 1.90082
6.46104 5.66286 -1.88965 -0.17779 2.23215
6.46961 5.67143 -1.89109 -0.157237 2.56348
6.47818 5.68 -1.89234 -0.133845 2.89481
6.48675 5.68857 -1.89338 -0.107612 3.22613
6.49532 5.69714 -1.89418 -0.0785396 3.55746
6.50389 5.70571 -1.89471 -0.0466271 3.88879
6.51247 5.71429 -1.89497 -0.0118746 4.22012
6.52104 5.72286 -1.89493 0.0188866 2.95712
6.52961 5.73143 -1.89467 0.0388188 1.69373
6.53818 5.74 -1.89429 0.047922 0.430352
6.54675 5.74857 -1.89388 0.0461963 -0.83303
6.55532 5.75714 -1.89353 0.0336415 -2.09641
6.56389 5.76571 -1.89334 0.0102578 -3.3598
6.57247 5.77429 -1.89339 -0.023955 -4.62318
6.58104 5.78286 -1.89378 -0.0689967 -5.88656
6.58961 5.79143 -1.8946 -0.124867 -7.14994
6.59818 5.8 -1.89595 -0.191567 -8.41332
6.60675 5.80857 -1.89792 -0.269096 -9.67671
6.61532 5.81714 -1.90059 -0.357454 -10.9401
6.62389 5.82571 -1.90408 -0.45664 -12.2035
6.63247 5.83429 -1.90845 -0.566656 -13.4669
6.64104 5.84286 -1.91382 -0.687501 -14.7302
6.64961 5.85143 -1.92027 -0.819174 -15.9936
6.65818 5.86 -1.92789 -0.959416 -15.6727
6.66675 5.86857 -1.93665 -1.07878 -12.1785
6.67532 5.87714 -1.9463 -1.16819 -8.68417
6.68389 5.88571 -1.95659 -1.22765 -5.18989
6.69247 5.89429 -1.96726 -1.25716 -1.69562
6.70104 5.90286 -1.97806 -1.25672 1.79866
6.70961 5.91143 -1.98872 -1.22632 5.29294
6.71818 5.92 -1.99899 -1.16598 8.78722
6.72675 5.92857 -2.00862 -1.07569 12.2815
6.73532 5.93714 -2.01735 -0.955441 15.7758
6.74389 5.94571 -2.02491 -0.805245 19.2701
6.75247 5.95429 -2.03107 -0.625098 22.7643
6.76104 5.96286 -2.03555 -0.414999 26.2586
6.76961 5.97143 -2.03809 -0.17495 29.7529
6.77818 5.98 -2.03846 0.0950501 33.2472
6.78675 5.98857 -2.03638 0.395001 36.7414
6.79532 5.99714 -2.0316 0.724903 40.2357
6.80389 6.00571 -2.02393 1.05424 33.0499
6.81247 6.01429 -2.01383 1.28385 20.5247
6.82104 6.02286 -2.00222 1.40609 7.99956
6.82961 6.03143 -1.99003 1.42098 -4.52563
6.83818 6.04 -1.97817 1.32851 -17.0508
6.84675 6.04857 -1.96756 1.12868 -29.576
6.85532 6.05714 -1.95913 0.821494 -42.1012
6.86389 6.06571 -1.95379 0.406948 -54.6264
6.87247 6.07429 -1.95246 -0.114958 -67.1515
6.88104 6.08286 -1.95606 -0.744222 -79.6767
6.88961 6.09143 -1.96552 -1.48084 -92.2019
6.89818 6.1 -1.98176 -2.32483 -104.727
6.90675 6.10857 -2.00568 -3.27617 -117.252
6.91532 6.11714 -2.03823 -4.33487 -129.777
6.92389 6.12571 -2.0803 -5.50092 -142.303
6.93247 6.13429 -2.13284 -6.77434 -154.828
6.94104 6.14286 -2.19674 -8.15511 -167.353
6.94961 6.15143 -2.27247 -9.47915 -141.581
6.95818 6.16 -2.35861 -10.5822 -115.802
6.96675 6.16857 -2.45325 -11.4643 -90.023
6.97532 6.17714 -2.55451 -12.1255 -64.2438
6.98389 6.18571 -2.66049 -12.5657 -38.4647
6.99247 6.19429 -2.76929 -12.7849 -12.6856
7.00104 6.20286 -2.87902 -12.7831 13.0935
7.00961 6.21143 -2.9878 -12.5604 38.8726
7.01818 6.22 -3.09371 -12.1167 64.6517
7.02675 6.22857 -3.19488 -11.4521 90.4309
7.03532 6.23714 -3.2894 -10.5665 116.21
7.04389 6.24571 -3.37539 -9.45992 141.989
7.05247 6.25429 -3.45094 -8.13239 167.768
7.06104 6.26286 -3.51417 -6.58389 193.547
7.06961 6.27143 -3.56318 -4.81444 219.326
7.07818 6.28 -3.59607 -2.82401 245.106
7.08675 6.28857 -3.61098 -0.635815 254.661
7.09532 6.29714 -3.60736 1.44899 231.794
7.10389 6.30571 -3.5867 3.3378 208.928
7.11247 6.31429 -3.5507 5.03061 186.061
7.12104 6.32286 -3.50102 6.52742 163.195
7.12961 6.33143 -3.43936 7.82824 140.328
7.13818 6.34 -3.36738 8.93305 117.462
7.14675 6.34857 -3.28678 9.84186 94.5951
7.15532 6.35714 -3.19923 10.5547 71.7285
7.16389 6.36571 -3.1064 11.0715 48.862
7.17247 6.37429 -3.00999 11.3923 25.9954
7.18104 6.38286 -2.91167 11.5171 3.12887
7.18961 6.39143 -2.81311 11.446 -19.7377
7.19818 6.4 -2.71601 11.1788 -42.6042
7.20675 6.40857 -2.62204 10.7156 -65.4708
7.21532 6.41714 -2.53287 10.0564 -88.3373
7.22389 6.42571 -2.4502 9.20124 -111.204
7.23247 6.43429 -2.37559 8.20682 -114.204
7.24104 6.44286 -2.30936 7.25766 -107.268
7.24961 6.45143 -2.251 6.36794 -100.333
7.25818 6.46 -2.20002 5.53767 -93.3971
7.26675 6.46857 -2.1559 4.76685 -86.4616
7.27532 6.47714 -2.11813 4.05547 -79.5261
7.28389 6.48571 -2.08621 3.40354 -72.5907
7.29247 6.49429 -2.05962 2.81106 -65.6552
7.30104 6.50286 -2.03785 2.27802 -58.7197
7.30961 6.51143 -2.0204 1.80444 -51.7842
7.31818 6.52 -2.00675 1.3903 -44.8487
7.32675 6.52857 -1.99639 1.0356 -37.9132
7.33532 6.53714 -1.98882 0.740355 -30.9777
7.34389 6.54571 -1.98353 0.504556 -24.0422
7.35247 6.55429 -1.98001 0.328204 -17.1067
7.36104 6.56286 -1.97774 0.211298 -10.1712
7.36961 6.57143 -1.97621 0.15384 -3.23569
7.37818 6.58 -1.97501 0.128404 -2.69968
7.38675 6.58857 -1.974 0.10756 -2.16384
7.39532 6.59714 -1.97315 0.0913094 -1.62799
7.40389 6.60571 -1.97242 0.0796517 -1.09214
7.41247 6.61429 -1.97177 0.0725869 -0.556299
7.42104 6.62286 -1.97116 0.0701151 -0.0204533
7.42961 6.63143 -1.97056 0.0722363 0.515392
7.43818 6.64 -1.96991 0.0789504 1.05124
7.44675 6.64857 -1.96919 0.0902575 1.58708
7.45532 6.65714 -1.96835 0.106158 2.12293
7.46389 6.66571 -1.96736 0.126651 2.65878
7.47247 6.67429 -1.96617 0.151737 3.19462
7.48104 6.68286 -1.96474 0.181416 3.73047
7.48961 6.69143 -1.96304 0.215687 4.26631
7.49818 6.7 -1.96103 0.254552 4.80216
7.50675 6.70857 -1.95867 0.29801 5.338
7.51532 6.71714 -1.95591 0.346408 6.117
7.52389 6.72571 -1.9527 0.404265 7.38285
7.53247 6.73429 -1.94895 0.472971 8.64869
7.54104 6.74286 -1.94456 0.552528 9.91453
7.54961 6.75143 -1.93945 0.642935 11.1804
7.55818 6.76 -1.93351 0.744191 12.4462
7.56675 6.76857 -1.92666 0.856298 13.7121
7.57532 6.77714 -1.9188 0.979255 14.9779
7.58389 6.78571 -1.90984 1.11306 16.2438
7.59247 6.79429 -1.89969 1.25772 17.5096
7.60104 6.80286 -1.88825 1.41323 18.7754
7.60961 6.81143 -1.87543 1.57958 20.0413
7.61818 6.82 -1.86114 1.75679 21.3071
7.62675 6.82857 -1.84528 1.94485 22.573
7.63532 6.83714 -1.82777 2.14376 23.8388
7.64389 6.84571 -1.8085 2.35351 25.1047
7.65247 6.85429 -1.78739 2.57412 26.3705
7.66104 6.86286 -1.76435 2.80317 26.7929
7.66961 6.87143 -1.73933 3.03282 26.7929
7.67818 6.88 -1.71235 3.26248 26.7929
7.68675 6.88857 -1.68341 3.49213 26.7929
7.69532 6.89714 -1.65249 3.72178 26.7929
7.70389 6.90571 -1.6196 3.95144 26.7929
7.71247 6.91429 -1.58475 4.18109 26.7929
7.72104 6.92286 -1.54793 4.41074 26.7929
7.72961 6.93143 -1.50914 4.6404 26.7929
7.73818 6.94 -1.46838 4.87005 26.7929
7.74675 6.94857 -1.42565 5.0997 26.7929
7.75532 6.95714 -1.38095 5.32936 26.7929
7.76389 6.96571 -1.33429 5.55901 26.7929
7.77247 6.97429 -1.28566 5.78866 26.7929
7.78104 6.98286 -1.23506 6.01832 26.7929
7.78961 6.99143 -1.18249 6.24797 26.7929
7.79818 7 -1.12795 6.47762 26.7929


