Raw Data (#.=61)
log.afreq  log.sfreq  log.loss  storage   
==========================================
-0.773248 -1.57143 -0.79531 2.512
-0.630391 -1.42857 -0.840192 2.4843
-0.487532 -1.28571 -0.856829 2.4559
-0.344674 -1.14285 -0.875496 2.429
-0.20182 -1 -0.887227 2.4006
-0.0589614 -0.857141 -0.9025 2.3759
0.083893 -0.714285 -0.911864 2.3505
0.226752 -0.571428 -0.918329 2.325
0.369609 -0.428571 -0.919951 2.2998
0.512468 -0.285712 -0.918509 2.2745
0.655326 -0.142855 -0.921289 2.2495
0.79818 0 -0.920421 2.2241
0.941039 0.142859 -0.921217 2.1986
1.08389 0.285715 -0.921289 2.1731
1.22675 0.428572 -0.924125 2.1469
1.36961 0.571429 -0.927052 2.1216
1.51247 0.714288 -0.933264 2.0956
1.65533 0.857145 -0.940437 2.0708
1.79818 1 -0.951053 2.0461
1.94104 1.14286 -0.96405 2.0212
2.08389 1.28571 -0.979514 1.9981
2.22675 1.42857 -0.997402 1.9758
2.36961 1.57143 -1.01805 1.9546
2.51247 1.71429 -1.04117 1.9346
2.65533 1.85715 -1.06629 1.9158
2.79818 2 -1.09407 1.8983
2.94104 2.14286 -1.12351 1.8819
3.08389 2.28571 -1.15487 1.8668
3.22675 2.42857 -1.18791 1.8529
3.36961 2.57143 -1.22238 1.8401
3.51247 2.71429 -1.258 1.8284
3.65533 2.85715 -1.29444 1.8177
3.79818 3 -1.33175 1.8079
3.94104 3.14286 -1.36981 1.799
4.08389 3.28571 -1.40803 1.7909
4.22675 3.42857 -1.44621 1.7835
4.36961 3.57143 -1.4843 1.7767
4.51247 3.71429 -1.52252 1.7707
4.65533 3.85715 -1.55945 1.765
4.79818 4 -1.59482 1.7598
4.94104 4.14286 -1.62965 1.7551
5.08389 4.28571 -1.66258 1.7507
5.22675 4.42857 -1.69353 1.7467
5.36961 4.57143 -1.72292 1.7428
5.51247 4.71429 -1.75068 1.7393
5.65533 4.85715 -1.77539 1.7359
5.79818 5 -1.79882 1.7326
5.94104 5.14286 -1.82134 1.7296
6.08389 5.28571 -1.84381 1.7267
6.22675 5.42857 -1.86442 1.7239
6.36961 5.57143 -1.88689 1.7213
6.51247 5.71429 -1.91336 1.7189
6.65533 5.85715 -1.94371 1.7168
6.79818 6 -2.04931 1.719
6.94104 6.14286 -2.22297 1.7169
7.08389 6.28571 -4.11066 1.7172
7.22675 6.42857 -2.39319 1.7179
7.36961 6.57143 -1.96654 1.7239
7.51247 6.71429 -1.95051 1.727
7.65533 6.85715 -1.77583 1.741
7.79818 7 -1.12861 1.7465


Cubic Spline Interpolation (Global Range)
log.afreq  log.sfreq  f  df  d2f         
=========================================
-0.773248 -1.57143 -0.79531 -0.444571 1.82555
-0.764677 -1.56286 -0.799054 -0.428923 1.82555
-0.756105 -1.55429 -0.802663 -0.413276 1.82555
-0.747534 -1.54571 -0.806138 -0.397628 1.82555
-0.738962 -1.53714 -0.809479 -0.381981 1.82555
-0.730391 -1.52857 -0.812686 -0.366333 1.82555
-0.721819 -1.52 -0.815759 -0.350685 1.82555
-0.713248 -1.51143 -0.818698 -0.335038 1.82555
-0.704677 -1.50286 -0.821503 -0.31939 1.82555
-0.696105 -1.49429 -0.824173 -0.303743 1.82555
-0.687534 -1.48571 -0.82671 -0.288095 1.82555
-0.678962 -1.47714 -0.829112 -0.272447 1.82555
-0.670391 -1.46857 -0.83138 -0.2568 1.82555
-0.661819 -1.46 -0.833515 -0.241152 1.82555
-0.653248 -1.45143 -0.835515 -0.225505 1.82555
-0.644677 -1.44286 -0.83738 -0.209857 1.82555
-0.636105 -1.43429 -0.839112 -0.194209 1.82555
-0.627534 -1.42571 -0.84071 -0.178638 1.77257
-0.618962 -1.41714 -0.842178 -0.164125 1.61361
-0.610391 -1.40857 -0.843527 -0.150976 1.45466
-0.601819 -1.4 -0.84477 -0.139188 1.29571
-0.593248 -1.39143 -0.845917 -0.128763 1.13676
-0.584677 -1.38286 -0.846981 -0.119701 0.977806
-0.576105 -1.37429 -0.847973 -0.112001 0.818854
-0.567534 -1.36571 -0.848905 -0.105664 0.659902
-0.558962 -1.35714 -0.849788 -0.100688 0.50095
-0.550391 -1.34857 -0.850635 -0.0970758 0.341997
-0.541819 -1.34 -0.851456 -0.0948256 0.183045
-0.533248 -1.33143 -0.852264 -0.0939379 0.0240932
-0.524677 -1.32286 -0.853071 -0.0944126 -0.134859
-0.516105 -1.31429 -0.853887 -0.0962498 -0.293811
-0.507534 -1.30571 -0.854725 -0.0994494 -0.452763
-0.498962 -1.29714 -0.855596 -0.104011 -0.611715
-0.490391 -1.28857 -0.856511 -0.109936 -0.770667
-0.481819 -1.28 -0.857483 -0.116727 -0.755865
-0.473248 -1.27143 -0.85851 -0.122769 -0.654104
-0.464677 -1.26286 -0.859585 -0.12794 -0.552344
-0.456105 -1.25429 -0.860701 -0.132238 -0.450583
-0.447534 -1.24571 -0.86185 -0.135664 -0.348822
-0.438962 -1.23714 -0.863024 -0.138218 -0.247062
-0.430391 -1.22857 -0.864217 -0.139899 -0.145301
-0.421819 -1.22 -0.86542 -0.140709 -0.0435402
-0.413248 -1.21143 -0.866626 -0.140646 0.0582205
-0.404677 -1.20286 -0.867828 -0.139711 0.159981
-0.396105 -1.19429 -0.869019 -0.137903 0.261742
-0.387534 -1.18571 -0.87019 -0.135224 0.363503
-0.378962 -1.17714 -0.871334 -0.131672 0.465263
-0.370391 -1.16857 -0.872445 -0.127248 0.567024
-0.361819 -1.16 -0.873513 -0.121951 0.668785
-0.353248 -1.15143 -0.874533 -0.115783 0.770545
-0.344677 -1.14286 -0.875496 -0.108742 0.872306
-0.336105 -1.13429 -0.876397 -0.10165 0.782429
-0.327534 -1.12571 -0.87724 -0.095329 0.692492
-0.318962 -1.11714 -0.878033 -0.0897788 0.602556
-0.310391 -1.10857 -0.878782 -0.0849995 0.512619
-0.30182 -1.1 -0.879493 -0.080991 0.422683
-0.293248 -1.09143 -0.880172 -0.0777535 0.332746
-0.284677 -1.08286 -0.880828 -0.0752868 0.24281
-0.276105 -1.07429 -0.881465 -0.073591 0.152873
-0.267534 -1.06571 -0.882091 -0.0726661 0.0629369
-0.258962 -1.05714 -0.882713 -0.0725121 -0.0269996
-0.250391 -1.04857 -0.883337 -0.073129 -0.116936
-0.24182 -1.04 -0.883969 -0.0745167 -0.206872
-0.233248 -1.03143 -0.884616 -0.0766754 -0.296809
-0.224677 -1.02286 -0.885286 -0.0796049 -0.386745
-0.216105 -1.01429 -0.885983 -0.0833053 -0.476682
-0.207534 -1.00571 -0.886716 -0.0877766 -0.566618
-0.198962 -0.997142 -0.88749 -0.092941 -0.602181
-0.190391 -0.988571 -0.888308 -0.0977891 -0.529024
-0.18182 -0.979999 -0.889165 -0.10201 -0.455866
-0.173248 -0.971428 -0.890055 -0.105604 -0.382709
-0.164677 -0.962857 -0.890973 -0.108571 -0.309552
-0.156105 -0.954285 -0.891914 -0.110911 -0.236395
-0.147534 -0.945714 -0.892873 -0.112623 -0.163237
-0.138962 -0.937142 -0.893843 -0.113709 -0.0900802
-0.130391 -0.928571 -0.89482 -0.114167 -0.016923
-0.12182 -0.919999 -0.895799 -0.113999 0.0562342
-0.113248 -0.911428 -0.896773 -0.113203 0.129391
-0.104677 -0.902857 -0.897737 -0.111781 0.202549
-0.0961052 -0.894285 -0.898687 -0.109731 0.275706
-0.0875338 -0.885714 -0.899617 -0.107054 0.348863
-0.0789624 -0.877142 -0.900521 -0.103751 0.42202
-0.0703909 -0.868571 -0.901394 -0.0998198 0.495178
-0.0618195 -0.859999 -0.90223 -0.0952619 0.568335
-0.0532481 -0.851428 -0.903025 -0.0902847 0.56874
-0.0446767 -0.842857 -0.903779 -0.0855641 0.532742
-0.0361052 -0.834285 -0.904493 -0.081152 0.496745
-0.0275338 -0.825714 -0.905171 -0.0770485 0.460747
-0.0189624 -0.817142 -0.905815 -0.0732535 0.42475
-0.0103909 -0.808571 -0.906427 -0.0697671 0.388752
-0.00181951 -0.799999 -0.907011 -0.0665892 0.352755
0.00675192 -0.791428 -0.90757 -0.0637198 0.316757
0.0153233 -0.782857 -0.908105 -0.0611591 0.28076
0.0238948 -0.774285 -0.908619 -0.0589068 0.244763
0.0324662 -0.765714 -0.909115 -0.0569631 0.208765
0.0410376 -0.757142 -0.909596 -0.055328 0.172768
0.0496091 -0.748571 -0.910065 -0.0540014 0.13677
0.0581805 -0.739999 -0.910523 -0.0529834 0.100773
0.0667519 -0.731428 -0.910974 -0.0522739 0.0647752
0.0753233 -0.722857 -0.91142 -0.0518729 0.0287778
0.0838948 -0.714285 -0.911864 -0.0517805 -0.0072086
0.0924662 -0.705714 -0.912308 -0.0517663 0.0105349
0.101038 -0.697142 -0.912751 -0.0515999 0.0282785
0.109609 -0.688571 -0.913192 -0.0512815 0.046022
0.11818 -0.679999 -0.91363 -0.050811 0.0637656
0.126752 -0.671428 -0.914063 -0.0501884 0.0815091
0.135323 -0.662857 -0.91449 -0.0494137 0.0992527
0.143895 -0.654285 -0.914909 -0.0484869 0.116996
0.152466 -0.645714 -0.91532 -0.047408 0.13474
0.161038 -0.637142 -0.915722 -0.0461771 0.152483
0.169609 -0.628571 -0.916112 -0.044794 0.170227
0.17818 -0.619999 -0.916489 -0.0432589 0.18797
0.186752 -0.611428 -0.916853 -0.0415717 0.205714
0.195323 -0.602857 -0.917201 -0.0397324 0.223457
0.203895 -0.594285 -0.917533 -0.037741 0.241201
0.212466 -0.585714 -0.917848 -0.0355975 0.258945
0.221038 -0.577142 -0.918143 -0.0333019 0.276688
0.229609 -0.568571 -0.918418 -0.0308631 0.288286
0.23818 -0.559999 -0.918672 -0.028395 0.287592
0.246752 -0.551428 -0.918905 -0.0259329 0.286898
0.255323 -0.542857 -0.919117 -0.0234768 0.286205
0.263895 -0.534285 -0.919308 -0.0210265 0.285511
0.272466 -0.525714 -0.919477 -0.0185823 0.284817
0.281038 -0.517142 -0.919626 -0.016144 0.284123
0.289609 -0.508571 -0.919754 -0.0137116 0.283429
0.29818 -0.499999 -0.919861 -0.0112852 0.282735
0.306752 -0.491428 -0.919948 -0.00886471 0.282041
0.315323 -0.482857 -0.920013 -0.00645019 0.281348
0.323895 -0.474285 -0.920058 -0.00404161 0.280654
0.332466 -0.465714 -0.920083 -0.00163898 0.27996
0.341038 -0.457142 -0.920086 0.000757702 0.279266
0.349609 -0.448571 -0.92007 0.00314844 0.278572
0.35818 -0.439999 -0.920032 0.00553323 0.277878
0.366752 -0.431428 -0.919975 0.00791207 0.277185
0.375323 -0.422857 -0.919897 0.010198 0.246055
0.383895 -0.414285 -0.919801 0.0121084 0.199707
0.392466 -0.405714 -0.91969 0.0136215 0.153359
0.401038 -0.397142 -0.919569 0.0147374 0.107011
0.409609 -0.388571 -0.919439 0.015456 0.0606635
0.41818 -0.379999 -0.919305 0.0157774 0.0143157
0.426752 -0.371428 -0.91917 0.0157014 -0.032032
0.435323 -0.362857 -0.919037 0.0152282 -0.0783798
0.443895 -0.354285 -0.91891 0.0143578 -0.124728
0.452466 -0.345714 -0.918792 0.0130901 -0.171075
0.461038 -0.337142 -0.918686 0.0114251 -0.217423
0.469609 -0.328571 -0.918597 0.0093628 -0.263771
0.47818 -0.319999 -0.918527 0.00690328 -0.310119
0.486752 -0.311428 -0.91848 0.00404649 -0.356466
0.495323 -0.302857 -0.918459 0.000792428 -0.402814
0.503895 -0.294285 -0.918467 -0.0028589 -0.449162
0.512466 -0.285714 -0.918509 -0.00690749 -0.49551
0.521038 -0.277142 -0.918586 -0.0109082 -0.437968
0.529609 -0.268571 -0.918695 -0.0144155 -0.380404
0.53818 -0.259999 -0.918831 -0.0174294 -0.322841
0.546752 -0.251428 -0.918992 -0.0199499 -0.265277
0.555323 -0.242857 -0.919172 -0.021977 -0.207714
0.563895 -0.234285 -0.919367 -0.0235107 -0.15015
0.572466 -0.225714 -0.919574 -0.024551 -0.0925866
0.581038 -0.217142 -0.919787 -0.0250979 -0.035023
0.589609 -0.208571 -0.920002 -0.0251514 0.0225405
0.59818 -0.199999 -0.920217 -0.0247115 0.0801041
0.606752 -0.191428 -0.920425 -0.0237782 0.137668
0.615323 -0.182857 -0.920623 -0.0223515 0.195231
0.623895 -0.174285 -0.920806 -0.0204314 0.252795
0.632466 -0.165714 -0.920972 -0.0180179 0.310358
0.641038 -0.157142 -0.921114 -0.015111 0.367922
0.649609 -0.148571 -0.921229 -0.0117106 0.425486
0.65818 -0.139999 -0.921313 -0.00786571 0.448866
0.666752 -0.131428 -0.921365 -0.0042115 0.403784
0.675323 -0.122857 -0.921387 -0.000943706 0.358702
0.683895 -0.114285 -0.921382 0.00193767 0.31362
0.692466 -0.105714 -0.921354 0.00443263 0.268537
0.701038 -0.0971423 -0.921307 0.00654117 0.223455
0.709609 -0.0885709 -0.921243 0.00826329 0.178373
0.71818 -0.0799994 -0.921167 0.00959899 0.133291
0.726752 -0.071428 -0.92108 0.0105483 0.0882087
0.735323 -0.0628566 -0.920987 0.0111111 0.0431266
0.743895 -0.0542852 -0.920891 0.0112876 -0.00195557
0.752466 -0.0457137 -0.920795 0.0110776 -0.0470377
0.761038 -0.0371423 -0.920702 0.0104812 -0.0921199
0.769609 -0.0285709 -0.920616 0.00949842 -0.137202
0.77818 -0.0199994 -0.92054 0.00812919 -0.182284
0.786752 -0.011428 -0.920478 0.00637355 -0.227366
0.795323 -0.00285659 -0.920432 0.00423148 -0.272449
0.803895 0.00571484 -0.920406 0.00184424 -0.268101
0.812466 0.0142863 -0.9204 -0.000329246 -0.239045
0.821038 0.0228577 -0.920411 -0.00225368 -0.209989
0.829609 0.0314291 -0.920438 -0.00392906 -0.180933
0.83818 0.0400006 -0.920478 -0.0053554 -0.151878
0.846752 0.048572 -0.920529 -0.00653268 -0.122822
0.855323 0.0571434 -0.920589 -0.00746091 -0.0937656
0.863895 0.0657148 -0.920656 -0.00814009 -0.0647097
0.872466 0.0742863 -0.920728 -0.00857022 -0.0356537
0.881038 0.0828577 -0.920802 -0.0087513 -0.0065978
0.889609 0.0914291 -0.920877 -0.00868332 0.0224581
0.89818 0.100001 -0.92095 -0.0083663 0.0515141
0.906752 0.108572 -0.92102 -0.00780023 0.08057
0.915323 0.117143 -0.921083 -0.0069851 0.109626
0.923895 0.125715 -0.921139 -0.00592092 0.138682
0.932466 0.134286 -0.921184 -0.0046077 0.167738
0.941038 0.142858 -0.921217 -0.00304542 0.196794
0.949609 0.151429 -0.921236 -0.00148291 0.167783
0.95818 0.160001 -0.921243 -0.000169142 0.138762
0.966752 0.168572 -0.92124 0.000895874 0.109742
0.975323 0.177143 -0.921228 0.00171214 0.080721
0.983895 0.185715 -0.921211 0.00227966 0.0517004
0.992466 0.194286 -0.92119 0.00259843 0.0226798
1.00104 0.202858 -0.921167 0.00266846 -0.00634082
1.00961 0.211429 -0.921145 0.00248973 -0.0353614
1.01818 0.220001 -0.921125 0.00206226 -0.064382
1.02675 0.228572 -0.92111 0.00138604 -0.0934026
1.03532 0.237143 -0.921102 0.000461075 -0.122423
1.04389 0.245715 -0.921103 -0.000712641 -0.151444
1.05247 0.254286 -0.921115 -0.0021351 -0.180464
1.06104 0.262858 -0.921141 -0.00380632 -0.209485
1.06961 0.271429 -0.921181 -0.00572628 -0.238506
1.07818 0.280001 -0.921239 -0.00789498 -0.267526
1.08675 0.288572 -0.921317 -0.0102864 -0.278364
1.09532 0.297143 -0.921415 -0.0125632 -0.252868
1.10389 0.305715 -0.921532 -0.0146213 -0.227373
1.11247 0.314286 -0.921665 -0.016461 -0.201877
1.12104 0.322858 -0.921814 -0.0180821 -0.176382
1.12961 0.331429 -0.921975 -0.0194847 -0.150886
1.13818 0.340001 -0.922147 -0.0206687 -0.125391
1.14675 0.348572 -0.922328 -0.0216342 -0.0998951
1.15532 0.357143 -0.922517 -0.0223812 -0.0743995
1.16389 0.365715 -0.922711 -0.0229096 -0.048904
1.17247 0.374286 -0.922909 -0.0232195 -0.0234085
1.18104 0.382858 -0.923109 -0.0233109 0.00208702
1.18961 0.391429 -0.923308 -0.0231838 0.0275825
1.19818 0.400001 -0.923506 -0.0228381 0.0530781
1.20675 0.408572 -0.923699 -0.0222739 0.0785736
1.21532 0.417143 -0.923887 -0.0214911 0.104069
1.22389 0.425715 -0.924067 -0.0204898 0.129565
1.23247 0.434286 -0.924238 -0.0193677 0.120855
1.24104 0.442858 -0.9244 -0.0184424 0.0950423
1.24961 0.451429 -0.924555 -0.0177384 0.0692293
1.25818 0.460001 -0.924704 -0.0172557 0.0434163
1.26675 0.468572 -0.924851 -0.0169941 0.0176034
1.27532 0.477143 -0.924996 -0.0169539 -0.0082096
1.28389 0.485715 -0.925142 -0.0171349 -0.0340226
1.29247 0.494286 -0.925291 -0.0175371 -0.0598355
1.30104 0.502858 -0.925444 -0.0181606 -0.0856485
1.30961 0.511429 -0.925603 -0.0190054 -0.111461
1.31818 0.520001 -0.92577 -0.0200714 -0.137274
1.32675 0.528572 -0.925947 -0.0213587 -0.163087
1.33532 0.537143 -0.926137 -0.0228672 -0.1889
1.34389 0.545715 -0.92634 -0.024597 -0.214713
1.35247 0.554286 -0.926559 -0.026548 -0.240526
1.36104 0.562858 -0.926796 -0.0287203 -0.266339
1.36961 0.571429 -0.927052 -0.0311138 -0.292152
1.37818 0.580001 -0.927329 -0.0335262 -0.270736
1.38675 0.588572 -0.927626 -0.035755 -0.24932
1.39532 0.597143 -0.927942 -0.0378002 -0.227904
1.40389 0.605715 -0.928274 -0.0396619 -0.206488
1.41247 0.614286 -0.928621 -0.04134 -0.185072
1.42104 0.622858 -0.928982 -0.0428346 -0.163656
1.42961 0.631429 -0.929355 -0.0441456 -0.14224
1.43818 0.640001 -0.929738 -0.045273 -0.120824
1.44675 0.648572 -0.93013 -0.0462168 -0.0994078
1.45532 0.657143 -0.93053 -0.0469771 -0.0779918
1.46389 0.665715 -0.930935 -0.0475538 -0.0565758
1.47247 0.674286 -0.931345 -0.047947 -0.0351597
1.48104 0.682858 -0.931757 -0.0481566 -0.0137437
1.48961 0.691429 -0.93217 -0.0481826 0.00767238
1.49818 0.700001 -0.932582 -0.048025 0.0290884
1.50675 0.708572 -0.932992 -0.0476839 0.0505045
1.51532 0.717143 -0.933399 -0.0471784 0.0585041
1.52389 0.725715 -0.933801 -0.0467578 0.0396449
1.53247 0.734286 -0.934201 -0.0464988 0.0207857
1.54104 0.742858 -0.934599 -0.0464014 0.00192646
1.54961 0.751429 -0.934997 -0.0464658 -0.0169328
1.55818 0.76 -0.935396 -0.0466917 -0.035792
1.56675 0.768572 -0.935798 -0.0470793 -0.0546512
1.57532 0.777143 -0.936204 -0.0476286 -0.0735104
1.58389 0.785715 -0.936615 -0.0483395 -0.0923697
1.59247 0.794286 -0.937033 -0.0492121 -0.111229
1.60104 0.802858 -0.937459 -0.0502463 -0.130088
1.60961 0.811429 -0.937895 -0.0514422 -0.148947
1.61818 0.82 -0.938341 -0.0527997 -0.167807
1.62675 0.828572 -0.9388 -0.0543188 -0.186666
1.63532 0.837143 -0.939273 -0.0559997 -0.205525
1.64389 0.845715 -0.939761 -0.0578421 -0.224384
1.65247 0.854286 -0.940265 -0.0598462 -0.243243
1.66104 0.862858 -0.940787 -0.0619567 -0.242717
1.66961 0.871429 -0.941327 -0.0639932 -0.232483
1.67818 0.88 -0.941884 -0.0659421 -0.222249
1.68675 0.888572 -0.942457 -0.0678032 -0.212015
1.69532 0.897143 -0.943046 -0.0695766 -0.201781
1.70389 0.905715 -0.943649 -0.0712623 -0.191548
1.71247 0.914286 -0.944267 -0.0728603 -0.181314
1.72104 0.922858 -0.944898 -0.0743706 -0.17108
1.72961 0.931429 -0.945542 -0.0757931 -0.160846
1.73818 0.94 -0.946197 -0.0771279 -0.150612
1.74675 0.948572 -0.946864 -0.078375 -0.140379
1.75532 0.957143 -0.947541 -0.0795344 -0.130145
1.76389 0.965715 -0.948227 -0.0806061 -0.119911
1.77247 0.974286 -0.948922 -0.08159 -0.109677
1.78104 0.982858 -0.949625 -0.0824863 -0.0994436
1.78961 0.991429 -0.950336 -0.0832948 -0.0892098
1.79818 1 -0.951053 -0.0840156 -0.0789767
1.80675 1.00857 -0.951776 -0.0847068 -0.0823056
1.81532 1.01714 -0.952505 -0.0854265 -0.0856345
1.82389 1.02571 -0.953241 -0.0861748 -0.0889634
1.83247 1.03429 -0.953983 -0.0869516 -0.0922923
1.84104 1.04286 -0.954731 -0.087757 -0.0956212
1.84961 1.05143 -0.955487 -0.0885908 -0.0989501
1.85818 1.06 -0.95625 -0.0894532 -0.102279
1.86675 1.06857 -0.957021 -0.0903442 -0.105608
1.87532 1.07714 -0.957799 -0.0912637 -0.108937
1.88389 1.08571 -0.958585 -0.0922117 -0.112266
1.89247 1.09429 -0.95938 -0.0931882 -0.115595
1.90104 1.10286 -0.960183 -0.0941933 -0.118924
1.90961 1.11143 -0.960995 -0.0952269 -0.122252
1.91818 1.12 -0.961815 -0.0962891 -0.125581
1.92675 1.12857 -0.962645 -0.0973797 -0.12891
1.93532 1.13714 -0.963485 -0.0984989 -0.132239
1.94389 1.14571 -0.964334 -0.0996444 -0.133943
1.95247 1.15429 -0.965193 -0.100786 -0.132394
1.96104 1.16286 -0.966062 -0.101914 -0.130844
1.96961 1.17143 -0.96694 -0.103029 -0.129295
1.97818 1.18 -0.967828 -0.10413 -0.127746
1.98675 1.18857 -0.968725 -0.105219 -0.126197
1.99532 1.19714 -0.969632 -0.106294 -0.124647
2.00389 1.20571 -0.970547 -0.107356 -0.123098
2.01247 1.21429 -0.971472 -0.108404 -0.121549
2.02104 1.22286 -0.972406 -0.109439 -0.12
2.02961 1.23143 -0.973348 -0.110461 -0.11845
2.03818 1.24 -0.974299 -0.11147 -0.116901
2.04675 1.24857 -0.975259 -0.112465 -0.115352
2.05532 1.25714 -0.976227 -0.113447 -0.113803
2.06389 1.26571 -0.977204 -0.114416 -0.112254
2.07247 1.27429 -0.978188 -0.115372 -0.110704
2.08104 1.28286 -0.979181 -0.116314 -0.109155
2.08961 1.29143 -0.980182 -0.11725 -0.110033
2.09818 1.3 -0.981191 -0.118202 -0.112123
2.10675 1.30857 -0.982209 -0.119172 -0.114213
2.11532 1.31714 -0.983234 -0.12016 -0.116303
2.12389 1.32571 -0.984269 -0.121166 -0.118394
2.13247 1.33429 -0.985312 -0.122189 -0.120484
2.14104 1.34286 -0.986363 -0.123231 -0.122574
2.14961 1.35143 -0.987424 -0.124291 -0.124664
2.15818 1.36 -0.988494 -0.125368 -0.126754
2.16675 1.36857 -0.989573 -0.126464 -0.128845
2.17532 1.37714 -0.990662 -0.127577 -0.130935
2.18389 1.38571 -0.991761 -0.128708 -0.133025
2.19247 1.39429 -0.992869 -0.129857 -0.135115
2.20104 1.40286 -0.993987 -0.131025 -0.137205
2.20961 1.41143 -0.995115 -0.13221 -0.139296
2.21818 1.42 -0.996253 -0.133412 -0.141386
2.22675 1.42857 -0.997402 -0.134633 -0.143476
2.23532 1.43714 -0.998561 -0.135859 -0.142535
2.24389 1.44571 -0.999731 -0.137077 -0.141594
2.25247 1.45429 -1.00091 -0.138286 -0.140653
2.26104 1.46286 -1.0021 -0.139488 -0.139712
2.26961 1.47143 -1.0033 -0.140681 -0.13877
2.27818 1.48 -1.00451 -0.141867 -0.137829
2.28675 1.48857 -1.00573 -0.143044 -0.136888
2.29532 1.49714 -1.00697 -0.144214 -0.135947
2.30389 1.50571 -1.00821 -0.145375 -0.135006
2.31247 1.51429 -1.00946 -0.146528 -0.134065
2.32104 1.52286 -1.01072 -0.147673 -0.133124
2.32961 1.53143 -1.01199 -0.14881 -0.132183
2.33818 1.54 -1.01327 -0.149939 -0.131242
2.34675 1.54857 -1.01456 -0.15106 -0.130301
2.35532 1.55714 -1.01586 -0.152173 -0.12936
2.36389 1.56571 -1.01717 -0.153277 -0.128418
2.37247 1.57429 -1.01849 -0.154373 -0.126717
2.38104 1.58286 -1.01981 -0.155445 -0.123495
2.38961 1.59143 -1.02115 -0.15649 -0.120273
2.39818 1.6 -1.0225 -0.157507 -0.11705
2.40675 1.60857 -1.02385 -0.158497 -0.113828
2.41532 1.61714 -1.02521 -0.159459 -0.110606
2.42389 1.62571 -1.02658 -0.160393 -0.107384
2.43247 1.63429 -1.02796 -0.161299 -0.104162
2.44104 1.64286 -1.02935 -0.162178 -0.10094
2.44961 1.65143 -1.03074 -0.16303 -0.0977175
2.45818 1.66 -1.03214 -0.163854 -0.0944954
2.46675 1.66857 -1.03355 -0.16465 -0.0912732
2.47532 1.67714 -1.03497 -0.165418 -0.0880511
2.48389 1.68571 -1.03639 -0.166159 -0.0848289
2.49247 1.69429 -1.03782 -0.166873 -0.0816067
2.50104 1.70286 -1.03925 -0.167558 -0.0783846
2.50961 1.71143 -1.04069 -0.168216 -0.0751624
2.51818 1.72 -1.04213 -0.168863 -0.0776553
2.52675 1.72857 -1.04358 -0.169552 -0.0830085
2.53532 1.73714 -1.04504 -0.170286 -0.0883618
2.54389 1.74571 -1.0465 -0.171066 -0.093715
2.55247 1.75429 -1.04797 -0.171893 -0.0990683
2.56104 1.76286 -1.04945 -0.172765 -0.104422
2.56961 1.77143 -1.05093 -0.173683 -0.109775
2.57818 1.78 -1.05243 -0.174647 -0.115128
2.58675 1.78857 -1.05393 -0.175656 -0.120481
2.59532 1.79714 -1.05544 -0.176712 -0.125835
2.60389 1.80571 -1.05696 -0.177813 -0.131188
2.61247 1.81429 -1.05849 -0.178961 -0.136541
2.62104 1.82286 -1.06003 -0.180154 -0.141894
2.62961 1.83143 -1.06157 -0.181393 -0.147248
2.63818 1.84 -1.06313 -0.182678 -0.152601
2.64675 1.84857 -1.06471 -0.184009 -0.157954
2.65532 1.85714 -1.06629 -0.185386 -0.163307
2.66389 1.86571 -1.06788 -0.186758 -0.156774
2.67247 1.87429 -1.06949 -0.188074 -0.150237
2.68104 1.88286 -1.07111 -0.189333 -0.1437
2.68961 1.89143 -1.07274 -0.190537 -0.137162
2.69818 1.9 -1.07437 -0.191685 -0.130625
2.70675 1.90857 -1.07602 -0.192776 -0.124088
2.71532 1.91714 -1.07768 -0.193812 -0.117551
2.72389 1.92571 -1.07934 -0.194792 -0.111014
2.73247 1.93429 -1.08102 -0.195715 -0.104476
2.74104 1.94286 -1.0827 -0.196583 -0.0979392
2.74961 1.95143 -1.08439 -0.197394 -0.091402
2.75818 1.96 -1.08608 -0.198149 -0.0848649
2.76675 1.96857 -1.08778 -0.198849 -0.0783277
2.77532 1.97714 -1.08949 -0.199492 -0.0717905
2.78389 1.98571 -1.0912 -0.20008 -0.0652533
2.79247 1.99429 -1.09292 -0.200611 -0.0587161
2.80104 2.00286 -1.09464 -0.201091 -0.055429
2.80961 2.01143 -1.09637 -0.20158 -0.058641
2.81818 2.02 -1.0981 -0.202096 -0.0618529
2.82675 2.02857 -1.09983 -0.20264 -0.0650648
2.83532 2.03714 -1.10157 -0.203211 -0.0682767
2.84389 2.04571 -1.10332 -0.20381 -0.0714886
2.85247 2.05429 -1.10507 -0.204437 -0.0747005
2.86104 2.06286 -1.10682 -0.205091 -0.0779125
2.86961 2.07143 -1.10858 -0.205773 -0.0811244
2.87818 2.08 -1.11035 -0.206482 -0.0843363
2.88675 2.08857 -1.11212 -0.207218 -0.0875482
2.89532 2.09714 -1.1139 -0.207983 -0.0907601
2.90389 2.10571 -1.11569 -0.208774 -0.093972
2.91247 2.11429 -1.11748 -0.209594 -0.097184
2.92104 2.12286 -1.11928 -0.21044 -0.100396
2.92961 2.13143 -1.12109 -0.211315 -0.103608
2.93818 2.14 -1.1229 -0.212216 -0.10682
2.94675 2.14857 -1.12473 -0.213136 -0.106707
2.95532 2.15714 -1.12656 -0.214043 -0.104931
2.96389 2.16571 -1.1284 -0.214935 -0.103155
2.97247 2.17429 -1.13024 -0.215812 -0.101379
2.98104 2.18286 -1.1321 -0.216673 -0.0996023
2.98961 2.19143 -1.13396 -0.217519 -0.0978262
2.99818 2.2 -1.13582 -0.21835 -0.09605
3.00675 2.20857 -1.1377 -0.219166 -0.0942738
3.01532 2.21714 -1.13958 -0.219966 -0.0924976
3.02389 2.22571 -1.14147 -0.220751 -0.0907214
3.03247 2.23429 -1.14337 -0.221521 -0.0889452
3.04104 2.24286 -1.14527 -0.222276 -0.087169
3.04961 2.25143 -1.14718 -0.223016 -0.0853929
3.05818 2.26 -1.14909 -0.22374 -0.0836167
3.06675 2.26857 -1.15101 -0.224449 -0.0818405
3.07532 2.27714 -1.15294 -0.225143 -0.0800643
3.08389 2.28571 -1.15487 -0.225822 -0.0782884
3.09247 2.29429 -1.15681 -0.226491 -0.0779087
3.10104 2.30286 -1.15875 -0.227157 -0.0775291
3.10961 2.31143 -1.1607 -0.22782 -0.0771495
3.11818 2.32 -1.16266 -0.22848 -0.0767698
3.12675 2.32857 -1.16462 -0.229136 -0.0763902
3.13532 2.33714 -1.16659 -0.229789 -0.0760105
3.14389 2.34571 -1.16856 -0.230439 -0.0756309
3.15247 2.35429 -1.17054 -0.231086 -0.0752513
3.16104 2.36286 -1.17252 -0.231729 -0.0748716
3.16961 2.37143 -1.17451 -0.232369 -0.074492
3.17818 2.38 -1.1765 -0.233006 -0.0741123
3.18675 2.38857 -1.1785 -0.23364 -0.0737327
3.19532 2.39714 -1.18051 -0.23427 -0.0733531
3.20389 2.40571 -1.18252 -0.234897 -0.0729734
3.21247 2.41429 -1.18454 -0.235521 -0.0725938
3.22104 2.42286 -1.18656 -0.236142 -0.0722141
3.22961 2.43143 -1.18859 -0.236759 -0.0716573
3.23818 2.44 -1.19062 -0.237369 -0.070746
3.24675 2.44857 -1.19265 -0.237972 -0.0698347
3.25532 2.45714 -1.1947 -0.238566 -0.0689235
3.26389 2.46571 -1.19674 -0.239153 -0.0680122
3.27247 2.47429 -1.1988 -0.239732 -0.0671009
3.28104 2.48286 -1.20085 -0.240304 -0.0661896
3.28961 2.49143 -1.20292 -0.240867 -0.0652784
3.29818 2.5 -1.20498 -0.241423 -0.0643671
3.30675 2.50857 -1.20705 -0.24197 -0.0634558
3.31532 2.51714 -1.20913 -0.24251 -0.0625446
3.32389 2.52571 -1.21121 -0.243043 -0.0616333
3.33247 2.53429 -1.2133 -0.243567 -0.060722
3.34104 2.54286 -1.21539 -0.244084 -0.0598107
3.34961 2.55143 -1.21748 -0.244592 -0.0588995
3.35818 2.56 -1.21958 -0.245093 -0.0579882
3.36675 2.56857 -1.22168 -0.245586 -0.0570769
3.37532 2.57714 -1.22379 -0.246071 -0.0559053
3.38389 2.58571 -1.2259 -0.246545 -0.0546035
3.39247 2.59429 -1.22802 -0.247007 -0.0533017
3.40104 2.60286 -1.23014 -0.247458 -0.0519999
3.40961 2.61143 -1.23226 -0.247898 -0.0506981
3.41818 2.62 -1.23439 -0.248327 -0.0493964
3.42675 2.62857 -1.23652 -0.248745 -0.0480946
3.43532 2.63714 -1.23865 -0.249152 -0.0467928
3.44389 2.64571 -1.24079 -0.249547 -0.045491
3.45247 2.65429 -1.24293 -0.249932 -0.0441892
3.46104 2.66286 -1.24507 -0.250305 -0.0428874
3.46961 2.67143 -1.24722 -0.250667 -0.0415856
3.47818 2.68 -1.24937 -0.251018 -0.0402839
3.48675 2.68857 -1.25152 -0.251358 -0.0389821
3.49532 2.69714 -1.25368 -0.251686 -0.0376803
3.50389 2.70571 -1.25584 -0.252004 -0.0363785
3.51247 2.71429 -1.258 -0.25231 -0.0350767
3.52104 2.72286 -1.26016 -0.252613 -0.0357041
3.52961 2.73143 -1.26233 -0.252922 -0.036332
3.53818 2.74 -1.2645 -0.253236 -0.0369598
3.54675 2.74857 -1.26667 -0.253555 -0.0375877
3.55532 2.75714 -1.26884 -0.25388 -0.0382155
3.56389 2.76571 -1.27102 -0.254211 -0.0388434
3.57247 2.77429 -1.2732 -0.254546 -0.0394712
3.58104 2.78286 -1.27539 -0.254887 -0.0400991
3.58961 2.79143 -1.27757 -0.255234 -0.0407269
3.59818 2.8 -1.27976 -0.255585 -0.0413548
3.60675 2.80857 -1.28195 -0.255943 -0.0419826
3.61532 2.81714 -1.28415 -0.256305 -0.0426105
3.62389 2.82571 -1.28635 -0.256673 -0.0432383
3.63247 2.83429 -1.28855 -0.257046 -0.0438662
3.64104 2.84286 -1.29075 -0.257425 -0.044494
3.64961 2.85143 -1.29296 -0.257809 -0.0451219
3.65818 2.86 -1.29517 -0.258198 -0.0454657
3.66675 2.86857 -1.29739 -0.258587 -0.0452406
3.67532 2.87714 -1.29961 -0.258974 -0.0450155
3.68389 2.88571 -1.30183 -0.259359 -0.0447903
3.69247 2.89429 -1.30405 -0.259742 -0.0445652
3.70104 2.90286 -1.30628 -0.260123 -0.0443401
3.70961 2.91143 -1.30851 -0.260502 -0.044115
3.71818 2.92 -1.31075 -0.260879 -0.0438899
3.72675 2.92857 -1.31298 -0.261254 -0.0436647
3.73532 2.93714 -1.31522 -0.261627 -0.0434396
3.74389 2.94571 -1.31747 -0.261999 -0.0432145
3.75247 2.95429 -1.31972 -0.262368 -0.0429894
3.76104 2.96286 -1.32197 -0.262736 -0.0427643
3.76961 2.97143 -1.32422 -0.263101 -0.0425392
3.77818 2.98 -1.32648 -0.263465 -0.042314
3.78675 2.98857 -1.32874 -0.263827 -0.0420889
3.79532 2.99714 -1.331 -0.264186 -0.0418638
3.80389 3.00571 -1.33327 -0.26454 -0.0402258
3.81247 3.01429 -1.33553 -0.264875 -0.0378814
3.82104 3.02286 -1.33781 -0.26519 -0.035537
3.82961 3.03143 -1.34008 -0.265484 -0.0331926
3.83818 3.04 -1.34236 -0.265759 -0.0308482
3.84675 3.04857 -1.34464 -0.266013 -0.0285038
3.85532 3.05714 -1.34692 -0.266247 -0.0261594
3.86389 3.06571 -1.3492 -0.266461 -0.0238151
3.87247 3.07429 -1.35148 -0.266656 -0.0214707
3.88104 3.08286 -1.35377 -0.26683 -0.0191263
3.88961 3.09143 -1.35606 -0.266983 -0.0167819
3.89818 3.1 -1.35835 -0.267117 -0.0144375
3.90675 3.10857 -1.36064 -0.267231 -0.0120931
3.91532 3.11714 -1.36293 -0.267325 -0.00974874
3.92389 3.12571 -1.36522 -0.267398 -0.00740436
3.93247 3.13429 -1.36751 -0.267451 -0.00505997
3.94104 3.14286 -1.36981 -0.267485 -0.00271559
3.94961 3.15143 -1.3721 -0.267507 -0.00252149
3.95818 3.16 -1.37439 -0.267528 -0.00232778
3.96675 3.16857 -1.37668 -0.267547 -0.00213407
3.97532 3.17714 -1.37898 -0.267565 -0.00194036
3.98389 3.18571 -1.38127 -0.26758 -0.00174665
3.99247 3.19429 -1.38357 -0.267595 -0.00155294
4.00104 3.20286 -1.38586 -0.267607 -0.00135923
4.00961 3.21143 -1.38815 -0.267618 -0.00116552
4.01818 3.22 -1.39045 -0.267627 -0.000971813
4.02675 3.22857 -1.39274 -0.267635 -0.000778103
4.03532 3.23714 -1.39503 -0.26764 -0.000584393
4.04389 3.24571 -1.39733 -0.267645 -0.000390682
4.05247 3.25429 -1.39962 -0.267647 -0.000196972
4.06104 3.26286 -1.40192 -0.267648 -3.26203e-06
4.06961 3.27143 -1.40421 -0.267647 0.000190448
4.07818 3.28 -1.40651 -0.267645 0.000384158
4.08675 3.28857 -1.4088 -0.26764 0.0008065
4.09532 3.29714 -1.41109 -0.26763 0.00168572
4.10389 3.30571 -1.41339 -0.267611 0.00256493
4.11247 3.31429 -1.41568 -0.267586 0.00344415
4.12104 3.32286 -1.41797 -0.267552 0.00432337
4.12961 3.33143 -1.42027 -0.267511 0.00520258
4.13818 3.34 -1.42256 -0.267463 0.0060818
4.14675 3.34857 -1.42485 -0.267407 0.00696102
4.15532 3.35714 -1.42714 -0.267344 0.00784023
4.16389 3.36571 -1.42944 -0.267273 0.00871945
4.17247 3.37429 -1.43173 -0.267194 0.00959867
4.18104 3.38286 -1.43402 -0.267108 0.0104779
4.18961 3.39143 -1.4363 -0.267015 0.0113571
4.19818 3.4 -1.43859 -0.266914 0.0122363
4.20675 3.40857 -1.44088 -0.266805 0.0131155
4.21532 3.41714 -1.44317 -0.266689 0.0139947
4.22389 3.42571 -1.44545 -0.266565 0.014874
4.23247 3.43429 -1.44774 -0.266441 0.0132359
4.24104 3.44286 -1.45002 -0.26634 0.0103389
4.24961 3.45143 -1.4523 -0.266264 0.007442
4.25818 3.46 -1.45458 -0.266212 0.00454507
4.26675 3.46857 -1.45687 -0.266186 0.00164814
4.27532 3.47714 -1.45915 -0.266184 -0.00124878
4.28389 3.48571 -1.46143 -0.266207 -0.00414571
4.29247 3.49429 -1.46371 -0.266255 -0.00704264
4.30104 3.50286 -1.46599 -0.266328 -0.00993957
4.30961 3.51143 -1.46828 -0.266426 -0.0128365
4.31818 3.52 -1.47056 -0.266548 -0.0157334
4.32675 3.52857 -1.47285 -0.266695 -0.0186304
4.33532 3.53714 -1.47513 -0.266867 -0.0215273
4.34389 3.54571 -1.47742 -0.267064 -0.0244242
4.35247 3.55429 -1.47971 -0.267286 -0.0273211
4.36104 3.56286 -1.482 -0.267533 -0.0302181
4.36961 3.57143 -1.4843 -0.267804 -0.033115
4.37818 3.58 -1.48659 -0.268059 -0.0264627
4.38675 3.58857 -1.48889 -0.268258 -0.0198103
4.39532 3.59714 -1.49119 -0.268399 -0.0131578
4.40389 3.60571 -1.49349 -0.268483 -0.00650542
4.41247 3.61429 -1.4958 -0.268511 0.000147001
4.42104 3.62286 -1.4981 -0.268481 0.00679942
4.42961 3.63143 -1.5004 -0.268394 0.0134518
4.43818 3.64 -1.5027 -0.26825 0.0201043
4.44675 3.64857 -1.505 -0.268049 0.0267567
4.45532 3.65714 -1.50729 -0.267791 0.0334091
4.46389 3.66571 -1.50959 -0.267477 0.0400615
4.47247 3.67429 -1.51188 -0.267105 0.046714
4.48104 3.68286 -1.51417 -0.266676 0.0533664
4.48961 3.69143 -1.51645 -0.26619 0.0600188
4.49818 3.7 -1.51873 -0.265647 0.0666712
4.50675 3.70857 -1.521 -0.265047 0.0733237
4.51532 3.71714 -1.52327 -0.264392 0.0781885
4.52389 3.72571 -1.52554 -0.263717 0.0794744
4.53247 3.73429 -1.52779 -0.26303 0.0807603
4.54104 3.74286 -1.53004 -0.262332 0.0820463
4.54961 3.75143 -1.53229 -0.261624 0.0833322
4.55818 3.76 -1.53453 -0.260904 0.0846181
4.56675 3.76857 -1.53676 -0.260173 0.0859041
4.57532 3.77714 -1.53899 -0.259431 0.08719
4.58389 3.78571 -1.54121 -0.258678 0.0884759
4.59247 3.79429 -1.54342 -0.257914 0.0897619
4.60104 3.80286 -1.54563 -0.257139 0.0910478
4.60961 3.81143 -1.54783 -0.256354 0.0923337
4.61818 3.82 -1.55003 -0.255557 0.0936197
4.62675 3.82857 -1.55221 -0.254749 0.0949056
4.63532 3.83714 -1.55439 -0.25393 0.0961915
4.64389 3.84571 -1.55657 -0.2531 0.0974775
4.65247 3.85429 -1.55873 -0.252259 0.0987634
4.66104 3.86286 -1.56089 -0.251422 0.0946385
4.66961 3.87143 -1.56304 -0.25064 0.0878041
4.67818 3.88 -1.56519 -0.249917 0.0809697
4.68675 3.88857 -1.56733 -0.249252 0.0741353
4.69532 3.89714 -1.56946 -0.248646 0.0673009
4.70389 3.90571 -1.57159 -0.248098 0.0604665
4.71247 3.91429 -1.57371 -0.247609 0.0536321
4.72104 3.92286 -1.57583 -0.247179 0.0467977
4.72961 3.93143 -1.57795 -0.246807 0.0399633
4.73818 3.94 -1.58007 -0.246494 0.0331289
4.74675 3.94857 -1.58218 -0.246239 0.0262945
4.75532 3.95714 -1.58429 -0.246043 0.0194601
4.76389 3.96571 -1.5864 -0.245906 0.0126257
4.77247 3.97429 -1.5885 -0.245827 0.00579132
4.78104 3.98286 -1.59061 -0.245806 -0.00104307
4.78961 3.99143 -1.59272 -0.245845 -0.00787747
4.79818 4 -1.59482 -0.245941 -0.0147113
4.80675 4.00857 -1.59693 -0.246033 -0.00666689
4.81532 4.01714 -1.59904 -0.246056 0.00137756
4.82389 4.02571 -1.60115 -0.246009 0.00942201
4.83247 4.03429 -1.60326 -0.245894 0.0174665
4.84104 4.04286 -1.60537 -0.24571 0.0255109
4.84961 4.05143 -1.60747 -0.245457 0.0335554
4.85818 4.06 -1.60957 -0.245135 0.0415998
4.86675 4.06857 -1.61167 -0.244744 0.0496443
4.87532 4.07714 -1.61377 -0.244284 0.0576887
4.88389 4.08571 -1.61586 -0.243755 0.0657332
4.89247 4.09429 -1.61795 -0.243157 0.0737776
4.90104 4.10286 -1.62003 -0.24249 0.081822
4.90961 4.11143 -1.6221 -0.241754 0.0898665
4.91818 4.12 -1.62417 -0.240949 0.0979109
4.92675 4.12857 -1.62623 -0.240076 0.105955
4.93532 4.13714 -1.62829 -0.239133 0.114
4.94389 4.14571 -1.63033 -0.238126 0.118893
4.95247 4.15429 -1.63237 -0.237113 0.11748
4.96104 4.16286 -1.6344 -0.236112 0.116066
4.96961 4.17143 -1.63642 -0.235123 0.114653
4.97818 4.18 -1.63843 -0.234146 0.113239
4.98675 4.18857 -1.64043 -0.233182 0.111826
4.99532 4.19714 -1.64243 -0.232229 0.110413
5.00389 4.20571 -1.64441 -0.231289 0.108999
5.01247 4.21429 -1.64639 -0.230361 0.107586
5.02104 4.22286 -1.64836 -0.229445 0.106172
5.02961 4.23143 -1.65032 -0.228541 0.104759
5.03818 4.24 -1.65228 -0.227649 0.103345
5.04675 4.24857 -1.65423 -0.226769 0.101932
5.05532 4.25714 -1.65617 -0.225901 0.100518
5.06389 4.26571 -1.6581 -0.225046 0.0991047
5.07247 4.27429 -1.66003 -0.224203 0.0976913
5.08104 4.28286 -1.66194 -0.223371 0.0962778
5.08961 4.29143 -1.66385 -0.222551 0.0951337
5.09818 4.3 -1.66576 -0.22174 0.0941241
5.10675 4.30857 -1.66766 -0.220938 0.0931146
5.11532 4.31714 -1.66955 -0.220144 0.092105
5.12389 4.32571 -1.67143 -0.219359 0.0910955
5.13247 4.33429 -1.67331 -0.218582 0.0900859
5.14104 4.34286 -1.67518 -0.217814 0.0890763
5.14961 4.35143 -1.67704 -0.217055 0.0880668
5.15818 4.36 -1.6789 -0.216305 0.0870572
5.16675 4.36857 -1.68075 -0.215563 0.0860477
5.17532 4.37714 -1.68259 -0.21483 0.0850381
5.18389 4.38571 -1.68443 -0.214105 0.0840286
5.19247 4.39429 -1.68626 -0.213389 0.083019
5.20104 4.40286 -1.68809 -0.212682 0.0820095
5.20961 4.41143 -1.68991 -0.211983 0.0809999
5.21818 4.42 -1.69172 -0.211293 0.0799904
5.22675 4.42857 -1.69353 -0.210612 0.0789808
5.23532 4.43714 -1.69533 -0.209943 0.077137
5.24389 4.44571 -1.69713 -0.20929 0.0752931
5.25247 4.45429 -1.69892 -0.208652 0.0734493
5.26104 4.46286 -1.70071 -0.208031 0.0716054
5.26961 4.47143 -1.70249 -0.207425 0.0697616
5.27818 4.48 -1.70426 -0.206835 0.0679177
5.28675 4.48857 -1.70603 -0.20626 0.0660739
5.29532 4.49714 -1.7078 -0.205702 0.06423
5.30389 4.50571 -1.70956 -0.205159 0.0623862
5.31247 4.51429 -1.71132 -0.204632 0.0605423
5.32104 4.52286 -1.71307 -0.204121 0.0586985
5.32961 4.53143 -1.71482 -0.203626 0.0568546
5.33818 4.54 -1.71656 -0.203147 0.0550108
5.34675 4.54857 -1.7183 -0.202683 0.0531669
5.35532 4.55714 -1.72003 -0.202235 0.0513231
5.36389 4.56571 -1.72177 -0.201803 0.0494792
5.37247 4.57429 -1.72349 -0.201382 0.0514024
5.38104 4.58286 -1.72522 -0.200901 0.0608601
5.38961 4.59143 -1.72694 -0.200338 0.0703178
5.39818 4.6 -1.72865 -0.199695 0.0797755
5.40675 4.60857 -1.73036 -0.198971 0.0892332
5.41532 4.61714 -1.73206 -0.198165 0.0986909
5.42389 4.62571 -1.73376 -0.197279 0.108149
5.43247 4.63429 -1.73544 -0.196311 0.117606
5.44104 4.64286 -1.73712 -0.195263 0.127064
5.44961 4.65143 -1.73879 -0.194133 0.136522
5.45818 4.66 -1.74045 -0.192923 0.145979
5.46675 4.66857 -1.7421 -0.191631 0.155437
5.47532 4.67714 -1.74374 -0.190258 0.164895
5.48389 4.68571 -1.74536 -0.188804 0.174352
5.49247 4.69429 -1.74697 -0.187269 0.18381
5.50104 4.70286 -1.74857 -0.185653 0.193268
5.50961 4.71143 -1.75015 -0.183956 0.202725
5.51818 4.72 -1.75172 -0.182216 0.198654
5.52675 4.72857 -1.75328 -0.18056 0.18781
5.53532 4.73714 -1.75482 -0.178997 0.176966
5.54389 4.74571 -1.75635 -0.177526 0.166123
5.55247 4.75429 -1.75786 -0.176149 0.155279
5.56104 4.76286 -1.75937 -0.174864 0.144436
5.56961 4.77143 -1.76086 -0.173673 0.133592
5.57818 4.78 -1.76234 -0.172574 0.122748
5.58675 4.78857 -1.76382 -0.171569 0.111905
5.59532 4.79714 -1.76529 -0.170656 0.101061
5.60389 4.80571 -1.76674 -0.169836 0.0902173
5.61247 4.81429 -1.7682 -0.169109 0.0793737
5.62104 4.82286 -1.76964 -0.168475 0.06853
5.62961 4.83143 -1.77109 -0.167934 0.0576864
5.63818 4.84 -1.77252 -0.167487 0.0468427
5.64675 4.84857 -1.77396 -0.167131 0.0359991
5.65532 4.85714 -1.77539 -0.166869 0.0251554
5.66389 4.86571 -1.77682 -0.166643 0.0277849
5.67247 4.87429 -1.77825 -0.166393 0.0304189
5.68104 4.88286 -1.77967 -0.166121 0.0330529
5.68961 4.89143 -1.78109 -0.165826 0.0356868
5.69818 4.9 -1.78251 -0.165509 0.0383208
5.70675 4.90857 -1.78393 -0.16517 0.0409548
5.71532 4.91714 -1.78534 -0.164807 0.0435887
5.72389 4.92571 -1.78676 -0.164422 0.0462227
5.73247 4.93429 -1.78816 -0.164015 0.0488567
5.74104 4.94286 -1.78957 -0.163585 0.0514907
5.74961 4.95143 -1.79097 -0.163132 0.0541246
5.75818 4.96 -1.79236 -0.162657 0.0567586
5.76675 4.96857 -1.79376 -0.162159 0.0593926
5.77532 4.97714 -1.79514 -0.161639 0.0620266
5.78389 4.98571 -1.79653 -0.161096 0.0646605
5.79247 4.99429 -1.7979 -0.16053 0.0672945
5.80104 5.00286 -1.79928 -0.159946 0.0670154
5.80961 5.01143 -1.80065 -0.159398 0.060911
5.81818 5.02 -1.80201 -0.158902 0.0548065
5.82675 5.02857 -1.80337 -0.158459 0.0487021
5.83532 5.03714 -1.80473 -0.158067 0.0425976
5.84389 5.04571 -1.80608 -0.157728 0.0364932
5.85247 5.05429 -1.80743 -0.157442 0.0303888
5.86104 5.06286 -1.80878 -0.157207 0.0242843
5.86961 5.07143 -1.81013 -0.157025 0.0181799
5.87818 5.08 -1.81147 -0.156896 0.0120754
5.88675 5.08857 -1.81282 -0.156818 0.00597101
5.89532 5.09714 -1.81416 -0.156793 -0.000133434
5.90389 5.10571 -1.8155 -0.156821 -0.00623787
5.91247 5.11429 -1.81685 -0.1569 -0.0123423
5.92104 5.12286 -1.81819 -0.157032 -0.0184468
5.92961 5.13143 -1.81954 -0.157216 -0.0245512
5.93818 5.14 -1.82089 -0.157453 -0.0306556
5.94675 5.14857 -1.82224 -0.157718 -0.0283964
5.95532 5.15714 -1.82359 -0.157934 -0.0219519
5.96389 5.16571 -1.82495 -0.158094 -0.0155074
5.97247 5.17429 -1.8263 -0.1582 -0.00906289
5.98104 5.18286 -1.82766 -0.15825 -0.00261838
5.98961 5.19143 -1.82902 -0.158245 0.00382614
5.99818 5.2 -1.83037 -0.158184 0.0102707
6.00675 5.20857 -1.83173 -0.158069 0.0167152
6.01532 5.21714 -1.83308 -0.157898 0.0231597
6.02389 5.22571 -1.83443 -0.157672 0.0296042
6.03247 5.23429 -1.83578 -0.15739 0.0360487
6.04104 5.24286 -1.83713 -0.157054 0.0424932
6.04961 5.25143 -1.83848 -0.156662 0.0489377
6.05818 5.26 -1.83982 -0.156215 0.0553823
6.06675 5.26857 -1.84115 -0.155712 0.0618268
6.07532 5.27714 -1.84249 -0.155155 0.0682713
6.08389 5.28571 -1.84381 -0.154542 0.0747169
6.09247 5.29429 -1.84514 -0.153848 0.0871933
6.10104 5.30286 -1.84645 -0.153047 0.0996698
6.10961 5.31143 -1.84776 -0.152139 0.112146
6.11818 5.32 -1.84906 -0.151125 0.124623
6.12675 5.32857 -1.85035 -0.150003 0.137099
6.13532 5.33714 -1.85163 -0.148774 0.149576
6.14389 5.34571 -1.8529 -0.147439 0.162052
6.15247 5.35429 -1.85416 -0.145996 0.174528
6.16104 5.36286 -1.8554 -0.144447 0.187005
6.16961 5.37143 -1.85663 -0.142791 0.199481
6.17818 5.38 -1.85785 -0.141027 0.211958
6.18675 5.38857 -1.85905 -0.139157 0.224434
6.19532 5.39714 -1.86024 -0.13718 0.236911
6.20389 5.40571 -1.8614 -0.135096 0.249387
6.21247 5.41429 -1.86255 -0.132905 0.261864
6.22104 5.42286 -1.86368 -0.130607 0.27434
6.22961 5.43143 -1.86479 -0.128266 0.241946
6.23818 5.44 -1.86588 -0.126715 0.119797
6.24675 5.44857 -1.86696 -0.126212 -0.00235271
6.25532 5.45714 -1.86805 -0.126756 -0.124502
6.26389 5.46571 -1.86914 -0.128346 -0.246652
6.27247 5.47429 -1.87025 -0.130984 -0.368801
6.28104 5.48286 -1.87139 -0.134669 -0.49095
6.28961 5.49143 -1.87256 -0.1394 -0.6131
6.29818 5.5 -1.87378 -0.145179 -0.735249
6.30675 5.50857 -1.87505 -0.152005 -0.857399
6.31532 5.51714 -1.87639 -0.159877 -0.979548
6.32389 5.52571 -1.8778 -0.168797 -1.1017
6.33247 5.53429 -1.87929 -0.178764 -1.22385
6.34104 5.54286 -1.88087 -0.189777 -1.346
6.34961 5.55143 -1.88254 -0.201838 -1.46815
6.35818 5.56 -1.88433 -0.214945 -1.5903
6.36675 5.56857 -1.88623 -0.2291 -1.71244
6.37532 5.57714 -1.88826 -0.243234 -1.46078
6.38389 5.58571 -1.89039 -0.253875 -1.02219
6.39247 5.59429 -1.8926 -0.260757 -0.583607
6.40104 5.60286 -1.89485 -0.26388 -0.145019
6.40961 5.61143 -1.89711 -0.263243 0.293568
6.41818 5.62 -1.89935 -0.258847 0.732155
6.42675 5.62857 -1.90154 -0.250692 1.17074
6.43532 5.63714 -1.90364 -0.238777 1.60933
6.44389 5.64571 -1.90562 -0.223103 2.04792
6.45247 5.65429 -1.90745 -0.20367 2.4865
6.46104 5.66286 -1.9091 -0.180477 2.92509
6.46961 5.67143 -1.91054 -0.153525 3.36368
6.47818 5.68 -1.91172 -0.122814 3.80227
6.48675 5.68857 -1.91263 -0.0883438 4.24085
6.49532 5.69714 -1.91323 -0.0501139 4.67944
6.50389 5.70571 -1.91348 -0.00812476 5.11803
6.51247 5.71429 -1.91336 0.0376237 5.55662
6.52104 5.72286 -1.91285 0.0782686 3.9267
6.52961 5.73143 -1.91205 0.104939 2.2963
6.53818 5.74 -1.91109 0.117634 0.665888
6.54675 5.74857 -1.91008 0.116354 -0.964519
6.55532 5.75714 -1.90913 0.101099 -2.59493
6.56389 5.76571 -1.90838 0.0718694 -4.22533
6.57247 5.77429 -1.90794 0.0286648 -5.85574
6.58104 5.78286 -1.90793 -0.0285148 -7.48615
6.58961 5.79143 -1.90847 -0.0996692 -9.11656
6.59818 5.8 -1.90968 -0.184799 -10.747
6.60675 5.80857 -1.91168 -0.283903 -12.3774
6.61532 5.81714 -1.91459 -0.396982 -14.0078
6.62389 5.82571 -1.91852 -0.524036 -15.6382
6.63247 5.83429 -1.92361 -0.665065 -17.2686
6.64104 5.84286 -1.92997 -0.820069 -18.899
6.64961 5.85143 -1.93771 -0.989048 -20.5294
6.65818 5.86 -1.94696 -1.16893 -20.0104
6.66675 5.86857 -1.95765 -1.31978 -15.1862
6.67532 5.87714 -1.96946 -1.42927 -10.3619
6.68389 5.88571 -1.98204 -1.49741 -5.5376
6.69247 5.89429 -1.99502 -1.5242 -0.713314
6.70104 5.90286 -2.00805 -1.50964 4.11097
6.70961 5.91143 -2.02078 -1.45373 8.93525
6.71818 5.92 -2.03285 -1.35646 13.7595
6.72675 5.92857 -2.04391 -1.21785 18.5838
6.73532 5.93714 -2.05361 -1.03788 23.4081
6.74389 5.94571 -2.06159 -0.816566 28.2324
6.75247 5.95429 -2.06749 -0.553899 33.0567
6.76104 5.96286 -2.07096 -0.24988 37.8809
6.76961 5.97143 -2.07166 0.095489 42.7052
6.77818 5.98 -2.06921 0.482209 47.5295
6.78675 5.98857 -2.06327 0.91028 52.3538
6.79532 5.99714 -2.05349 1.3797 57.1781
6.80389 6.00571 -2.03958 1.84788 47.093
6.81247 6.01429 -2.02223 2.17636 29.5542
6.82104 6.02286 -2.0027 2.35452 12.0153
6.82961 6.03143 -1.98229 2.38234 -5.52348
6.83818 6.04 -1.96229 2.25983 -23.0623
6.84675 6.04857 -1.94398 1.98699 -40.6011
6.85532 6.05714 -1.92866 1.56381 -58.14
6.86389 6.06571 -1.9176 0.990302 -75.6788
6.87247 6.07429 -1.91211 0.26646 -93.2176
6.88104 6.08286 -1.91347 -0.607714 -110.756
6.88961 6.09143 -1.92296 -1.63222 -128.295
6.89818 6.1 -1.94188 -2.80706 -145.834
6.90675 6.10857 -1.97151 -4.13224 -163.373
6.91532 6.11714 -2.01314 -5.60774 -180.912
6.92389 6.12571 -2.06807 -7.23358 -198.451
6.93247 6.13429 -2.13758 -9.00975 -215.989
6.94104 6.14286 -2.22295 -10.9363 -233.528
6.94961 6.15143 -2.32483 -12.7825 -197.241
6.95818 6.16 -2.44119 -14.3175 -160.944
6.96675 6.16857 -2.56938 -15.5415 -124.647
6.97532 6.17714 -2.70673 -16.4543 -88.3499
6.98389 6.18571 -2.85057 -17.0561 -52.0527
6.99247 6.19429 -2.99823 -17.3467 -15.7556
7.00104 6.20286 -3.14705 -17.3262 20.5416
7.00961 6.21143 -3.29436 -16.9945 56.8387
7.01818 6.22 -3.4375 -16.3518 93.1359
7.02675 6.22857 -3.57379 -15.3979 129.433
7.03532 6.23714 -3.70057 -14.1329 165.73
7.04389 6.24571 -3.81518 -12.5568 202.027
7.05247 6.25429 -3.91494 -10.6696 238.324
7.06104 6.26286 -3.9972 -8.47127 274.622
7.06961 6.27143 -4.05928 -5.96181 310.919
7.07818 6.28 -4.09851 -3.14123 347.216
7.08675 6.28857 -4.11227 -0.0429574 360.13
7.09532 6.29714 -4.09982 2.89895 326.316
7.10389 6.30571 -4.0634 5.55103 292.501
7.11247 6.31429 -4.00549 7.91326 258.687
7.12104 6.32286 -3.92857 9.98566 224.873
7.12961 6.33143 -3.83513 11.7682 191.058
7.13818 6.34 -3.72766 13.2609 157.244
7.14675 6.34857 -3.60863 14.4638 123.429
7.15532 6.35714 -3.48054 15.3769 89.6149
7.16389 6.36571 -3.34586 16.0001 55.8005
7.17247 6.37429 -3.20708 16.3335 21.9861
7.18104 6.38286 -3.06668 16.377 -11.8283
7.18961 6.39143 -2.92716 16.1307 -45.6428
7.19818 6.4 -2.79098 15.5945 -79.4572
7.20675 6.40857 -2.66065 14.7686 -113.272
7.21532 6.41714 -2.53864 13.6527 -147.086
7.22389 6.42571 -2.42743 12.2471 -180.9
7.23247 6.43429 -2.32935 10.64 -183.775
7.24104 6.44286 -2.24474 9.11876 -171.177
7.24961 6.45143 -2.17272 7.70552 -158.579
7.25818 6.46 -2.11234 6.40026 -145.981
7.26675 6.46857 -2.06269 5.20298 -133.384
7.27532 6.47714 -2.02284 4.11368 -120.786
7.28389 6.48571 -1.99186 3.13237 -108.188
7.29247 6.49429 -1.96883 2.25904 -95.5898
7.30104 6.50286 -1.95283 1.49369 -82.9918
7.30961 6.51143 -1.94292 0.836322 -70.3939
7.31818 6.52 -1.93818 0.286936 -57.796
7.32675 6.52857 -1.93769 -0.154467 -45.1981
7.33532 6.53714 -1.94052 -0.487888 -32.6002
7.34389 6.54571 -1.94575 -0.713327 -20.0022
7.35247 6.55429 -1.95244 -0.830783 -7.40431
7.36104 6.56286 -1.95968 -0.840258 5.19361
7.36961 6.57143 -1.96654 -0.74175 17.7915
7.37818 6.58 -1.97225 -0.593751 16.7412
7.38675 6.58857 -1.97674 -0.454758 15.6905
7.39532 6.59714 -1.98007 -0.324771 14.6399
7.40389 6.60571 -1.98233 -0.203789 13.5892
7.41247 6.61429 -1.98359 -0.0918128 12.5385
7.42104 6.62286 -1.98393 0.0111574 11.4879
7.42961 6.63143 -1.98343 0.105122 10.4372
7.43818 6.64 -1.98216 0.190081 9.38652
7.44675 6.64857 -1.9802 0.266034 8.33585
7.45532 6.65714 -1.97762 0.332981 7.28518
7.46389 6.66571 -1.97451 0.390923 6.23451
7.47247 6.67429 -1.97095 0.439858 5.18384
7.48104 6.68286 -1.967 0.479788 4.13317
7.48961 6.69143 -1.96275 0.510713 3.0825
7.49818 6.7 -1.95827 0.532631 2.03183
7.50675 6.70857 -1.95364 0.545544 0.981162
7.51532 6.71714 -1.94894 0.550734 0.829057
7.52389 6.72571 -1.94417 0.564899 2.47605
7.53247 6.73429 -1.93922 0.59318 4.12304
7.54104 6.74286 -1.93396 0.635579 5.77004
7.54961 6.75143 -1.92828 0.692095 7.41703
7.55818 6.76 -1.92206 0.762728 9.06402
7.56675 6.76857 -1.91517 0.847479 10.711
7.57532 6.77714 -1.90749 0.946346 12.358
7.58389 6.78571 -1.8989 1.05933 14.005
7.59247 6.79429 -1.88929 1.18643 15.652
7.60104 6.80286 -1.87852 1.32765 17.299
7.60961 6.81143 -1.86649 1.48299 18.946
7.61818 6.82 -1.85306 1.65244 20.593
7.62675 6.82857 -1.83812 1.83601 22.24
7.63532 6.83714 -1.82155 2.0337 23.887
7.64389 6.84571 -1.80322 2.2455 25.534
7.65247 6.85429 -1.78301 2.47142 27.181
7.66104 6.86286 -1.76081 2.70832 27.7305
7.66961 6.87143 -1.73658 2.94601 27.7305
7.67818 6.88 -1.71031 3.1837 27.7305
7.68675 6.88857 -1.682 3.42139 27.7305
7.69532 6.89714 -1.65166 3.65909 27.7305
7.70389 6.90571 -1.61928 3.89678 27.7305
7.71247 6.91429 -1.58486 4.13447 27.7305
7.72104 6.92286 -1.5484 4.37216 27.7305
7.72961 6.93143 -1.50991 4.60985 27.7305
7.73818 6.94 -1.46937 4.84754 27.7305
7.74675 6.94857 -1.4268 5.08523 27.7305
7.75532 6.95714 -1.3822 5.32292 27.7305
7.76389 6.96571 -1.33555 5.56061 27.7305
7.77247 6.97429 -1.28687 5.7983 27.7305
7.78104 6.98286 -1.23616 6.03599 27.7305
7.78961 6.99143 -1.1834 6.27368 27.7305
7.79818 7 -1.12861 6.51137 27.7305


