PBMA-051820115, 18.5.2015, 9:39
Fixed value(s) :  AC Volt  [Vrms]=1.000
 Freq.[Hz]	 Temp.[°C]	 Eps'   	 Eps''  
 1.0000e+07	 7.0000e+01	 1.6761e+00	-5.3308e-02
 7.1969e+06	 7.0000e+01	 1.6782e+00	 1.0278e-02
 5.1795e+06	 7.0000e+01	 1.6722e+00	 1.8927e-02
 3.7276e+06	 7.0000e+01	 1.6735e+00	 2.2928e-02
 2.6827e+06	 7.0000e+01	 1.6749e+00	 3.2616e-02
 1.9307e+06	 7.0000e+01	 1.6819e+00	 3.9770e-02
 1.3895e+06	 7.0000e+01	 1.6891e+00	 4.9445e-02
 1.0000e+06	 7.0000e+01	 1.6997e+00	 5.6847e-02
 7.1969e+05	 7.0000e+01	 1.7061e+00	 6.4627e-02
 5.1795e+05	 7.0000e+01	 1.7184e+00	 7.1568e-02
 3.7276e+05	 7.0000e+01	 1.7322e+00	 7.9602e-02
 2.6827e+05	 7.0000e+01	 1.7477e+00	 8.8818e-02
 1.9307e+05	 7.0000e+01	 1.7652e+00	 9.9424e-02
 1.3895e+05	 7.0000e+01	 1.7850e+00	 1.1161e-01
 1.0000e+05	 7.0000e+01	 1.8076e+00	 1.2537e-01
 7.1969e+04	 7.0000e+01	 1.8335e+00	 1.4064e-01
 5.1795e+04	 7.0000e+01	 1.8630e+00	 1.5734e-01
 3.7276e+04	 7.0000e+01	 1.8966e+00	 1.7521e-01
 2.6827e+04	 7.0000e+01	 1.9351e+00	 1.9387e-01
 1.9307e+04	 7.0000e+01	 1.9787e+00	 2.1268e-01
 1.3895e+04	 7.0000e+01	 2.0283e+00	 2.3088e-01
 1.0000e+04	 7.0000e+01	 2.0823e+00	 2.4717e-01
 7.1969e+03	 7.0000e+01	 2.1418e+00	 2.6048e-01
 5.1795e+03	 7.0000e+01	 2.2049e+00	 2.6919e-01
 3.7276e+03	 7.0000e+01	 2.2709e+00	 2.7226e-01
 2.6827e+03	 7.0000e+01	 2.3373e+00	 2.6867e-01
 1.9307e+03	 7.0000e+01	 2.4019e+00	 2.5830e-01
 1.3895e+03	 7.0000e+01	 2.4625e+00	 2.4170e-01
 1.0000e+03	 7.0000e+01	 2.5168e+00	 2.2028e-01
 7.1969e+02	 7.0000e+01	 2.5636e+00	 1.9589e-01
 5.1795e+02	 7.0000e+01	 2.6028e+00	 1.7035e-01
 3.7276e+02	 7.0000e+01	 2.6343e+00	 1.4561e-01
 2.6827e+02	 7.0000e+01	 2.6591e+00	 1.2298e-01
 1.9307e+02	 7.0000e+01	 2.6782e+00	 1.0345e-01
 1.3895e+02	 7.0000e+01	 2.6927e+00	 8.7440e-02
 1.0000e+02	 7.0000e+01	 2.7037e+00	 7.5191e-02
 7.1969e+01	 7.0000e+01	 2.7120e+00	 6.6947e-02
 5.1795e+01	 7.0000e+01	 2.7182e+00	 6.2876e-02
 3.7276e+01	 7.0000e+01	 2.7230e+00	 6.3319e-02
 2.6827e+01	 7.0000e+01	 2.7265e+00	 6.8882e-02
 1.9307e+01	 7.0000e+01	 2.7293e+00	 8.0676e-02
 1.3895e+01	 7.0000e+01	 2.7315e+00	 1.0034e-01
 1.0000e+01	 7.0000e+01	 2.7336e+00	 1.3001e-01
 7.1969e+00	 7.0000e+01	 2.7354e+00	 1.7365e-01
 5.1795e+00	 7.0000e+01	 2.7375e+00	 2.3535e-01
 3.7276e+00	 7.0000e+01	 2.7397e+00	 3.2235e-01
 2.6827e+00	 7.0000e+01	 2.7430e+00	 4.4348e-01
 1.9307e+00	 7.0000e+01	 2.7484e+00	 6.1334e-01
 1.3895e+00	 7.0000e+01	 2.7575e+00	 8.4694e-01
 1.0000e+00	 7.0000e+01	 2.7717e+00	 1.1686e+00
 7.1969e-01	 7.0000e+01	 2.7925e+00	 1.6161e+00
 5.1795e-01	 7.0000e+01	 2.8242e+00	 2.2291e+00
 3.7276e-01	 7.0000e+01	 2.8677e+00	 3.0703e+00
 2.6827e-01	 7.0000e+01	 2.9276e+00	 4.2239e+00
 1.9307e-01	 7.0000e+01	 3.0252e+00	 5.8268e+00
 1.3895e-01	 7.0000e+01	 3.1530e+00	 8.0296e+00
 1.0000e-01	 7.0000e+01	 3.3578e+00	 1.1055e+01
 7.1969e-02	 7.0000e+01	 3.6537e+00	 1.5218e+01
 5.1795e-02	 7.0000e+01	 4.0831e+00	 2.0886e+01
 3.7276e-02	 7.0000e+01	 4.6834e+00	 2.8591e+01
 2.6827e-02	 7.0000e+01	 5.5552e+00	 3.9190e+01
 1.0000e+07	 6.5000e+01	 1.7158e+00	-2.7498e-02
 7.1969e+06	 6.5000e+01	 1.7097e+00	 1.9621e-02
 5.1795e+06	 6.5000e+01	 1.7002e+00	 2.2642e-02
 3.7276e+06	 6.5000e+01	 1.7020e+00	 2.2479e-02
 2.6827e+06	 6.5000e+01	 1.7019e+00	 3.0186e-02
 1.9307e+06	 6.5000e+01	 1.7075e+00	 3.5745e-02
 1.3895e+06	 6.5000e+01	 1.7138e+00	 4.4032e-02
 1.0000e+06	 6.5000e+01	 1.7230e+00	 5.0087e-02
 7.1969e+05	 6.5000e+01	 1.7284e+00	 5.5996e-02
 5.1795e+05	 6.5000e+01	 1.7389e+00	 6.1585e-02
 3.7276e+05	 6.5000e+01	 1.7507e+00	 6.8050e-02
 2.6827e+05	 6.5000e+01	 1.7638e+00	 7.5486e-02
 1.9307e+05	 6.5000e+01	 1.7784e+00	 8.4065e-02
 1.3895e+05	 6.5000e+01	 1.7949e+00	 9.3983e-02
 1.0000e+05	 6.5000e+01	 1.8134e+00	 1.0528e-01
 7.1969e+04	 6.5000e+01	 1.8346e+00	 1.1807e-01
 5.1795e+04	 6.5000e+01	 1.8587e+00	 1.3227e-01
 3.7276e+04	 6.5000e+01	 1.8859e+00	 1.4798e-01
 2.6827e+04	 6.5000e+01	 1.9171e+00	 1.6488e-01
 1.9307e+04	 6.5000e+01	 1.9527e+00	 1.8279e-01
 1.3895e+04	 6.5000e+01	 1.9929e+00	 2.0122e-01
 1.0000e+04	 6.5000e+01	 2.0387e+00	 2.1961e-01
 7.1969e+03	 6.5000e+01	 2.0893e+00	 2.3709e-01
 5.1795e+03	 6.5000e+01	 2.1444e+00	 2.5248e-01
 3.7276e+03	 6.5000e+01	 2.2044e+00	 2.6467e-01
 2.6827e+03	 6.5000e+01	 2.2680e+00	 2.7239e-01
 1.9307e+03	 6.5000e+01	 2.3338e+00	 2.7461e-01
 1.3895e+03	 6.5000e+01	 2.3998e+00	 2.7067e-01
 1.0000e+03	 6.5000e+01	 2.4638e+00	 2.6054e-01
 7.1969e+02	 6.5000e+01	 2.5239e+00	 2.4482e-01
 5.1795e+02	 6.5000e+01	 2.5784e+00	 2.2471e-01
 3.7276e+02	 6.5000e+01	 2.6261e+00	 2.0175e-01
 2.6827e+02	 6.5000e+01	 2.6665e+00	 1.7767e-01
 1.9307e+02	 6.5000e+01	 2.6998e+00	 1.5406e-01
 1.3895e+02	 6.5000e+01	 2.7266e+00	 1.3219e-01
 1.0000e+02	 6.5000e+01	 2.7479e+00	 1.1299e-01
 7.1969e+01	 6.5000e+01	 2.7645e+00	 9.7016e-02
 5.1795e+01	 6.5000e+01	 2.7773e+00	 8.4716e-02
 3.7276e+01	 6.5000e+01	 2.7871e+00	 7.6387e-02
 2.6827e+01	 6.5000e+01	 2.7947e+00	 7.2365e-02
 1.9307e+01	 6.5000e+01	 2.8005e+00	 7.3102e-02
 1.3895e+01	 6.5000e+01	 2.8049e+00	 7.9782e-02
 1.0000e+01	 6.5000e+01	 2.8084e+00	 9.3137e-02
 7.1969e+00	 6.5000e+01	 2.8113e+00	 1.1548e-01
 5.1795e+00	 6.5000e+01	 2.8136e+00	 1.4868e-01
 3.7276e+00	 6.5000e+01	 2.8159e+00	 1.9782e-01
 2.6827e+00	 6.5000e+01	 2.8182e+00	 2.6748e-01
 1.9307e+00	 6.5000e+01	 2.8216e+00	 3.6584e-01
 1.3895e+00	 6.5000e+01	 2.8251e+00	 5.0261e-01
 1.0000e+00	 6.5000e+01	 2.8315e+00	 6.9200e-01
 7.1969e-01	 6.5000e+01	 2.8421e+00	 9.5387e-01
 5.1795e-01	 6.5000e+01	 2.8589e+00	 1.3144e+00
 3.7276e-01	 6.5000e+01	 2.8836e+00	 1.8082e+00
 2.6827e-01	 6.5000e+01	 2.9190e+00	 2.4845e+00
 1.9307e-01	 6.5000e+01	 2.9681e+00	 3.4068e+00
 1.3895e-01	 6.5000e+01	 3.0342e+00	 4.6651e+00
 1.0000e-01	 6.5000e+01	 3.1376e+00	 6.4065e+00
 7.1969e-02	 6.5000e+01	 3.2866e+00	 8.7923e+00
 5.1795e-02	 6.5000e+01	 3.4992e+00	 1.1986e+01
 3.7276e-02	 6.5000e+01	 3.8255e+00	 1.6404e+01
 2.6827e-02	 6.5000e+01	 4.2980e+00	 2.2471e+01
 1.0000e+07	 6.0000e+01	 1.7137e+00	-5.4208e-02
 7.1969e+06	 6.0000e+01	 1.7121e+00	 4.6731e-03
 5.1795e+06	 6.0000e+01	 1.7033e+00	 1.1983e-02
 3.7276e+06	 6.0000e+01	 1.7054e+00	 1.4202e-02
 2.6827e+06	 6.0000e+01	 1.7049e+00	 2.2526e-02
 1.9307e+06	 6.0000e+01	 1.7097e+00	 2.8138e-02
 1.3895e+06	 6.0000e+01	 1.7149e+00	 3.6165e-02
 1.0000e+06	 6.0000e+01	 1.7229e+00	 4.1533e-02
 7.1969e+05	 6.0000e+01	 1.7273e+00	 4.6845e-02
 5.1795e+05	 6.0000e+01	 1.7361e+00	 5.1138e-02
 3.7276e+05	 6.0000e+01	 1.7459e+00	 5.6096e-02
 2.6827e+05	 6.0000e+01	 1.7567e+00	 6.1781e-02
 1.9307e+05	 6.0000e+01	 1.7686e+00	 6.8348e-02
 1.3895e+05	 6.0000e+01	 1.7820e+00	 7.5985e-02
 1.0000e+05	 6.0000e+01	 1.7968e+00	 8.4752e-02
 7.1969e+04	 6.0000e+01	 1.8137e+00	 9.4769e-02
 5.1795e+04	 6.0000e+01	 1.8326e+00	 1.0606e-01
 3.7276e+04	 6.0000e+01	 1.8540e+00	 1.1875e-01
 2.6827e+04	 6.0000e+01	 1.8784e+00	 1.3274e-01
 1.9307e+04	 6.0000e+01	 1.9061e+00	 1.4798e-01
 1.3895e+04	 6.0000e+01	 1.9375e+00	 1.6434e-01
 1.0000e+04	 6.0000e+01	 1.9729e+00	 1.8148e-01
 7.1969e+03	 6.0000e+01	 2.0127e+00	 1.9911e-01
 5.1795e+03	 6.0000e+01	 2.0586e+00	 2.1672e-01
 3.7276e+03	 6.0000e+01	 2.1080e+00	 2.3321e-01
 2.6827e+03	 6.0000e+01	 2.1621e+00	 2.4782e-01
 1.9307e+03	 6.0000e+01	 2.2209e+00	 2.5947e-01
 1.3895e+03	 6.0000e+01	 2.2821e+00	 2.6700e-01
 1.0000e+03	 6.0000e+01	 2.3457e+00	 2.6974e-01
 7.1969e+02	 6.0000e+01	 2.4098e+00	 2.6717e-01
 5.1795e+02	 6.0000e+01	 2.4723e+00	 2.5921e-01
 3.7276e+02	 6.0000e+01	 2.5317e+00	 2.4628e-01
 2.6827e+02	 6.0000e+01	 2.5866e+00	 2.2921e-01
 1.9307e+02	 6.0000e+01	 2.6359e+00	 2.0924e-01
 1.3895e+02	 6.0000e+01	 2.6789e+00	 1.8769e-01
 1.0000e+02	 6.0000e+01	 2.7153e+00	 1.6603e-01
 7.1969e+01	 6.0000e+01	 2.7457e+00	 1.4527e-01
 5.1795e+01	 6.0000e+01	 2.7706e+00	 1.2647e-01
 3.7276e+01	 6.0000e+01	 2.7907e+00	 1.1030e-01
 2.6827e+01	 6.0000e+01	 2.8067e+00	 9.7442e-02
 1.9307e+01	 6.0000e+01	 2.8193e+00	 8.8305e-02
 1.3895e+01	 6.0000e+01	 2.8292e+00	 8.3542e-02
 1.0000e+01	 6.0000e+01	 2.8369e+00	 8.3575e-02
 7.1969e+00	 6.0000e+01	 2.8430e+00	 8.9635e-02
 5.1795e+00	 6.0000e+01	 2.8477e+00	 1.0283e-01
 3.7276e+00	 6.0000e+01	 2.8515e+00	 1.2548e-01
 2.6827e+00	 6.0000e+01	 2.8547e+00	 1.6022e-01
 1.9307e+00	 6.0000e+01	 2.8580e+00	 2.1084e-01
 1.3895e+00	 6.0000e+01	 2.8605e+00	 2.8369e-01
 1.0000e+00	 6.0000e+01	 2.8645e+00	 3.8589e-01
 7.1969e-01	 6.0000e+01	 2.8683e+00	 5.2835e-01
 5.1795e-01	 6.0000e+01	 2.8769e+00	 7.2709e-01
 3.7276e-01	 6.0000e+01	 2.8891e+00	 1.0008e+00
 2.6827e-01	 6.0000e+01	 2.9070e+00	 1.3760e+00
 1.9307e-01	 6.0000e+01	 2.9341e+00	 1.8843e+00
 1.3895e-01	 6.0000e+01	 2.9721e+00	 2.5876e+00
 1.0000e-01	 6.0000e+01	 3.0241e+00	 3.5348e+00
 7.1969e-02	 6.0000e+01	 3.0918e+00	 4.8501e+00
 5.1795e-02	 6.0000e+01	 3.1974e+00	 6.6539e+00
 3.7276e-02	 6.0000e+01	 3.3495e+00	 9.1187e+00
 2.6827e-02	 6.0000e+01	 3.5781e+00	 1.2502e+01
 1.0000e+07	 5.5000e+01	 1.6973e+00	-6.2675e-02
 7.1969e+06	 5.5000e+01	 1.7101e+00	 1.2580e-02
 5.1795e+06	 5.5000e+01	 1.7083e+00	 1.2867e-02
 3.7276e+06	 5.5000e+01	 1.7092e+00	 9.9031e-03
 2.6827e+06	 5.5000e+01	 1.7069e+00	 1.7331e-02
 1.9307e+06	 5.5000e+01	 1.7103e+00	 2.2358e-02
 1.3895e+06	 5.5000e+01	 1.7146e+00	 2.9601e-02
 1.0000e+06	 5.5000e+01	 1.7213e+00	 3.4324e-02
 7.1969e+05	 5.5000e+01	 1.7238e+00	 3.9238e-02
 5.1795e+05	 5.5000e+01	 1.7311e+00	 4.2546e-02
 3.7276e+05	 5.5000e+01	 1.7393e+00	 4.6308e-02
 2.6827e+05	 5.5000e+01	 1.7482e+00	 5.0605e-02
 1.9307e+05	 5.5000e+01	 1.7581e+00	 5.5582e-02
 1.3895e+05	 5.5000e+01	 1.7689e+00	 6.1323e-02
 1.0000e+05	 5.5000e+01	 1.7762e+00	 6.8453e-02
 7.1969e+04	 5.5000e+01	 1.7897e+00	 7.6251e-02
 5.1795e+04	 5.5000e+01	 1.8048e+00	 8.5084e-02
 3.7276e+04	 5.5000e+01	 1.8216e+00	 9.5135e-02
 2.6827e+04	 5.5000e+01	 1.8408e+00	 1.0637e-01
 1.9307e+04	 5.5000e+01	 1.8626e+00	 1.1886e-01
 1.3895e+04	 5.5000e+01	 1.8872e+00	 1.3254e-01
 1.0000e+04	 5.5000e+01	 1.9151e+00	 1.4726e-01
 7.1969e+03	 5.5000e+01	 1.9464e+00	 1.6286e-01
 5.1795e+03	 5.5000e+01	 1.9818e+00	 1.7916e-01
 3.7276e+03	 5.5000e+01	 2.0220e+00	 1.9567e-01
 2.6827e+03	 5.5000e+01	 2.0658e+00	 2.1177e-01
 1.9307e+03	 5.5000e+01	 2.1143e+00	 2.2690e-01
 1.3895e+03	 5.5000e+01	 2.1661e+00	 2.4016e-01
 1.0000e+03	 5.5000e+01	 2.2220e+00	 2.5092e-01
 7.1969e+02	 5.5000e+01	 2.2809e+00	 2.5835e-01
 5.1795e+02	 5.5000e+01	 2.3413e+00	 2.6177e-01
 3.7276e+02	 5.5000e+01	 2.4025e+00	 2.6083e-01
 2.6827e+02	 5.5000e+01	 2.4629e+00	 2.5543e-01
 1.9307e+02	 5.5000e+01	 2.5222e+00	 2.4497e-01
 1.3895e+02	 5.5000e+01	 2.5758e+00	 2.3240e-01
 1.0000e+02	 5.5000e+01	 2.6262e+00	 2.1613e-01
 7.1969e+01	 5.5000e+01	 2.6717e+00	 1.9794e-01
 5.1795e+01	 5.5000e+01	 2.7117e+00	 1.7893e-01
 3.7276e+01	 5.5000e+01	 2.7460e+00	 1.6010e-01
 2.6827e+01	 5.5000e+01	 2.7753e+00	 1.4233e-01
 1.9307e+01	 5.5000e+01	 2.7996e+00	 1.2643e-01
 1.3895e+01	 5.5000e+01	 2.8197e+00	 1.1321e-01
 1.0000e+01	 5.5000e+01	 2.8362e+00	 1.0328e-01
 7.1969e+00	 5.5000e+01	 2.8497e+00	 9.7522e-02
 5.1795e+00	 5.5000e+01	 2.8601e+00	 9.5514e-02
 3.7276e+00	 5.5000e+01	 2.8687e+00	 1.0097e-01
 2.6827e+00	 5.5000e+01	 2.8754e+00	 1.1308e-01
 1.9307e+00	 5.5000e+01	 2.8809e+00	 1.3448e-01
 1.3895e+00	 5.5000e+01	 2.8851e+00	 1.6871e-01
 1.0000e+00	 5.5000e+01	 2.8898e+00	 2.1867e-01
 7.1969e-01	 5.5000e+01	 2.8926e+00	 2.9161e-01
 5.1795e-01	 5.5000e+01	 2.8979e+00	 3.9336e-01
 3.7276e-01	 5.5000e+01	 2.9049e+00	 5.3691e-01
 2.6827e-01	 5.5000e+01	 2.9120e+00	 7.3410e-01
 1.9307e-01	 5.5000e+01	 2.9249e+00	 1.0050e+00
 1.3895e-01	 5.5000e+01	 2.9444e+00	 1.3761e+00
 1.0000e-01	 5.5000e+01	 2.9731e+00	 1.8823e+00
 7.1969e-02	 5.5000e+01	 3.0118e+00	 2.5802e+00
 5.1795e-02	 5.5000e+01	 3.0654e+00	 3.5415e+00
 3.7276e-02	 5.5000e+01	 3.1339e+00	 4.8685e+00
 2.6827e-02	 5.5000e+01	 3.2432e+00	 6.7269e+00
 1.0000e+07	 5.0000e+01	 1.7220e+00	-5.7717e-02
 7.1969e+06	 5.0000e+01	 1.7187e+00	-1.3430e-03
 5.1795e+06	 5.0000e+01	 1.7073e+00	 3.4091e-03
 3.7276e+06	 5.0000e+01	 1.7065e+00	 3.8296e-03
 2.6827e+06	 5.0000e+01	 1.7033e+00	 1.1399e-02
 1.9307e+06	 5.0000e+01	 1.7055e+00	 1.6499e-02
 1.3895e+06	 5.0000e+01	 1.7085e+00	 2.3777e-02
 1.0000e+06	 5.0000e+01	 1.7141e+00	 2.8232e-02
 7.1969e+05	 5.0000e+01	 1.7161e+00	 3.2392e-02
 5.1795e+05	 5.0000e+01	 1.7223e+00	 3.5169e-02
 3.7276e+05	 5.0000e+01	 1.7292e+00	 3.8249e-02
 2.6827e+05	 5.0000e+01	 1.7367e+00	 4.1655e-02
 1.9307e+05	 5.0000e+01	 1.7449e+00	 4.5495e-02
 1.3895e+05	 5.0000e+01	 1.7538e+00	 4.9956e-02
 1.0000e+05	 5.0000e+01	 1.7635e+00	 5.5064e-02
 7.1969e+04	 5.0000e+01	 1.7744e+00	 6.0938e-02
 5.1795e+04	 5.0000e+01	 1.7864e+00	 6.7658e-02
 3.7276e+04	 5.0000e+01	 1.7997e+00	 7.5334e-02
 2.6827e+04	 5.0000e+01	 1.8148e+00	 8.3980e-02
 1.9307e+04	 5.0000e+01	 1.8318e+00	 9.3682e-02
 1.3895e+04	 5.0000e+01	 1.8508e+00	 1.0444e-01
 1.0000e+04	 5.0000e+01	 1.8722e+00	 1.1628e-01
 7.1969e+03	 5.0000e+01	 1.8966e+00	 1.2913e-01
 5.1795e+03	 5.0000e+01	 1.9239e+00	 1.4287e-01
 3.7276e+03	 5.0000e+01	 1.9543e+00	 1.5736e-01
 2.6827e+03	 5.0000e+01	 1.9885e+00	 1.7229e-01
 1.9307e+03	 5.0000e+01	 2.0270e+00	 1.8739e-01
 1.3895e+03	 5.0000e+01	 2.0683e+00	 2.0200e-01
 1.0000e+03	 5.0000e+01	 2.1140e+00	 2.1581e-01
 7.1969e+02	 5.0000e+01	 2.1633e+00	 2.2812e-01
 5.1795e+02	 5.0000e+01	 2.2156e+00	 2.3826e-01
 3.7276e+02	 5.0000e+01	 2.2705e+00	 2.4572e-01
 2.6827e+02	 5.0000e+01	 2.3274e+00	 2.5007e-01
 1.9307e+02	 5.0000e+01	 2.3850e+00	 2.5093e-01
 1.3895e+02	 5.0000e+01	 2.4424e+00	 2.4820e-01
 1.0000e+02	 5.0000e+01	 2.4987e+00	 2.4201e-01
 7.1969e+01	 5.0000e+01	 2.5526e+00	 2.3264e-01
 5.1795e+01	 5.0000e+01	 2.6036e+00	 2.2057e-01
 3.7276e+01	 5.0000e+01	 2.6507e+00	 2.0647e-01
 2.6827e+01	 5.0000e+01	 2.6938e+00	 1.9097e-01
 1.9307e+01	 5.0000e+01	 2.7321e+00	 1.7509e-01
 1.3895e+01	 5.0000e+01	 2.7661e+00	 1.5931e-01
 1.0000e+01	 5.0000e+01	 2.7952e+00	 1.4474e-01
 7.1969e+00	 5.0000e+01	 2.8205e+00	 1.3169e-01
 5.1795e+00	 5.0000e+01	 2.8417e+00	 1.2164e-01
 3.7276e+00	 5.0000e+01	 2.8594e+00	 1.1455e-01
 2.6827e+00	 5.0000e+01	 2.8739e+00	 1.1174e-01
 1.9307e+00	 5.0000e+01	 2.8859e+00	 1.1535e-01
 1.3895e+00	 5.0000e+01	 2.8958e+00	 1.2536e-01
 1.0000e+00	 5.0000e+01	 2.9039e+00	 1.4532e-01
 7.1969e-01	 5.0000e+01	 2.9106e+00	 1.7707e-01
 5.1795e-01	 5.0000e+01	 2.9165e+00	 2.2582e-01
 3.7276e-01	 5.0000e+01	 2.9217e+00	 2.9561e-01
 2.6827e-01	 5.0000e+01	 2.9275e+00	 3.9481e-01
 1.9307e-01	 5.0000e+01	 2.9338e+00	 5.3479e-01
 1.3895e-01	 5.0000e+01	 2.9432e+00	 7.3073e-01
 1.0000e-01	 5.0000e+01	 2.9579e+00	 9.9674e-01
 7.1969e-02	 5.0000e+01	 2.9771e+00	 1.3652e+00
 5.1795e-02	 5.0000e+01	 3.0061e+00	 1.8689e+00
 3.7276e-02	 5.0000e+01	 3.0486e+00	 2.5510e+00
 2.6827e-02	 5.0000e+01	 3.0995e+00	 3.5092e+00
 1.0000e+07	 4.5000e+01	 1.7241e+00	-6.3701e-02
 7.1969e+06	 4.5000e+01	 1.7208e+00	-6.4623e-03
 5.1795e+06	 4.5000e+01	 1.7089e+00	-7.4648e-04
 3.7276e+06	 4.5000e+01	 1.7079e+00	-7.9319e-05
 2.6827e+06	 4.5000e+01	 1.7041e+00	 7.4280e-03
 1.9307e+06	 4.5000e+01	 1.7057e+00	 1.2320e-02
 1.3895e+06	 4.5000e+01	 1.7079e+00	 1.9383e-02
 1.0000e+06	 4.5000e+01	 1.7127e+00	 2.3454e-02
 7.1969e+05	 4.5000e+01	 1.7138e+00	 2.7177e-02
 5.1795e+05	 4.5000e+01	 1.7190e+00	 2.9360e-02
 3.7276e+05	 4.5000e+01	 1.7248e+00	 3.1759e-02
 2.6827e+05	 4.5000e+01	 1.7310e+00	 3.4344e-02
 1.9307e+05	 4.5000e+01	 1.7378e+00	 3.7218e-02
 1.3895e+05	 4.5000e+01	 1.7452e+00	 4.0543e-02
 1.0000e+05	 4.5000e+01	 1.7531e+00	 4.4363e-02
 7.1969e+04	 4.5000e+01	 1.7619e+00	 4.8719e-02
 5.1795e+04	 4.5000e+01	 1.7715e+00	 5.3740e-02
 3.7276e+04	 4.5000e+01	 1.7820e+00	 5.9481e-02
 2.6827e+04	 4.5000e+01	 1.7939e+00	 6.6010e-02
 1.9307e+04	 4.5000e+01	 1.8071e+00	 7.3371e-02
 1.3895e+04	 4.5000e+01	 1.8219e+00	 8.1604e-02
 1.0000e+04	 4.5000e+01	 1.8385e+00	 9.0755e-02
 7.1969e+03	 4.5000e+01	 1.8572e+00	 1.0082e-01
 5.1795e+03	 4.5000e+01	 1.8781e+00	 1.1178e-01
 3.7276e+03	 4.5000e+01	 1.9014e+00	 1.2359e-01
 2.6827e+03	 4.5000e+01	 1.9277e+00	 1.3613e-01
 1.9307e+03	 4.5000e+01	 1.9570e+00	 1.4920e-01
 1.3895e+03	 4.5000e+01	 1.9895e+00	 1.6261e-01
 1.0000e+03	 4.5000e+01	 2.0257e+00	 1.7609e-01
 7.1969e+02	 4.5000e+01	 2.0648e+00	 1.8918e-01
 5.1795e+02	 4.5000e+01	 2.1071e+00	 2.0151e-01
 3.7276e+02	 4.5000e+01	 2.1526e+00	 2.1268e-01
 2.6827e+02	 4.5000e+01	 2.2009e+00	 2.2217e-01
 1.9307e+02	 4.5000e+01	 2.2514e+00	 2.2963e-01
 1.3895e+02	 4.5000e+01	 2.3035e+00	 2.3468e-01
 1.0000e+02	 4.5000e+01	 2.3569e+00	 2.3720e-01
 7.1969e+01	 4.5000e+01	 2.4105e+00	 2.3699e-01
 5.1795e+01	 4.5000e+01	 2.4636e+00	 2.3413e-01
 3.7276e+01	 4.5000e+01	 2.5155e+00	 2.2879e-01
 2.6827e+01	 4.5000e+01	 2.5656e+00	 2.2122e-01
 1.9307e+01	 4.5000e+01	 2.6133e+00	 2.1178e-01
 1.3895e+01	 4.5000e+01	 2.6583e+00	 2.0090e-01
 1.0000e+01	 4.5000e+01	 2.7000e+00	 1.8922e-01
 7.1969e+00	 4.5000e+01	 2.7383e+00	 1.7670e-01
 5.1795e+00	 4.5000e+01	 2.7727e+00	 1.6457e-01
 3.7276e+00	 4.5000e+01	 2.8037e+00	 1.5318e-01
 2.6827e+00	 4.5000e+01	 2.8309e+00	 1.4344e-01
 1.9307e+00	 4.5000e+01	 2.8545e+00	 1.3575e-01
 1.3895e+00	 4.5000e+01	 2.8746e+00	 1.3227e-01
 1.0000e+00	 4.5000e+01	 2.8923e+00	 1.3360e-01
 7.1969e-01	 4.5000e+01	 2.9061e+00	 1.4079e-01
 5.1795e-01	 4.5000e+01	 2.9190e+00	 1.5727e-01
 3.7276e-01	 4.5000e+01	 2.9297e+00	 1.8583e-01
 2.6827e-01	 4.5000e+01	 2.9376e+00	 2.2840e-01
 1.9307e-01	 4.5000e+01	 2.9456e+00	 2.9226e-01
 1.3895e-01	 4.5000e+01	 2.9530e+00	 3.8378e-01
 1.0000e-01	 4.5000e+01	 2.9627e+00	 5.1274e-01
 7.1969e-02	 4.5000e+01	 2.9731e+00	 6.9566e-01
 5.1795e-02	 4.5000e+01	 2.9869e+00	 9.4467e-01
 3.7276e-02	 4.5000e+01	 3.0069e+00	 1.2927e+00
 2.6827e-02	 4.5000e+01	 3.0325e+00	 1.7726e+00
 1.0000e+07	 4.0000e+01	 1.7286e+00	-6.5293e-02
 7.1969e+06	 4.0000e+01	 1.7240e+00	-8.8896e-03
 5.1795e+06	 4.0000e+01	 1.7116e+00	-3.3404e-03
 3.7276e+06	 4.0000e+01	 1.7100e+00	-2.8720e-03
 2.6827e+06	 4.0000e+01	 1.7056e+00	 4.4275e-03
 1.9307e+06	 4.0000e+01	 1.7066e+00	 9.0212e-03
 1.3895e+06	 4.0000e+01	 1.7081e+00	 1.5832e-02
 1.0000e+06	 4.0000e+01	 1.7123e+00	 1.9527e-02
 7.1969e+05	 4.0000e+01	 1.7126e+00	 2.2849e-02
 5.1795e+05	 4.0000e+01	 1.7169e+00	 2.4600e-02
 3.7276e+05	 4.0000e+01	 1.7218e+00	 2.6456e-02
 2.6827e+05	 4.0000e+01	 1.7270e+00	 2.8421e-02
 1.9307e+05	 4.0000e+01	 1.7326e+00	 3.0621e-02
 1.3895e+05	 4.0000e+01	 1.7387e+00	 3.3087e-02
 1.0000e+05	 4.0000e+01	 1.7452e+00	 3.5901e-02
 7.1969e+04	 4.0000e+01	 1.7524e+00	 3.9134e-02
 5.1795e+04	 4.0000e+01	 1.7602e+00	 4.2836e-02
 3.7276e+04	 4.0000e+01	 1.7686e+00	 4.7126e-02
 2.6827e+04	 4.0000e+01	 1.7779e+00	 5.1974e-02
 1.9307e+04	 4.0000e+01	 1.7883e+00	 5.7459e-02
 1.3895e+04	 4.0000e+01	 1.7999e+00	 6.3627e-02
 1.0000e+04	 4.0000e+01	 1.8126e+00	 7.0537e-02
 7.1969e+03	 4.0000e+01	 1.8271e+00	 7.8222e-02
 5.1795e+03	 4.0000e+01	 1.8431e+00	 8.6609e-02
 3.7276e+03	 4.0000e+01	 1.8609e+00	 9.5811e-02
 2.6827e+03	 4.0000e+01	 1.8809e+00	 1.0569e-01
 1.9307e+03	 4.0000e+01	 1.9032e+00	 1.1624e-01
 1.3895e+03	 4.0000e+01	 1.9281e+00	 1.2736e-01
 1.0000e+03	 4.0000e+01	 1.9555e+00	 1.3891e-01
 7.1969e+02	 4.0000e+01	 1.9856e+00	 1.5062e-01
 5.1795e+02	 4.0000e+01	 2.0185e+00	 1.6229e-01
 3.7276e+02	 4.0000e+01	 2.0550e+00	 1.7380e-01
 2.6827e+02	 4.0000e+01	 2.0936e+00	 1.8459e-01
 1.9307e+02	 4.0000e+01	 2.1350e+00	 1.9446e-01
 1.3895e+02	 4.0000e+01	 2.1785e+00	 2.0307e-01
 1.0000e+02	 4.0000e+01	 2.2243e+00	 2.1017e-01
 7.1969e+01	 4.0000e+01	 2.2714e+00	 2.1554e-01
 5.1795e+01	 4.0000e+01	 2.3194e+00	 2.1904e-01
 3.7276e+01	 4.0000e+01	 2.3682e+00	 2.2066e-01
 2.6827e+01	 4.0000e+01	 2.4170e+00	 2.2049e-01
 1.9307e+01	 4.0000e+01	 2.4652e+00	 2.1851e-01
 1.3895e+01	 4.0000e+01	 2.5129e+00	 2.1498e-01
 1.0000e+01	 4.0000e+01	 2.5592e+00	 2.1022e-01
 7.1969e+00	 4.0000e+01	 2.6044e+00	 2.0397e-01
 5.1795e+00	 4.0000e+01	 2.6471e+00	 1.9696e-01
 3.7276e+00	 4.0000e+01	 2.6880e+00	 1.8906e-01
 2.6827e+00	 4.0000e+01	 2.7269e+00	 1.8092e-01
 1.9307e+00	 4.0000e+01	 2.7627e+00	 1.7291e-01
 1.3895e+00	 4.0000e+01	 2.7957e+00	 1.6579e-01
 1.0000e+00	 4.0000e+01	 2.8260e+00	 1.5991e-01
 7.1969e-01	 4.0000e+01	 2.8531e+00	 1.5618e-01
 5.1795e-01	 4.0000e+01	 2.8771e+00	 1.5638e-01
 3.7276e-01	 4.0000e+01	 2.8983e+00	 1.6137e-01
 2.6827e-01	 4.0000e+01	 2.9167e+00	 1.7387e-01
 1.9307e-01	 4.0000e+01	 2.9334e+00	 1.9602e-01
 1.3895e-01	 4.0000e+01	 2.9454e+00	 2.3219e-01
 1.0000e-01	 4.0000e+01	 2.9570e+00	 2.8758e-01
 7.1969e-02	 4.0000e+01	 2.9696e+00	 3.6610e-01
 5.1795e-02	 4.0000e+01	 2.9804e+00	 4.7811e-01
 3.7276e-02	 4.0000e+01	 2.9924e+00	 6.3935e-01
 2.6827e-02	 4.0000e+01	 3.0074e+00	 8.7118e-01
 1.0000e+07	 3.5000e+01	 1.7325e+00	-6.9231e-02
 7.1969e+06	 3.5000e+01	 1.7271e+00	-1.2018e-02
 5.1795e+06	 3.5000e+01	 1.7143e+00	-6.2041e-03
 3.7276e+06	 3.5000e+01	 1.7124e+00	-5.3651e-03
 2.6827e+06	 3.5000e+01	 1.7075e+00	 1.7850e-03
 1.9307e+06	 3.5000e+01	 1.7081e+00	 6.2003e-03
 1.3895e+06	 3.5000e+01	 1.7091e+00	 1.2680e-02
 1.0000e+06	 3.5000e+01	 1.7127e+00	 1.6182e-02
 7.1969e+05	 3.5000e+01	 1.7119e+00	 1.9260e-02
 5.1795e+05	 3.5000e+01	 1.7156e+00	 2.0675e-02
 3.7276e+05	 3.5000e+01	 1.7197e+00	 2.2117e-02
 2.6827e+05	 3.5000e+01	 1.7241e+00	 2.3615e-02
 1.9307e+05	 3.5000e+01	 1.7289e+00	 2.5232e-02
 1.3895e+05	 3.5000e+01	 1.7339e+00	 2.7081e-02
 1.0000e+05	 3.5000e+01	 1.7392e+00	 2.9194e-02
 7.1969e+04	 3.5000e+01	 1.7451e+00	 3.1546e-02
 5.1795e+04	 3.5000e+01	 1.7514e+00	 3.4282e-02
 3.7276e+04	 3.5000e+01	 1.7581e+00	 3.7411e-02
 2.6827e+04	 3.5000e+01	 1.7656e+00	 4.0980e-02
 1.9307e+04	 3.5000e+01	 1.7738e+00	 4.5035e-02
 1.3895e+04	 3.5000e+01	 1.7829e+00	 4.9635e-02
 1.0000e+04	 3.5000e+01	 1.7928e+00	 5.4786e-02
 7.1969e+03	 3.5000e+01	 1.8039e+00	 6.0491e-02
 5.1795e+03	 3.5000e+01	 1.8163e+00	 6.6841e-02
 3.7276e+03	 3.5000e+01	 1.8299e+00	 7.3833e-02
 2.6827e+03	 3.5000e+01	 1.8453e+00	 8.1430e-02
 1.9307e+03	 3.5000e+01	 1.8622e+00	 8.9592e-02
 1.3895e+03	 3.5000e+01	 1.8811e+00	 9.8357e-02
 1.0000e+03	 3.5000e+01	 1.9020e+00	 1.0761e-01
 7.1969e+02	 3.5000e+01	 1.9250e+00	 1.1723e-01
 5.1795e+02	 3.5000e+01	 1.9502e+00	 1.2718e-01
 3.7276e+02	 3.5000e+01	 1.9778e+00	 1.3718e-01
 2.6827e+02	 3.5000e+01	 2.0078e+00	 1.4713e-01
 1.9307e+02	 3.5000e+01	 2.0410e+00	 1.5684e-01
 1.3895e+02	 3.5000e+01	 2.0757e+00	 1.6601e-01
 1.0000e+02	 3.5000e+01	 2.1124e+00	 1.7436e-01
 7.1969e+01	 3.5000e+01	 2.1513e+00	 1.8181e-01
 5.1795e+01	 3.5000e+01	 2.1917e+00	 1.8818e-01
 3.7276e+01	 3.5000e+01	 2.2335e+00	 1.9326e-01
 2.6827e+01	 3.5000e+01	 2.2762e+00	 1.9709e-01
 1.9307e+01	 3.5000e+01	 2.3195e+00	 1.9969e-01
 1.3895e+01	 3.5000e+01	 2.3632e+00	 2.0100e-01
 1.0000e+01	 3.5000e+01	 2.4068e+00	 2.0139e-01
 7.1969e+00	 3.5000e+01	 2.4503e+00	 2.0055e-01
 5.1795e+00	 3.5000e+01	 2.4930e+00	 1.9905e-01
 3.7276e+00	 3.5000e+01	 2.5351e+00	 1.9696e-01
 2.6827e+00	 3.5000e+01	 2.5765e+00	 1.9400e-01
 1.9307e+00	 3.5000e+01	 2.6172e+00	 1.9089e-01
 1.3895e+00	 3.5000e+01	 2.6563e+00	 1.8781e-01
 1.0000e+00	 3.5000e+01	 2.6956e+00	 1.8384e-01
 7.1969e-01	 3.5000e+01	 2.7298e+00	 1.8179e-01
 5.1795e-01	 3.5000e+01	 2.7662e+00	 1.7901e-01
 3.7276e-01	 3.5000e+01	 2.8003e+00	 1.7852e-01
 2.6827e-01	 3.5000e+01	 2.8301e+00	 1.7995e-01
 1.9307e-01	 3.5000e+01	 2.8585e+00	 1.8492e-01
 1.3895e-01	 3.5000e+01	 2.8847e+00	 1.9508e-01
 1.0000e-01	 3.5000e+01	 2.9096e+00	 2.1253e-01
 7.1969e-02	 3.5000e+01	 2.9312e+00	 2.4471e-01
 5.1795e-02	 3.5000e+01	 2.9506e+00	 2.8700e-01
 3.7276e-02	 3.5000e+01	 2.9642e+00	 3.5624e-01
 2.6827e-02	 3.5000e+01	 2.9800e+00	 4.5253e-01
 1.0000e+07	 3.0000e+01	 1.7365e+00	-7.1034e-02
 7.1969e+06	 3.0000e+01	 1.7311e+00	-1.3766e-02
 5.1795e+06	 3.0000e+01	 1.7179e+00	-8.0734e-03
 3.7276e+06	 3.0000e+01	 1.7155e+00	-7.3560e-03
 2.6827e+06	 3.0000e+01	 1.7103e+00	-3.4903e-04
 1.9307e+06	 3.0000e+01	 1.7103e+00	 3.8683e-03
 1.3895e+06	 3.0000e+01	 1.7109e+00	 1.0193e-02
 1.0000e+06	 3.0000e+01	 1.7139e+00	 1.3463e-02
 7.1969e+05	 3.0000e+01	 1.7126e+00	 1.6267e-02
 5.1795e+05	 3.0000e+01	 1.7156e+00	 1.7439e-02
 3.7276e+05	 3.0000e+01	 1.7192e+00	 1.8609e-02
 2.6827e+05	 3.0000e+01	 1.7228e+00	 1.9759e-02
 1.9307e+05	 3.0000e+01	 1.7268e+00	 2.0965e-02
 1.3895e+05	 3.0000e+01	 1.7311e+00	 2.2368e-02
 1.0000e+05	 3.0000e+01	 1.7355e+00	 2.3901e-02
 7.1969e+04	 3.0000e+01	 1.7403e+00	 2.5638e-02
 5.1795e+04	 3.0000e+01	 1.7455e+00	 2.7621e-02
 3.7276e+04	 3.0000e+01	 1.7509e+00	 2.9927e-02
 2.6827e+04	 3.0000e+01	 1.7569e+00	 3.2532e-02
 1.9307e+04	 3.0000e+01	 1.7634e+00	 3.5513e-02
 1.3895e+04	 3.0000e+01	 1.7706e+00	 3.8881e-02
 1.0000e+04	 3.0000e+01	 1.7783e+00	 4.2694e-02
 7.1969e+03	 3.0000e+01	 1.7870e+00	 4.6931e-02
 5.1795e+03	 3.0000e+01	 1.7966e+00	 5.1627e-02
 3.7276e+03	 3.0000e+01	 1.8070e+00	 5.6857e-02
 2.6827e+03	 3.0000e+01	 1.8187e+00	 6.2545e-02
 1.9307e+03	 3.0000e+01	 1.8317e+00	 6.8728e-02
 1.3895e+03	 3.0000e+01	 1.8461e+00	 7.5445e-02
 1.0000e+03	 3.0000e+01	 1.8619e+00	 8.2573e-02
 7.1969e+02	 3.0000e+01	 1.8794e+00	 9.0108e-02
 5.1795e+02	 3.0000e+01	 1.8986e+00	 9.8007e-02
 3.7276e+02	 3.0000e+01	 1.9196e+00	 1.0618e-01
 2.6827e+02	 3.0000e+01	 1.9426e+00	 1.1456e-01
 1.9307e+02	 3.0000e+01	 1.9675e+00	 1.2289e-01
 1.3895e+02	 3.0000e+01	 1.9944e+00	 1.3112e-01
 1.0000e+02	 3.0000e+01	 2.0239e+00	 1.3905e-01
 7.1969e+01	 3.0000e+01	 2.0546e+00	 1.4650e-01
 5.1795e+01	 3.0000e+01	 2.0869e+00	 1.5333e-01
 3.7276e+01	 3.0000e+01	 2.1206e+00	 1.5937e-01
 2.6827e+01	 3.0000e+01	 2.1558e+00	 1.6458e-01
 1.9307e+01	 3.0000e+01	 2.1919e+00	 1.6891e-01
 1.3895e+01	 3.0000e+01	 2.2290e+00	 1.7240e-01
 1.0000e+01	 3.0000e+01	 2.2663e+00	 1.7498e-01
 7.1969e+00	 3.0000e+01	 2.3041e+00	 1.7671e-01
 5.1795e+00	 3.0000e+01	 2.3419e+00	 1.7792e-01
 3.7276e+00	 3.0000e+01	 2.3795e+00	 1.7863e-01
 2.6827e+00	 3.0000e+01	 2.4168e+00	 1.7911e-01
 1.9307e+00	 3.0000e+01	 2.4550e+00	 1.7913e-01
 1.3895e+00	 3.0000e+01	 2.4918e+00	 1.7960e-01
 1.0000e+00	 3.0000e+01	 2.5290e+00	 1.7968e-01
 7.1969e-01	 3.0000e+01	 2.5653e+00	 1.8025e-01
 5.1795e-01	 3.0000e+01	 2.6013e+00	 1.8090e-01
 3.7276e-01	 3.0000e+01	 2.6377e+00	 1.8204e-01
 2.6827e-01	 3.0000e+01	 2.6739e+00	 1.8435e-01
 1.9307e-01	 3.0000e+01	 2.7093e+00	 1.8814e-01
 1.3895e-01	 3.0000e+01	 2.7423e+00	 1.9145e-01
 1.0000e-01	 3.0000e+01	 2.7735e+00	 1.9873e-01
 7.1969e-02	 3.0000e+01	 2.8084e+00	 2.1032e-01
 5.1795e-02	 3.0000e+01	 2.8395e+00	 2.2774e-01
 3.7276e-02	 3.0000e+01	 2.8728e+00	 2.5076e-01
 2.6827e-02	 3.0000e+01	 2.9005e+00	 2.9156e-01
 1.0000e+07	 2.5000e+01	 1.7410e+00	-7.2936e-02
 7.1969e+06	 2.5000e+01	 1.7354e+00	-1.5360e-02
 5.1795e+06	 2.5000e+01	 1.7218e+00	-9.7275e-03
 3.7276e+06	 2.5000e+01	 1.7191e+00	-9.1215e-03
 2.6827e+06	 2.5000e+01	 1.7134e+00	-2.2404e-03
 1.9307e+06	 2.5000e+01	 1.7131e+00	 1.8658e-03
 1.3895e+06	 2.5000e+01	 1.7133e+00	 8.0736e-03
 1.0000e+06	 2.5000e+01	 1.7159e+00	 1.1198e-02
 7.1969e+05	 2.5000e+01	 1.7141e+00	 1.3835e-02
 5.1795e+05	 2.5000e+01	 1.7167e+00	 1.4811e-02
 3.7276e+05	 2.5000e+01	 1.7196e+00	 1.5766e-02
 2.6827e+05	 2.5000e+01	 1.7228e+00	 1.6669e-02
 1.9307e+05	 2.5000e+01	 1.7261e+00	 1.7598e-02
 1.3895e+05	 2.5000e+01	 1.7297e+00	 1.8640e-02
 1.0000e+05	 2.5000e+01	 1.7335e+00	 1.9763e-02
 7.1969e+04	 2.5000e+01	 1.7375e+00	 2.1028e-02
 5.1795e+04	 2.5000e+01	 1.7418e+00	 2.2479e-02
 3.7276e+04	 2.5000e+01	 1.7462e+00	 2.4186e-02
 2.6827e+04	 2.5000e+01	 1.7510e+00	 2.6107e-02
 1.9307e+04	 2.5000e+01	 1.7563e+00	 2.8268e-02
 1.3895e+04	 2.5000e+01	 1.7620e+00	 3.0743e-02
 1.0000e+04	 2.5000e+01	 1.7681e+00	 3.3517e-02
 7.1969e+03	 2.5000e+01	 1.7750e+00	 3.6678e-02
 5.1795e+03	 2.5000e+01	 1.7824e+00	 4.0162e-02
 3.7276e+03	 2.5000e+01	 1.7905e+00	 4.4022e-02
 2.6827e+03	 2.5000e+01	 1.7995e+00	 4.8290e-02
 1.9307e+03	 2.5000e+01	 1.8095e+00	 5.2922e-02
 1.3895e+03	 2.5000e+01	 1.8205e+00	 5.7973e-02
 1.0000e+03	 2.5000e+01	 1.8326e+00	 6.3371e-02
 7.1969e+02	 2.5000e+01	 1.8459e+00	 6.9159e-02
 5.1795e+02	 2.5000e+01	 1.8605e+00	 7.5296e-02
 3.7276e+02	 2.5000e+01	 1.8765e+00	 8.1722e-02
 2.6827e+02	 2.5000e+01	 1.8940e+00	 8.8375e-02
 1.9307e+02	 2.5000e+01	 1.9131e+00	 9.5169e-02
 1.3895e+02	 2.5000e+01	 1.9337e+00	 1.0201e-01
 1.0000e+02	 2.5000e+01	 1.9559e+00	 1.0880e-01
 7.1969e+01	 2.5000e+01	 1.9797e+00	 1.1536e-01
 5.1795e+01	 2.5000e+01	 2.0051e+00	 1.2173e-01
 3.7276e+01	 2.5000e+01	 2.0324e+00	 1.2762e-01
 2.6827e+01	 2.5000e+01	 2.0606e+00	 1.3293e-01
 1.9307e+01	 2.5000e+01	 2.0897e+00	 1.3765e-01
 1.3895e+01	 2.5000e+01	 2.1199e+00	 1.4162e-01
 1.0000e+01	 2.5000e+01	 2.1509e+00	 1.4483e-01
 7.1969e+00	 2.5000e+01	 2.1824e+00	 1.4749e-01
 5.1795e+00	 2.5000e+01	 2.2143e+00	 1.4954e-01
 3.7276e+00	 2.5000e+01	 2.2458e+00	 1.5098e-01
 2.6827e+00	 2.5000e+01	 2.2774e+00	 1.5223e-01
 1.9307e+00	 2.5000e+01	 2.3101e+00	 1.5251e-01
 1.3895e+00	 2.5000e+01	 2.3414e+00	 1.5353e-01
 1.0000e+00	 2.5000e+01	 2.3741e+00	 1.5381e-01
 7.1969e-01	 2.5000e+01	 2.4043e+00	 1.5514e-01
 5.1795e-01	 2.5000e+01	 2.4365e+00	 1.5666e-01
 3.7276e-01	 2.5000e+01	 2.4679e+00	 1.6006e-01
 2.6827e-01	 2.5000e+01	 2.4980e+00	 1.6197e-01
 1.9307e-01	 2.5000e+01	 2.5298e+00	 1.6528e-01
 1.3895e-01	 2.5000e+01	 2.5606e+00	 1.7012e-01
 1.0000e-01	 2.5000e+01	 2.5934e+00	 1.7551e-01
 7.1969e-02	 2.5000e+01	 2.6246e+00	 1.8623e-01
 5.1795e-02	 2.5000e+01	 2.6546e+00	 1.9445e-01
 3.7276e-02	 2.5000e+01	 2.6859e+00	 2.1027e-01
 2.6827e-02	 2.5000e+01	 2.7200e+00	 2.2750e-01
 1.0000e+07	 2.0000e+01	 1.7452e+00	-7.4482e-02
 7.1969e+06	 2.0000e+01	 1.7399e+00	-1.6599e-02
 5.1795e+06	 2.0000e+01	 1.7260e+00	-1.1044e-02
 3.7276e+06	 2.0000e+01	 1.7229e+00	-1.0563e-02
 2.6827e+06	 2.0000e+01	 1.7170e+00	-3.7638e-03
 1.9307e+06	 2.0000e+01	 1.7163e+00	 2.4654e-04
 1.3895e+06	 2.0000e+01	 1.7162e+00	 6.3569e-03
 1.0000e+06	 2.0000e+01	 1.7184e+00	 9.3462e-03
 7.1969e+05	 2.0000e+01	 1.7162e+00	 1.1879e-02
 5.1795e+05	 2.0000e+01	 1.7184e+00	 1.2736e-02
 3.7276e+05	 2.0000e+01	 1.7210e+00	 1.3521e-02
 2.6827e+05	 2.0000e+01	 1.7236e+00	 1.4255e-02
 1.9307e+05	 2.0000e+01	 1.7266e+00	 1.4941e-02
 1.3895e+05	 2.0000e+01	 1.7296e+00	 1.5745e-02
 1.0000e+05	 2.0000e+01	 1.7328e+00	 1.6609e-02
 7.1969e+04	 2.0000e+01	 1.7362e+00	 1.7545e-02
 5.1795e+04	 2.0000e+01	 1.7398e+00	 1.8600e-02
 3.7276e+04	 2.0000e+01	 1.7434e+00	 1.9840e-02
 2.6827e+04	 2.0000e+01	 1.7475e+00	 2.1242e-02
 1.9307e+04	 2.0000e+01	 1.7517e+00	 2.2837e-02
 1.3895e+04	 2.0000e+01	 1.7563e+00	 2.4672e-02
 1.0000e+04	 2.0000e+01	 1.7612e+00	 2.6721e-02
 7.1969e+03	 2.0000e+01	 1.7667e+00	 2.9036e-02
 5.1795e+03	 2.0000e+01	 1.7726e+00	 3.1649e-02
 3.7276e+03	 2.0000e+01	 1.7789e+00	 3.4524e-02
 2.6827e+03	 2.0000e+01	 1.7860e+00	 3.7715e-02
 1.9307e+03	 2.0000e+01	 1.7938e+00	 4.1222e-02
 1.3895e+03	 2.0000e+01	 1.8024e+00	 4.5022e-02
 1.0000e+03	 2.0000e+01	 1.8117e+00	 4.9129e-02
 7.1969e+02	 2.0000e+01	 1.8220e+00	 5.3567e-02
 5.1795e+02	 2.0000e+01	 1.8332e+00	 5.8289e-02
 3.7276e+02	 2.0000e+01	 1.8455e+00	 6.3287e-02
 2.6827e+02	 2.0000e+01	 1.8589e+00	 6.8511e-02
 1.9307e+02	 2.0000e+01	 1.8736e+00	 7.3915e-02
 1.3895e+02	 2.0000e+01	 1.8895e+00	 7.9450e-02
 1.0000e+02	 2.0000e+01	 1.9066e+00	 8.5095e-02
 7.1969e+01	 2.0000e+01	 1.9251e+00	 9.0657e-02
 5.1795e+01	 2.0000e+01	 1.9448e+00	 9.6138e-02
 3.7276e+01	 2.0000e+01	 1.9658e+00	 1.0141e-01
 2.6827e+01	 2.0000e+01	 1.9880e+00	 1.0637e-01
 1.9307e+01	 2.0000e+01	 2.0113e+00	 1.1079e-01
 1.3895e+01	 2.0000e+01	 2.0364e+00	 1.1509e-01
 1.0000e+01	 2.0000e+01	 2.0617e+00	 1.1851e-01
 7.1969e+00	 2.0000e+01	 2.0876e+00	 1.2146e-01
 5.1795e+00	 2.0000e+01	 2.1137e+00	 1.2375e-01
 3.7276e+00	 2.0000e+01	 2.1406e+00	 1.2574e-01
 2.6827e+00	 2.0000e+01	 2.1673e+00	 1.2685e-01
 1.9307e+00	 2.0000e+01	 2.1945e+00	 1.2766e-01
 1.3895e+00	 2.0000e+01	 2.2209e+00	 1.2836e-01
 1.0000e+00	 2.0000e+01	 2.2483e+00	 1.2813e-01
 7.1969e-01	 2.0000e+01	 2.2742e+00	 1.2895e-01
 5.1795e-01	 2.0000e+01	 2.3012e+00	 1.2923e-01
 3.7276e-01	 2.0000e+01	 2.3272e+00	 1.3077e-01
 2.6827e-01	 2.0000e+01	 2.3524e+00	 1.3210e-01
 1.9307e-01	 2.0000e+01	 2.3777e+00	 1.3324e-01
 1.3895e-01	 2.0000e+01	 2.4034e+00	 1.3549e-01
 1.0000e-01	 2.0000e+01	 2.4287e+00	 1.3911e-01
 7.1969e-02	 2.0000e+01	 2.4541e+00	 1.4724e-01
 5.1795e-02	 2.0000e+01	 2.4777e+00	 1.5088e-01
 3.7276e-02	 2.0000e+01	 2.5034e+00	 1.5990e-01
 2.6827e-02	 2.0000e+01	 2.5297e+00	 1.6660e-01
 1.0000e+07	 1.5000e+01	 1.7504e+00	-7.5009e-02
 7.1969e+06	 1.5000e+01	 1.7443e+00	-1.7649e-02
 5.1795e+06	 1.5000e+01	 1.7301e+00	-1.2154e-02
 3.7276e+06	 1.5000e+01	 1.7268e+00	-1.1756e-02
 2.6827e+06	 1.5000e+01	 1.7206e+00	-5.0027e-03
 1.9307e+06	 1.5000e+01	 1.7197e+00	-1.0488e-03
 1.3895e+06	 1.5000e+01	 1.7193e+00	 4.9965e-03
 1.0000e+06	 1.5000e+01	 1.7212e+00	 7.9098e-03
 7.1969e+05	 1.5000e+01	 1.7188e+00	 1.0342e-02
 5.1795e+05	 1.5000e+01	 1.7206e+00	 1.1073e-02
 3.7276e+05	 1.5000e+01	 1.7228e+00	 1.1773e-02
 2.6827e+05	 1.5000e+01	 1.7252e+00	 1.2366e-02
 1.9307e+05	 1.5000e+01	 1.7277e+00	 1.2948e-02
 1.3895e+05	 1.5000e+01	 1.7304e+00	 1.3549e-02
 1.0000e+05	 1.5000e+01	 1.7331e+00	 1.4216e-02
 7.1969e+04	 1.5000e+01	 1.7361e+00	 1.4915e-02
 5.1795e+04	 1.5000e+01	 1.7391e+00	 1.5713e-02
 3.7276e+04	 1.5000e+01	 1.7422e+00	 1.6616e-02
 2.6827e+04	 1.5000e+01	 1.7456e+00	 1.7656e-02
 1.9307e+04	 1.5000e+01	 1.7492e+00	 1.8829e-02
 1.3895e+04	 1.5000e+01	 1.7530e+00	 2.0197e-02
 1.0000e+04	 1.5000e+01	 1.7570e+00	 2.1715e-02
 7.1969e+03	 1.5000e+01	 1.7614e+00	 2.3463e-02
 5.1795e+03	 1.5000e+01	 1.7662e+00	 2.5403e-02
 3.7276e+03	 1.5000e+01	 1.7713e+00	 2.7604e-02
 2.6827e+03	 1.5000e+01	 1.7769e+00	 3.0023e-02
 1.9307e+03	 1.5000e+01	 1.7831e+00	 3.2687e-02
 1.3895e+03	 1.5000e+01	 1.7899e+00	 3.5596e-02
 1.0000e+03	 1.5000e+01	 1.7972e+00	 3.8769e-02
 7.1969e+02	 1.5000e+01	 1.8053e+00	 4.2185e-02
 5.1795e+02	 1.5000e+01	 1.8141e+00	 4.5857e-02
 3.7276e+02	 1.5000e+01	 1.8237e+00	 4.9776e-02
 2.6827e+02	 1.5000e+01	 1.8342e+00	 5.3903e-02
 1.9307e+02	 1.5000e+01	 1.8457e+00	 5.8214e-02
 1.3895e+02	 1.5000e+01	 1.8581e+00	 6.2724e-02
 1.0000e+02	 1.5000e+01	 1.8716e+00	 6.7353e-02
 7.1969e+01	 1.5000e+01	 1.8861e+00	 7.2024e-02
 5.1795e+01	 1.5000e+01	 1.9016e+00	 7.6678e-02
 3.7276e+01	 1.5000e+01	 1.9182e+00	 8.1314e-02
 2.6827e+01	 1.5000e+01	 1.9360e+00	 8.5817e-02
 1.9307e+01	 1.5000e+01	 1.9549e+00	 8.9959e-02
 1.3895e+01	 1.5000e+01	 1.9747e+00	 9.4004e-02
 1.0000e+01	 1.5000e+01	 1.9952e+00	 9.7592e-02
 7.1969e+00	 1.5000e+01	 2.0164e+00	 1.0061e-01
 5.1795e+00	 1.5000e+01	 2.0391e+00	 1.0345e-01
 3.7276e+00	 1.5000e+01	 2.0615e+00	 1.0563e-01
 2.6827e+00	 1.5000e+01	 2.0839e+00	 1.0709e-01
 1.9307e+00	 1.5000e+01	 2.1076e+00	 1.0820e-01
 1.3895e+00	 1.5000e+01	 2.1303e+00	 1.0914e-01
 1.0000e+00	 1.5000e+01	 2.1538e+00	 1.0983e-01
 7.1969e-01	 1.5000e+01	 2.1765e+00	 1.0929e-01
 5.1795e-01	 1.5000e+01	 2.1994e+00	 1.1009e-01
 3.7276e-01	 1.5000e+01	 2.2214e+00	 1.0922e-01
 2.6827e-01	 1.5000e+01	 2.2433e+00	 1.0901e-01
 1.9307e-01	 1.5000e+01	 2.2650e+00	 1.0944e-01
 1.3895e-01	 1.5000e+01	 2.2848e+00	 1.0995e-01
 1.0000e-01	 1.5000e+01	 2.3044e+00	 1.1094e-01
 7.1969e-02	 1.5000e+01	 2.3266e+00	 1.1087e-01
 5.1795e-02	 1.5000e+01	 2.3468e+00	 1.1213e-01
 3.7276e-02	 1.5000e+01	 2.3660e+00	 1.1785e-01
 2.6827e-02	 1.5000e+01	 2.3854e+00	 1.2300e-01
 1.0000e+07	 1.0000e+01	 1.7540e+00	-7.8108e-02
 7.1969e+06	 1.0000e+01	 1.7485e+00	-1.8511e-02
 5.1795e+06	 1.0000e+01	 1.7341e+00	-1.3001e-02
 3.7276e+06	 1.0000e+01	 1.7306e+00	-1.2656e-02
 2.6827e+06	 1.0000e+01	 1.7241e+00	-5.9638e-03
 1.9307e+06	 1.0000e+01	 1.7230e+00	-2.0839e-03
 1.3895e+06	 1.0000e+01	 1.7223e+00	 3.9071e-03
 1.0000e+06	 1.0000e+01	 1.7241e+00	 6.7465e-03
 7.1969e+05	 1.0000e+01	 1.7214e+00	 9.1121e-03
 5.1795e+05	 1.0000e+01	 1.7229e+00	 9.7986e-03
 3.7276e+05	 1.0000e+01	 1.7249e+00	 1.0405e-02
 2.6827e+05	 1.0000e+01	 1.7270e+00	 1.0916e-02
 1.9307e+05	 1.0000e+01	 1.7292e+00	 1.1380e-02
 1.3895e+05	 1.0000e+01	 1.7316e+00	 1.1885e-02
 1.0000e+05	 1.0000e+01	 1.7340e+00	 1.2400e-02
 7.1969e+04	 1.0000e+01	 1.7366e+00	 1.2936e-02
 5.1795e+04	 1.0000e+01	 1.7393e+00	 1.3531e-02
 3.7276e+04	 1.0000e+01	 1.7419e+00	 1.4231e-02
 2.6827e+04	 1.0000e+01	 1.7448e+00	 1.5005e-02
 1.9307e+04	 1.0000e+01	 1.7479e+00	 1.5893e-02
 1.3895e+04	 1.0000e+01	 1.7511e+00	 1.6891e-02
 1.0000e+04	 1.0000e+01	 1.7545e+00	 1.8051e-02
 7.1969e+03	 1.0000e+01	 1.7582e+00	 1.9361e-02
 5.1795e+03	 1.0000e+01	 1.7621e+00	 2.0840e-02
 3.7276e+03	 1.0000e+01	 1.7663e+00	 2.2539e-02
 2.6827e+03	 1.0000e+01	 1.7709e+00	 2.4402e-02
 1.9307e+03	 1.0000e+01	 1.7759e+00	 2.6448e-02
 1.3895e+03	 1.0000e+01	 1.7814e+00	 2.8730e-02
 1.0000e+03	 1.0000e+01	 1.7873e+00	 3.1171e-02
 7.1969e+02	 1.0000e+01	 1.7937e+00	 3.3864e-02
 5.1795e+02	 1.0000e+01	 1.8008e+00	 3.6733e-02
 3.7276e+02	 1.0000e+01	 1.8085e+00	 3.9847e-02
 2.6827e+02	 1.0000e+01	 1.8168e+00	 4.3159e-02
 1.9307e+02	 1.0000e+01	 1.8259e+00	 4.6662e-02
 1.3895e+02	 1.0000e+01	 1.8358e+00	 5.0333e-02
 1.0000e+02	 1.0000e+01	 1.8465e+00	 5.4115e-02
 7.1969e+01	 1.0000e+01	 1.8581e+00	 5.8037e-02
 5.1795e+01	 1.0000e+01	 1.8706e+00	 6.2017e-02
 3.7276e+01	 1.0000e+01	 1.8839e+00	 6.6045e-02
 2.6827e+01	 1.0000e+01	 1.8983e+00	 7.0007e-02
 1.9307e+01	 1.0000e+01	 1.9135e+00	 7.3923e-02
 1.3895e+01	 1.0000e+01	 1.9295e+00	 7.7534e-02
 1.0000e+01	 1.0000e+01	 1.9465e+00	 8.1218e-02
 7.1969e+00	 1.0000e+01	 1.9644e+00	 8.4515e-02
 5.1795e+00	 1.0000e+01	 1.9829e+00	 8.7067e-02
 3.7276e+00	 1.0000e+01	 2.0020e+00	 8.9751e-02
 2.6827e+00	 1.0000e+01	 2.0214e+00	 9.1787e-02
 1.9307e+00	 1.0000e+01	 2.0423e+00	 9.3291e-02
 1.3895e+00	 1.0000e+01	 2.0622e+00	 9.4523e-02
 1.0000e+00	 1.0000e+01	 2.0833e+00	 9.5325e-02
 7.1969e-01	 1.0000e+01	 2.1027e+00	 9.5359e-02
 5.1795e-01	 1.0000e+01	 2.1236e+00	 9.5961e-02
 3.7276e-01	 1.0000e+01	 2.1427e+00	 9.5700e-02
 2.6827e-01	 1.0000e+01	 2.1618e+00	 9.5066e-02
 1.9307e-01	 1.0000e+01	 2.1813e+00	 9.4676e-02
 1.3895e-01	 1.0000e+01	 2.2003e+00	 9.5228e-02
 1.0000e-01	 1.0000e+01	 2.2190e+00	 9.4208e-02
 7.1969e-02	 1.0000e+01	 2.2355e+00	 9.6320e-02
 5.1795e-02	 1.0000e+01	 2.2523e+00	 9.7033e-02
 3.7276e-02	 1.0000e+01	 2.2705e+00	 9.5651e-02
 2.6827e-02	 1.0000e+01	 2.2834e+00	 9.8378e-02
 1.0000e+07	 2.0000e+01	 1.7465e+00	-7.4369e-02
 7.1969e+06	 2.0000e+01	 1.7410e+00	-1.6756e-02
 5.1795e+06	 2.0000e+01	 1.7270e+00	-1.1207e-02
 3.7276e+06	 2.0000e+01	 1.7239e+00	-1.0801e-02
 2.6827e+06	 2.0000e+01	 1.7179e+00	-4.0440e-03
 1.9307e+06	 2.0000e+01	 1.7172e+00	-7.7507e-05
 1.3895e+06	 2.0000e+01	 1.7169e+00	 5.9845e-03
 1.0000e+06	 2.0000e+01	 1.7190e+00	 8.9267e-03
 7.1969e+05	 2.0000e+01	 1.7168e+00	 1.1384e-02
 5.1795e+05	 2.0000e+01	 1.7189e+00	 1.2208e-02
 3.7276e+05	 2.0000e+01	 1.7213e+00	 1.2975e-02
 2.6827e+05	 2.0000e+01	 1.7239e+00	 1.3664e-02
 1.9307e+05	 2.0000e+01	 1.7267e+00	 1.4328e-02
 1.3895e+05	 2.0000e+01	 1.7296e+00	 1.5089e-02
 1.0000e+05	 2.0000e+01	 1.7326e+00	 1.5892e-02
 7.1969e+04	 2.0000e+01	 1.7359e+00	 1.6773e-02
 5.1795e+04	 2.0000e+01	 1.7393e+00	 1.7755e-02
 3.7276e+04	 2.0000e+01	 1.7428e+00	 1.8927e-02
 2.6827e+04	 2.0000e+01	 1.7467e+00	 2.0252e-02
 1.9307e+04	 2.0000e+01	 1.7507e+00	 2.1748e-02
 1.3895e+04	 2.0000e+01	 1.7551e+00	 2.3461e-02
 1.0000e+04	 2.0000e+01	 1.7598e+00	 2.5420e-02
 7.1969e+03	 2.0000e+01	 1.7650e+00	 2.7577e-02
 5.1795e+03	 2.0000e+01	 1.7707e+00	 3.0025e-02
 3.7276e+03	 2.0000e+01	 1.7767e+00	 3.2787e-02
 2.6827e+03	 2.0000e+01	 1.7835e+00	 3.5792e-02
 1.9307e+03	 2.0000e+01	 1.7909e+00	 3.9081e-02
 1.3895e+03	 2.0000e+01	 1.7990e+00	 4.2677e-02
 1.0000e+03	 2.0000e+01	 1.8079e+00	 4.6585e-02
 7.1969e+02	 2.0000e+01	 1.8177e+00	 5.0765e-02
 5.1795e+02	 2.0000e+01	 1.8284e+00	 5.5208e-02
 3.7276e+02	 2.0000e+01	 1.8401e+00	 5.9926e-02
 2.6827e+02	 2.0000e+01	 1.8529e+00	 6.4877e-02
 1.9307e+02	 2.0000e+01	 1.8668e+00	 7.0005e-02
 1.3895e+02	 2.0000e+01	 1.8819e+00	 7.5247e-02
 1.0000e+02	 2.0000e+01	 1.8983e+00	 8.0525e-02
 7.1969e+01	 2.0000e+01	 1.9158e+00	 8.5844e-02
 5.1795e+01	 2.0000e+01	 1.9346e+00	 9.0956e-02
 3.7276e+01	 2.0000e+01	 1.9546e+00	 9.5930e-02
 2.6827e+01	 2.0000e+01	 1.9758e+00	 1.0060e-01
 1.9307e+01	 2.0000e+01	 1.9981e+00	 1.0483e-01
 1.3895e+01	 2.0000e+01	 2.0212e+00	 1.0863e-01
 1.0000e+01	 2.0000e+01	 2.0461e+00	 1.1193e-01
 7.1969e+00	 2.0000e+01	 2.0708e+00	 1.1470e-01
 5.1795e+00	 2.0000e+01	 2.0956e+00	 1.1661e-01
 3.7276e+00	 2.0000e+01	 2.1216e+00	 1.1829e-01
 2.6827e+00	 2.0000e+01	 2.1469e+00	 1.1909e-01
 1.9307e+00	 2.0000e+01	 2.1731e+00	 1.1987e-01
 1.3895e+00	 2.0000e+01	 2.1986e+00	 1.1989e-01
 1.0000e+00	 2.0000e+01	 2.2241e+00	 1.2011e-01
 7.1969e-01	 2.0000e+01	 2.2495e+00	 1.1987e-01
 5.1795e-01	 2.0000e+01	 2.2745e+00	 1.2064e-01
 3.7276e-01	 2.0000e+01	 2.2998e+00	 1.2024e-01
 2.6827e-01	 2.0000e+01	 2.3250e+00	 1.2069e-01
 1.9307e-01	 2.0000e+01	 2.3505e+00	 1.2250e-01
 1.3895e-01	 2.0000e+01	 2.3759e+00	 1.2517e-01
 1.0000e-01	 2.0000e+01	 2.4006e+00	 1.2965e-01
 7.1969e-02	 2.0000e+01	 2.4290e+00	 1.3320e-01
 5.1795e-02	 2.0000e+01	 2.4559e+00	 1.3905e-01
 3.7276e-02	 2.0000e+01	 2.4843e+00	 1.4448e-01
 2.6827e-02	 2.0000e+01	 2.5120e+00	 1.6021e-01
 1.0000e+07	 3.0000e+01	 1.7372e+00	-7.0842e-02
 7.1969e+06	 3.0000e+01	 1.7316e+00	-1.3945e-02
 5.1795e+06	 3.0000e+01	 1.7183e+00	-8.2611e-03
 3.7276e+06	 3.0000e+01	 1.7159e+00	-7.6342e-03
 2.6827e+06	 3.0000e+01	 1.7106e+00	-6.5241e-04
 1.9307e+06	 3.0000e+01	 1.7106e+00	 3.5519e-03
 1.3895e+06	 3.0000e+01	 1.7110e+00	 9.8221e-03
 1.0000e+06	 3.0000e+01	 1.7140e+00	 1.3076e-02
 7.1969e+05	 3.0000e+01	 1.7126e+00	 1.5802e-02
 5.1795e+05	 3.0000e+01	 1.7156e+00	 1.6915e-02
 3.7276e+05	 3.0000e+01	 1.7190e+00	 1.8079e-02
 2.6827e+05	 3.0000e+01	 1.7225e+00	 1.9203e-02
 1.9307e+05	 3.0000e+01	 1.7264e+00	 2.0371e-02
 1.3895e+05	 3.0000e+01	 1.7305e+00	 2.1703e-02
 1.0000e+05	 3.0000e+01	 1.7349e+00	 2.3188e-02
 7.1969e+04	 3.0000e+01	 1.7396e+00	 2.4875e-02
 5.1795e+04	 3.0000e+01	 1.7446e+00	 2.6800e-02
 3.7276e+04	 3.0000e+01	 1.7499e+00	 2.9017e-02
 2.6827e+04	 3.0000e+01	 1.7557e+00	 3.1545e-02
 1.9307e+04	 3.0000e+01	 1.7620e+00	 3.4430e-02
 1.3895e+04	 3.0000e+01	 1.7690e+00	 3.7662e-02
 1.0000e+04	 3.0000e+01	 1.7765e+00	 4.1336e-02
 7.1969e+03	 3.0000e+01	 1.7850e+00	 4.5424e-02
 5.1795e+03	 3.0000e+01	 1.7942e+00	 4.9987e-02
 3.7276e+03	 3.0000e+01	 1.8044e+00	 5.5050e-02
 2.6827e+03	 3.0000e+01	 1.8158e+00	 6.0598e-02
 1.9307e+03	 3.0000e+01	 1.8284e+00	 6.6582e-02
 1.3895e+03	 3.0000e+01	 1.8424e+00	 7.3083e-02
 1.0000e+03	 3.0000e+01	 1.8578e+00	 8.0010e-02
 7.1969e+02	 3.0000e+01	 1.8748e+00	 8.7350e-02
 5.1795e+02	 3.0000e+01	 1.8935e+00	 9.5069e-02
 3.7276e+02	 3.0000e+01	 1.9139e+00	 1.0307e-01
 2.6827e+02	 3.0000e+01	 1.9363e+00	 1.1121e-01
 1.9307e+02	 3.0000e+01	 1.9606e+00	 1.1941e-01
 1.3895e+02	 3.0000e+01	 1.9869e+00	 1.2748e-01
 1.0000e+02	 3.0000e+01	 2.0150e+00	 1.3525e-01
 7.1969e+01	 3.0000e+01	 2.0458e+00	 1.4271e-01
 5.1795e+01	 3.0000e+01	 2.0774e+00	 1.4947e-01
 3.7276e+01	 3.0000e+01	 2.1106e+00	 1.5554e-01
 2.6827e+01	 3.0000e+01	 2.1451e+00	 1.6072e-01
 1.9307e+01	 3.0000e+01	 2.1806e+00	 1.6505e-01
 1.3895e+01	 3.0000e+01	 2.2169e+00	 1.6851e-01
 1.0000e+01	 3.0000e+01	 2.2536e+00	 1.7125e-01
 7.1969e+00	 3.0000e+01	 2.2908e+00	 1.7289e-01
 5.1795e+00	 3.0000e+01	 2.3282e+00	 1.7391e-01
 3.7276e+00	 3.0000e+01	 2.3658e+00	 1.7509e-01
 2.6827e+00	 3.0000e+01	 2.4032e+00	 1.7542e-01
 1.9307e+00	 3.0000e+01	 2.4405e+00	 1.7561e-01
 1.3895e+00	 3.0000e+01	 2.4777e+00	 1.7614e-01
 1.0000e+00	 3.0000e+01	 2.5151e+00	 1.7628e-01
 7.1969e-01	 3.0000e+01	 2.5509e+00	 1.7715e-01
 5.1795e-01	 3.0000e+01	 2.5878e+00	 1.7829e-01
 3.7276e-01	 3.0000e+01	 2.6247e+00	 1.7976e-01
 2.6827e-01	 3.0000e+01	 2.6616e+00	 1.8209e-01
 1.9307e-01	 3.0000e+01	 2.6987e+00	 1.8531e-01
 1.3895e-01	 3.0000e+01	 2.7333e+00	 1.9023e-01
 1.0000e-01	 3.0000e+01	 2.7677e+00	 1.9968e-01
 7.1969e-02	 3.0000e+01	 2.8035e+00	 2.0978e-01
 5.1795e-02	 3.0000e+01	 2.8367e+00	 2.2833e-01
 3.7276e-02	 3.0000e+01	 2.8666e+00	 2.5383e-01
 2.6827e-02	 3.0000e+01	 2.8985e+00	 2.9213e-01
 1.0000e+07	 4.0000e+01	 1.7277e+00	-6.7695e-02
 7.1969e+06	 4.0000e+01	 1.7239e+00	-1.0038e-02
 5.1795e+06	 4.0000e+01	 1.7115e+00	-4.1054e-03
 3.7276e+06	 4.0000e+01	 1.7100e+00	-3.1701e-03
 2.6827e+06	 4.0000e+01	 1.7056e+00	 4.1266e-03
 1.9307e+06	 4.0000e+01	 1.7066e+00	 8.6924e-03
 1.3895e+06	 4.0000e+01	 1.7082e+00	 1.5341e-02
 1.0000e+06	 4.0000e+01	 1.7122e+00	 1.9053e-02
 7.1969e+05	 4.0000e+01	 1.7120e+00	 2.2265e-02
 5.1795e+05	 4.0000e+01	 1.7163e+00	 2.3987e-02
 3.7276e+05	 4.0000e+01	 1.7211e+00	 2.5786e-02
 2.6827e+05	 4.0000e+01	 1.7261e+00	 2.7690e-02
 1.9307e+05	 4.0000e+01	 1.7317e+00	 2.9779e-02
 1.3895e+05	 4.0000e+01	 1.7376e+00	 3.2187e-02
 1.0000e+05	 4.0000e+01	 1.7439e+00	 3.4941e-02
 7.1969e+04	 4.0000e+01	 1.7509e+00	 3.8048e-02
 5.1795e+04	 4.0000e+01	 1.7585e+00	 4.1642e-02
 3.7276e+04	 4.0000e+01	 1.7667e+00	 4.5792e-02
 2.6827e+04	 4.0000e+01	 1.7759e+00	 5.0495e-02
 1.9307e+04	 4.0000e+01	 1.7860e+00	 5.5807e-02
 1.3895e+04	 4.0000e+01	 1.7973e+00	 6.1816e-02
 1.0000e+04	 4.0000e+01	 1.8097e+00	 6.8549e-02
 7.1969e+03	 4.0000e+01	 1.8237e+00	 7.5963e-02
 5.1795e+03	 4.0000e+01	 1.8394e+00	 8.4219e-02
 3.7276e+03	 4.0000e+01	 1.8568e+00	 9.3178e-02
 2.6827e+03	 4.0000e+01	 1.8763e+00	 1.0286e-01
 1.9307e+03	 4.0000e+01	 1.8981e+00	 1.1324e-01
 1.3895e+03	 4.0000e+01	 1.9224e+00	 1.2417e-01
 1.0000e+03	 4.0000e+01	 1.9492e+00	 1.3553e-01
 7.1969e+02	 4.0000e+01	 1.9788e+00	 1.4718e-01
 5.1795e+02	 4.0000e+01	 2.0111e+00	 1.5880e-01
 3.7276e+02	 4.0000e+01	 2.0471e+00	 1.7030e-01
 2.6827e+02	 4.0000e+01	 2.0851e+00	 1.8114e-01
 1.9307e+02	 4.0000e+01	 2.1260e+00	 1.9117e-01
 1.3895e+02	 4.0000e+01	 2.1690e+00	 1.9998e-01
 1.0000e+02	 4.0000e+01	 2.2140e+00	 2.0730e-01
 7.1969e+01	 4.0000e+01	 2.2607e+00	 2.1298e-01
 5.1795e+01	 4.0000e+01	 2.3085e+00	 2.1683e-01
 3.7276e+01	 4.0000e+01	 2.3570e+00	 2.1889e-01
 2.6827e+01	 4.0000e+01	 2.4058e+00	 2.1918e-01
 1.9307e+01	 4.0000e+01	 2.4543e+00	 2.1764e-01
 1.3895e+01	 4.0000e+01	 2.5019e+00	 2.1456e-01
 1.0000e+01	 4.0000e+01	 2.5487e+00	 2.1009e-01
 7.1969e+00	 4.0000e+01	 2.5935e+00	 2.0413e-01
 5.1795e+00	 4.0000e+01	 2.6365e+00	 1.9776e-01
 3.7276e+00	 4.0000e+01	 2.6783e+00	 1.9034e-01
 2.6827e+00	 4.0000e+01	 2.7175e+00	 1.8246e-01
 1.9307e+00	 4.0000e+01	 2.7543e+00	 1.7441e-01
 1.3895e+00	 4.0000e+01	 2.7879e+00	 1.6778e-01
 1.0000e+00	 4.0000e+01	 2.8198e+00	 1.6151e-01
 7.1969e-01	 4.0000e+01	 2.8468e+00	 1.5761e-01
 5.1795e-01	 4.0000e+01	 2.8730e+00	 1.5708e-01
 3.7276e-01	 4.0000e+01	 2.8956e+00	 1.6251e-01
 2.6827e-01	 4.0000e+01	 2.9142e+00	 1.7386e-01
 1.9307e-01	 4.0000e+01	 2.9306e+00	 1.9585e-01
 1.3895e-01	 4.0000e+01	 2.9455e+00	 2.3187e-01
 1.0000e-01	 4.0000e+01	 2.9586e+00	 2.8695e-01
 7.1969e-02	 4.0000e+01	 2.9709e+00	 3.7050e-01
 5.1795e-02	 4.0000e+01	 2.9807e+00	 4.8732e-01
 3.7276e-02	 4.0000e+01	 2.9911e+00	 6.5284e-01
 2.6827e-02	 4.0000e+01	 3.0093e+00	 8.8211e-01
 1.0000e+07	 5.0000e+01	 1.7224e+00	-6.1741e-02
 7.1969e+06	 5.0000e+01	 1.7181e+00	-4.8541e-03
 5.1795e+06	 5.0000e+01	 1.7069e+00	 1.4734e-03
 3.7276e+06	 5.0000e+01	 1.7066e+00	 2.8728e-03
 2.6827e+06	 5.0000e+01	 1.7035e+00	 1.0671e-02
 1.9307e+06	 5.0000e+01	 1.7058e+00	 1.5757e-02
 1.3895e+06	 5.0000e+01	 1.7087e+00	 2.3081e-02
 1.0000e+06	 5.0000e+01	 1.7143e+00	 2.7508e-02
 7.1969e+05	 5.0000e+01	 1.7158e+00	 3.1574e-02
 5.1795e+05	 5.0000e+01	 1.7219e+00	 3.4295e-02
 3.7276e+05	 5.0000e+01	 1.7286e+00	 3.7290e-02
 2.6827e+05	 5.0000e+01	 1.7359e+00	 4.0586e-02
 1.9307e+05	 5.0000e+01	 1.7439e+00	 4.4352e-02
 1.3895e+05	 5.0000e+01	 1.7526e+00	 4.8612e-02
 1.0000e+05	 5.0000e+01	 1.7621e+00	 5.3581e-02
 7.1969e+04	 5.0000e+01	 1.7727e+00	 5.9229e-02
 5.1795e+04	 5.0000e+01	 1.7844e+00	 6.5761e-02
 3.7276e+04	 5.0000e+01	 1.7974e+00	 7.3201e-02
 2.6827e+04	 5.0000e+01	 1.8121e+00	 8.1612e-02
 1.9307e+04	 5.0000e+01	 1.8286e+00	 9.1062e-02
 1.3895e+04	 5.0000e+01	 1.8472e+00	 1.0157e-01
 1.0000e+04	 5.0000e+01	 1.8680e+00	 1.1313e-01
 7.1969e+03	 5.0000e+01	 1.8918e+00	 1.2573e-01
 5.1795e+03	 5.0000e+01	 1.9184e+00	 1.3926e-01
 3.7276e+03	 5.0000e+01	 1.9481e+00	 1.5354e-01
 2.6827e+03	 5.0000e+01	 1.9816e+00	 1.6836e-01
 1.9307e+03	 5.0000e+01	 2.0187e+00	 1.8330e-01
 1.3895e+03	 5.0000e+01	 2.0607e+00	 1.9811e-01
 1.0000e+03	 5.0000e+01	 2.1054e+00	 2.1204e-01
 7.1969e+02	 5.0000e+01	 2.1539e+00	 2.2463e-01
 5.1795e+02	 5.0000e+01	 2.2056e+00	 2.3527e-01
 3.7276e+02	 5.0000e+01	 2.2604e+00	 2.4343e-01
 2.6827e+02	 5.0000e+01	 2.3167e+00	 2.4844e-01
 1.9307e+02	 5.0000e+01	 2.3742e+00	 2.5009e-01
 1.3895e+02	 5.0000e+01	 2.4318e+00	 2.4822e-01
 1.0000e+02	 5.0000e+01	 2.4884e+00	 2.4286e-01
 7.1969e+01	 5.0000e+01	 2.5430e+00	 2.3427e-01
 5.1795e+01	 5.0000e+01	 2.5948e+00	 2.2287e-01
 3.7276e+01	 5.0000e+01	 2.6427e+00	 2.0938e-01
 2.6827e+01	 5.0000e+01	 2.6866e+00	 1.9439e-01
 1.9307e+01	 5.0000e+01	 2.7263e+00	 1.7862e-01
 1.3895e+01	 5.0000e+01	 2.7613e+00	 1.6299e-01
 1.0000e+01	 5.0000e+01	 2.7919e+00	 1.4806e-01
 7.1969e+00	 5.0000e+01	 2.8180e+00	 1.3498e-01
 5.1795e+00	 5.0000e+01	 2.8404e+00	 1.2409e-01
 3.7276e+00	 5.0000e+01	 2.8588e+00	 1.1645e-01
 2.6827e+00	 5.0000e+01	 2.8743e+00	 1.1332e-01
 1.9307e+00	 5.0000e+01	 2.8869e+00	 1.1535e-01
 1.3895e+00	 5.0000e+01	 2.8974e+00	 1.2526e-01
 1.0000e+00	 5.0000e+01	 2.9055e+00	 1.4307e-01
 7.1969e-01	 5.0000e+01	 2.9126e+00	 1.7452e-01
 5.1795e-01	 5.0000e+01	 2.9183e+00	 2.2036e-01
 3.7276e-01	 5.0000e+01	 2.9236e+00	 2.8855e-01
 2.6827e-01	 5.0000e+01	 2.9295e+00	 3.8790e-01
 1.9307e-01	 5.0000e+01	 2.9366e+00	 5.2732e-01
 1.3895e-01	 5.0000e+01	 2.9445e+00	 7.2248e-01
 1.0000e-01	 5.0000e+01	 2.9558e+00	 9.9738e-01
 7.1969e-02	 5.0000e+01	 2.9783e+00	 1.3713e+00
 5.1795e-02	 5.0000e+01	 3.0107e+00	 1.8866e+00
 3.7276e-02	 5.0000e+01	 3.0517e+00	 2.5955e+00
 2.6827e-02	 5.0000e+01	 3.1111e+00	 3.5543e+00
 1.0000e+07	 6.0000e+01	 1.7194e+00	-5.3825e-02
 7.1969e+06	 6.0000e+01	 1.7165e+00	 3.0779e-03
 5.1795e+06	 6.0000e+01	 1.7067e+00	 9.5529e-03
 3.7276e+06	 6.0000e+01	 1.7078e+00	 1.1104e-02
 2.6827e+06	 6.0000e+01	 1.7062e+00	 1.9596e-02
 1.9307e+06	 6.0000e+01	 1.7102e+00	 2.5616e-02
 1.3895e+06	 6.0000e+01	 1.7149e+00	 3.4066e-02
 1.0000e+06	 6.0000e+01	 1.7226e+00	 3.9699e-02
 7.1969e+05	 6.0000e+01	 1.7268e+00	 4.5240e-02
 5.1795e+05	 6.0000e+01	 1.7354e+00	 4.9651e-02
 3.7276e+05	 6.0000e+01	 1.7450e+00	 5.4690e-02
 2.6827e+05	 6.0000e+01	 1.7556e+00	 6.0370e-02
 1.9307e+05	 6.0000e+01	 1.7673e+00	 6.6867e-02
 1.3895e+05	 6.0000e+01	 1.7804e+00	 7.4421e-02
 1.0000e+05	 6.0000e+01	 1.7950e+00	 8.3110e-02
 7.1969e+04	 6.0000e+01	 1.8116e+00	 9.2979e-02
 5.1795e+04	 6.0000e+01	 1.8302e+00	 1.0419e-01
 3.7276e+04	 6.0000e+01	 1.8512e+00	 1.1677e-01
 2.6827e+04	 6.0000e+01	 1.8752e+00	 1.3073e-01
 1.9307e+04	 6.0000e+01	 1.9026e+00	 1.4601e-01
 1.3895e+04	 6.0000e+01	 1.9336e+00	 1.6236e-01
 1.0000e+04	 6.0000e+01	 1.9687e+00	 1.7956e-01
 7.1969e+03	 6.0000e+01	 2.0083e+00	 1.9727e-01
 5.1795e+03	 6.0000e+01	 2.0535e+00	 2.1491e-01
 3.7276e+03	 6.0000e+01	 2.1026e+00	 2.3155e-01
 2.6827e+03	 6.0000e+01	 2.1563e+00	 2.4639e-01
 1.9307e+03	 6.0000e+01	 2.2147e+00	 2.5853e-01
 1.3895e+03	 6.0000e+01	 2.2757e+00	 2.6681e-01
 1.0000e+03	 6.0000e+01	 2.3393e+00	 2.7053e-01
 7.1969e+02	 6.0000e+01	 2.4037e+00	 2.6910e-01
 5.1795e+02	 6.0000e+01	 2.4672e+00	 2.6227e-01
 3.7276e+02	 6.0000e+01	 2.5278e+00	 2.5040e-01
 2.6827e+02	 6.0000e+01	 2.5841e+00	 2.3421e-01
 1.9307e+02	 6.0000e+01	 2.6350e+00	 2.1486e-01
 1.3895e+02	 6.0000e+01	 2.6798e+00	 1.9354e-01
 1.0000e+02	 6.0000e+01	 2.7182e+00	 1.7170e-01
 7.1969e+01	 6.0000e+01	 2.7503e+00	 1.5066e-01
 5.1795e+01	 6.0000e+01	 2.7766e+00	 1.3133e-01
 3.7276e+01	 6.0000e+01	 2.7980e+00	 1.1451e-01
 2.6827e+01	 6.0000e+01	 2.8150e+00	 1.0085e-01
 1.9307e+01	 6.0000e+01	 2.8284e+00	 9.0965e-02
 1.3895e+01	 6.0000e+01	 2.8391e+00	 8.5175e-02
 1.0000e+01	 6.0000e+01	 2.8473e+00	 8.4451e-02
 7.1969e+00	 6.0000e+01	 2.8536e+00	 8.9574e-02
 5.1795e+00	 6.0000e+01	 2.8588e+00	 1.0178e-01
 3.7276e+00	 6.0000e+01	 2.8629e+00	 1.2278e-01
 2.6827e+00	 6.0000e+01	 2.8662e+00	 1.5588e-01
 1.9307e+00	 6.0000e+01	 2.8690e+00	 2.0439e-01
 1.3895e+00	 6.0000e+01	 2.8717e+00	 2.7486e-01
 1.0000e+00	 6.0000e+01	 2.8756e+00	 3.7362e-01
 7.1969e-01	 6.0000e+01	 2.8792e+00	 5.1291e-01
 5.1795e-01	 6.0000e+01	 2.8871e+00	 7.0572e-01
 3.7276e-01	 6.0000e+01	 2.8993e+00	 9.7422e-01
 2.6827e-01	 6.0000e+01	 2.9163e+00	 1.3465e+00
 1.9307e-01	 6.0000e+01	 2.9427e+00	 1.8575e+00
 1.3895e-01	 6.0000e+01	 2.9798e+00	 2.5653e+00
 1.0000e-01	 6.0000e+01	 3.0320e+00	 3.5366e+00
 7.1969e-02	 6.0000e+01	 3.1006e+00	 4.8750e+00
 5.1795e-02	 6.0000e+01	 3.2068e+00	 6.7197e+00
 3.7276e-02	 6.0000e+01	 3.3602e+00	 9.2632e+00
 2.6827e-02	 6.0000e+01	 3.5921e+00	 1.2691e+01
 1.0000e+07	 7.0000e+01	 1.7068e+00	-5.0956e-02
 7.1969e+06	 7.0000e+01	 1.7191e+00	 2.2746e-02
 5.1795e+06	 7.0000e+01	 1.7184e+00	 2.4313e-02
 3.7276e+06	 7.0000e+01	 1.7213e+00	 2.2837e-02
 2.6827e+06	 7.0000e+01	 1.7211e+00	 3.2156e-02
 1.9307e+06	 7.0000e+01	 1.7271e+00	 3.9543e-02
 1.3895e+06	 7.0000e+01	 1.7348e+00	 4.9521e-02
 1.0000e+06	 7.0000e+01	 1.7452e+00	 5.7368e-02
 7.1969e+05	 7.0000e+01	 1.7522e+00	 6.5752e-02
 5.1795e+05	 7.0000e+01	 1.7647e+00	 7.3083e-02
 3.7276e+05	 7.0000e+01	 1.7788e+00	 8.1500e-02
 2.6827e+05	 7.0000e+01	 1.7947e+00	 9.1101e-02
 1.9307e+05	 7.0000e+01	 1.8126e+00	 1.0216e-01
 1.3895e+05	 7.0000e+01	 1.8329e+00	 1.1473e-01
 1.0000e+05	 7.0000e+01	 1.8559e+00	 1.2897e-01
 7.1969e+04	 7.0000e+01	 1.8825e+00	 1.4484e-01
 5.1795e+04	 7.0000e+01	 1.9128e+00	 1.6225e-01
 3.7276e+04	 7.0000e+01	 1.9473e+00	 1.8100e-01
 2.6827e+04	 7.0000e+01	 1.9869e+00	 2.0057e-01
 1.9307e+04	 7.0000e+01	 2.0332e+00	 2.2053e-01
 1.3895e+04	 7.0000e+01	 2.0835e+00	 2.3967e-01
 1.0000e+04	 7.0000e+01	 2.1395e+00	 2.5703e-01
 7.1969e+03	 7.0000e+01	 2.2012e+00	 2.7130e-01
 5.1795e+03	 7.0000e+01	 2.2668e+00	 2.8099e-01
 3.7276e+03	 7.0000e+01	 2.3355e+00	 2.8482e-01
 2.6827e+03	 7.0000e+01	 2.4049e+00	 2.8192e-01
 1.9307e+03	 7.0000e+01	 2.4726e+00	 2.7199e-01
 1.3895e+03	 7.0000e+01	 2.5366e+00	 2.5553e-01
 1.0000e+03	 7.0000e+01	 2.5942e+00	 2.3386e-01
 7.1969e+02	 7.0000e+01	 2.6444e+00	 2.0874e-01
 5.1795e+02	 7.0000e+01	 2.6863e+00	 1.8235e-01
 3.7276e+02	 7.0000e+01	 2.7204e+00	 1.5634e-01
 2.6827e+02	 7.0000e+01	 2.7472e+00	 1.3233e-01
 1.9307e+02	 7.0000e+01	 2.7680e+00	 1.1144e-01
 1.3895e+02	 7.0000e+01	 2.7839e+00	 9.4108e-02
 1.0000e+02	 7.0000e+01	 2.7958e+00	 8.0753e-02
 7.1969e+01	 7.0000e+01	 2.8048e+00	 7.1547e-02
 5.1795e+01	 7.0000e+01	 2.8116e+00	 6.6664e-02
 3.7276e+01	 7.0000e+01	 2.8167e+00	 6.6475e-02
 2.6827e+01	 7.0000e+01	 2.8204e+00	 7.1654e-02
 1.9307e+01	 7.0000e+01	 2.8233e+00	 8.3184e-02
 1.3895e+01	 7.0000e+01	 2.8257e+00	 1.0271e-01
 1.0000e+01	 7.0000e+01	 2.8276e+00	 1.3263e-01
 7.1969e+00	 7.0000e+01	 2.8293e+00	 1.7632e-01
 5.1795e+00	 7.0000e+01	 2.8312e+00	 2.3893e-01
 3.7276e+00	 7.0000e+01	 2.8335e+00	 3.2705e-01
 2.6827e+00	 7.0000e+01	 2.8366e+00	 4.5044e-01
 1.9307e+00	 7.0000e+01	 2.8423e+00	 6.2196e-01
 1.3895e+00	 7.0000e+01	 2.8499e+00	 8.6073e-01
 1.0000e+00	 7.0000e+01	 2.8633e+00	 1.1900e+00
 7.1969e-01	 7.0000e+01	 2.8842e+00	 1.6429e+00
 5.1795e-01	 7.0000e+01	 2.9151e+00	 2.2677e+00
 3.7276e-01	 7.0000e+01	 2.9567e+00	 3.1262e+00
 2.6827e-01	 7.0000e+01	 3.0137e+00	 4.3085e+00
 1.9307e-01	 7.0000e+01	 3.1052e+00	 5.9494e+00
 1.3895e-01	 7.0000e+01	 3.2346e+00	 8.1991e+00
 1.0000e-01	 7.0000e+01	 3.4418e+00	 1.1318e+01
 7.1969e-02	 7.0000e+01	 3.7515e+00	 1.5590e+01
 5.1795e-02	 7.0000e+01	 4.2026e+00	 2.1502e+01
 3.7276e-02	 7.0000e+01	 4.8468e+00	 2.9462e+01
 2.6827e-02	 7.0000e+01	 5.7773e+00	 4.0374e+01
 1.0000e+07	 8.0000e+01	 1.7739e+00	-1.3649e-02
 7.1969e+06	 8.0000e+01	 1.7727e+00	 3.8711e-02
 5.1795e+06	 8.0000e+01	 1.7662e+00	 4.3335e-02
 3.7276e+06	 8.0000e+01	 1.7717e+00	 4.5082e-02
 2.6827e+06	 8.0000e+01	 1.7757e+00	 5.5563e-02
 1.9307e+06	 8.0000e+01	 1.7860e+00	 6.4409e-02
 1.3895e+06	 8.0000e+01	 1.8002e+00	 7.2466e-02
 1.0000e+06	 8.0000e+01	 1.8133e+00	 8.7332e-02
 7.1969e+05	 8.0000e+01	 1.8260e+00	 9.8693e-02
 5.1795e+05	 8.0000e+01	 1.8449e+00	 1.1043e-01
 3.7276e+05	 8.0000e+01	 1.8667e+00	 1.2399e-01
 2.6827e+05	 8.0000e+01	 1.8914e+00	 1.3936e-01
 1.9307e+05	 8.0000e+01	 1.9199e+00	 1.5660e-01
 1.3895e+05	 8.0000e+01	 1.9527e+00	 1.7572e-01
 1.0000e+05	 8.0000e+01	 1.9904e+00	 1.9628e-01
 7.1969e+04	 8.0000e+01	 2.0349e+00	 2.1793e-01
 5.1795e+04	 8.0000e+01	 2.0843e+00	 2.3954e-01
 3.7276e+04	 8.0000e+01	 2.1405e+00	 2.5994e-01
 2.6827e+04	 8.0000e+01	 2.2028e+00	 2.7759e-01
 1.9307e+04	 8.0000e+01	 2.2712e+00	 2.9072e-01
 1.3895e+04	 8.0000e+01	 2.3431e+00	 2.9744e-01
 1.0000e+04	 8.0000e+01	 2.4169e+00	 2.9644e-01
 7.1969e+03	 8.0000e+01	 2.4901e+00	 2.8701e-01
 5.1795e+03	 8.0000e+01	 2.5594e+00	 2.6945e-01
 3.7276e+03	 8.0000e+01	 2.6214e+00	 2.4525e-01
 2.6827e+03	 8.0000e+01	 2.6748e+00	 2.1653e-01
 1.9307e+03	 8.0000e+01	 2.7184e+00	 1.8617e-01
 1.3895e+03	 8.0000e+01	 2.7526e+00	 1.5651e-01
 1.0000e+03	 8.0000e+01	 2.7786e+00	 1.2948e-01
 7.1969e+02	 8.0000e+01	 2.7978e+00	 1.0624e-01
 5.1795e+02	 8.0000e+01	 2.8118e+00	 8.7292e-02
 3.7276e+02	 8.0000e+01	 2.8219e+00	 7.2839e-02
 2.6827e+02	 8.0000e+01	 2.8292e+00	 6.2744e-02
 1.9307e+02	 8.0000e+01	 2.8345e+00	 5.6975e-02
 1.3895e+02	 8.0000e+01	 2.8384e+00	 5.5666e-02
 1.0000e+02	 8.0000e+01	 2.8414e+00	 5.9136e-02
 7.1969e+01	 8.0000e+01	 2.8436e+00	 6.8111e-02
 5.1795e+01	 8.0000e+01	 2.8453e+00	 8.3832e-02
 3.7276e+01	 8.0000e+01	 2.8468e+00	 1.0820e-01
 2.6827e+01	 8.0000e+01	 2.8482e+00	 1.4384e-01
 1.9307e+01	 8.0000e+01	 2.8495e+00	 1.9490e-01
 1.3895e+01	 8.0000e+01	 2.8511e+00	 2.6695e-01
 1.0000e+01	 8.0000e+01	 2.8533e+00	 3.6824e-01
 7.1969e+00	 8.0000e+01	 2.8565e+00	 5.0877e-01
 5.1795e+00	 8.0000e+01	 2.8619e+00	 7.0432e-01
 3.7276e+00	 8.0000e+01	 2.8706e+00	 9.7518e-01
 2.6827e+00	 8.0000e+01	 2.8847e+00	 1.3505e+00
 1.9307e+00	 8.0000e+01	 2.9060e+00	 1.8652e+00
 1.3895e+00	 8.0000e+01	 2.9379e+00	 2.5802e+00
 1.0000e+00	 8.0000e+01	 2.9833e+00	 3.5534e+00
 7.1969e-01	 8.0000e+01	 3.0469e+00	 4.9004e+00
 5.1795e-01	 8.0000e+01	 3.1483e+00	 6.7695e+00
 3.7276e-01	 8.0000e+01	 3.3008e+00	 9.3196e+00
 2.6827e-01	 8.0000e+01	 3.5373e+00	 1.2839e+01
 1.9307e-01	 8.0000e+01	 3.8757e+00	 1.7698e+01
 1.3895e-01	 8.0000e+01	 4.3552e+00	 2.4315e+01
 1.0000e-01	 8.0000e+01	 5.0674e+00	 3.3460e+01
 7.1969e-02	 8.0000e+01	 6.0744e+00	 4.5972e+01
 5.1795e-02	 8.0000e+01	 7.4355e+00	 6.3046e+01
 3.7276e-02	 8.0000e+01	 9.2617e+00	 8.6649e+01
 2.6827e-02	 8.0000e+01	 1.1534e+01	 1.1883e+02
 1.0000e+07	 9.0000e+01	 1.9072e+00	 6.5174e-03
 7.1969e+06	 9.0000e+01	 1.9045e+00	 6.1020e-02
 5.1795e+06	 9.0000e+01	 1.9005e+00	 6.7790e-02
 3.7276e+06	 9.0000e+01	 1.9099e+00	 7.2506e-02
 2.6827e+06	 9.0000e+01	 1.9184e+00	 8.6689e-02
 1.9307e+06	 9.0000e+01	 1.9346e+00	 9.9937e-02
 1.3895e+06	 9.0000e+01	 1.9558e+00	 1.1319e-01
 1.0000e+06	 9.0000e+01	 1.9772e+00	 1.3419e-01
 7.1969e+05	 9.0000e+01	 1.9996e+00	 1.5222e-01
 5.1795e+05	 9.0000e+01	 2.0314e+00	 1.7107e-01
 3.7276e+05	 9.0000e+01	 2.0675e+00	 1.9217e-01
 2.6827e+05	 9.0000e+01	 2.1085e+00	 2.1490e-01
 1.9307e+05	 9.0000e+01	 2.1568e+00	 2.3893e-01
 1.3895e+05	 9.0000e+01	 2.2112e+00	 2.6303e-01
 1.0000e+05	 9.0000e+01	 2.2733e+00	 2.8567e-01
 7.1969e+04	 9.0000e+01	 2.3433e+00	 3.0496e-01
 5.1795e+04	 9.0000e+01	 2.4192e+00	 3.1850e-01
 3.7276e+04	 9.0000e+01	 2.5006e+00	 3.2404e-01
 2.6827e+04	 9.0000e+01	 2.5829e+00	 3.1975e-01
 1.9307e+04	 9.0000e+01	 2.6628e+00	 3.0507e-01
 1.3895e+04	 9.0000e+01	 2.7364e+00	 2.8092e-01
 1.0000e+04	 9.0000e+01	 2.8006e+00	 2.4976e-01
 7.1969e+03	 9.0000e+01	 2.8532e+00	 2.1478e-01
 5.1795e+03	 9.0000e+01	 2.8944e+00	 1.7954e-01
 3.7276e+03	 9.0000e+01	 2.9250e+00	 1.4683e-01
 2.6827e+03	 9.0000e+01	 2.9470e+00	 1.1836e-01
 1.9307e+03	 9.0000e+01	 2.9626e+00	 9.5022e-02
 1.3895e+03	 9.0000e+01	 2.9735e+00	 7.6924e-02
 1.0000e+03	 9.0000e+01	 2.9814e+00	 6.3765e-02
 7.1969e+02	 9.0000e+01	 2.9868e+00	 5.5326e-02
 5.1795e+02	 9.0000e+01	 2.9910e+00	 5.1356e-02
 3.7276e+02	 9.0000e+01	 2.9939e+00	 5.1911e-02
 2.6827e+02	 9.0000e+01	 2.9962e+00	 5.7365e-02
 1.9307e+02	 9.0000e+01	 2.9981e+00	 6.8542e-02
 1.3895e+02	 9.0000e+01	 2.9997e+00	 8.6753e-02
 1.0000e+02	 9.0000e+01	 3.0014e+00	 1.1414e-01
 7.1969e+01	 9.0000e+01	 3.0028e+00	 1.5373e-01
 5.1795e+01	 9.0000e+01	 3.0046e+00	 2.0971e-01
 3.7276e+01	 9.0000e+01	 3.0065e+00	 2.8859e-01
 2.6827e+01	 9.0000e+01	 3.0089e+00	 3.9843e-01
 1.9307e+01	 9.0000e+01	 3.0123e+00	 5.5138e-01
 1.3895e+01	 9.0000e+01	 3.0177e+00	 7.6391e-01
 1.0000e+01	 9.0000e+01	 3.0268e+00	 1.0585e+00
 7.1969e+00	 9.0000e+01	 3.0405e+00	 1.4656e+00
 5.1795e+00	 9.0000e+01	 3.0618e+00	 2.0270e+00
 3.7276e+00	 9.0000e+01	 3.0942e+00	 2.8029e+00
 2.6827e+00	 9.0000e+01	 3.1403e+00	 3.8684e+00
 1.9307e+00	 9.0000e+01	 3.2108e+00	 5.3436e+00
 1.3895e+00	 9.0000e+01	 3.3157e+00	 7.3787e+00
 1.0000e+00	 9.0000e+01	 3.4821e+00	 1.0175e+01
 7.1969e-01	 9.0000e+01	 3.7232e+00	 1.4024e+01
 5.1795e-01	 9.0000e+01	 4.0771e+00	 1.9273e+01
 3.7276e-01	 9.0000e+01	 4.5390e+00	 2.6407e+01
 2.6827e-01	 9.0000e+01	 5.2419e+00	 3.6294e+01
 1.9307e-01	 9.0000e+01	 6.1579e+00	 4.9852e+01
 1.3895e-01	 9.0000e+01	 7.3340e+00	 6.8440e+01
 1.0000e-01	 9.0000e+01	 8.8215e+00	 9.4387e+01
 7.1969e-02	 9.0000e+01	 1.0549e+01	 1.2997e+02
 5.1795e-02	 9.0000e+01	 1.2440e+01	 1.8063e+02
 3.7276e-02	 9.0000e+01	 1.4457e+01	 2.5086e+02
 2.6827e-02	 9.0000e+01	 1.6735e+01	 3.4841e+02