PeMA-05142015, 14.5.2015, 9:29
Fixed value(s) :  AC Volt  [Vrms]=1.000
 Freq.[Hz]	 Temp.[°C]	 Eps'   	 Eps''  
 1.0000e+07	 1.3000e+02	 2.5684e+00	 1.2752e-01
 7.1969e+06	 1.3000e+02	 2.5952e+00	 2.4382e-01
 5.1795e+06	 1.3000e+02	 2.6237e+00	 2.7664e-01
 3.7276e+06	 1.3000e+02	 2.6754e+00	 3.0364e-01
 2.6827e+06	 1.3000e+02	 2.7337e+00	 3.4370e-01
 1.9307e+06	 1.3000e+02	 2.8098e+00	 3.8251e-01
 1.3895e+06	 1.3000e+02	 2.9018e+00	 4.1292e-01
 1.0000e+06	 1.3000e+02	 2.9988e+00	 4.4035e-01
 7.1969e+05	 1.3000e+02	 3.1087e+00	 4.6710e-01
 5.1795e+05	 1.3000e+02	 3.2250e+00	 4.7040e-01
 3.7276e+05	 1.3000e+02	 3.3427e+00	 4.5950e-01
 2.6827e+05	 1.3000e+02	 3.4559e+00	 4.3320e-01
 1.9307e+05	 1.3000e+02	 3.5584e+00	 3.9338e-01
 1.3895e+05	 1.3000e+02	 3.6457e+00	 3.4392e-01
 1.0000e+05	 1.3000e+02	 3.7148e+00	 2.9046e-01
 7.1969e+04	 1.3000e+02	 3.7669e+00	 2.3785e-01
 5.1795e+04	 1.3000e+02	 3.8036e+00	 1.9078e-01
 3.7276e+04	 1.3000e+02	 3.8293e+00	 1.5109e-01
 2.6827e+04	 1.3000e+02	 3.8462e+00	 1.1941e-01
 1.9307e+04	 1.3000e+02	 3.8574e+00	 9.5431e-02
 1.3895e+04	 1.3000e+02	 3.8650e+00	 7.8432e-02
 1.0000e+04	 1.3000e+02	 3.8700e+00	 6.7557e-02
 7.1969e+03	 1.3000e+02	 3.8738e+00	 6.2431e-02
 5.1795e+03	 1.3000e+02	 3.8762e+00	 6.2960e-02
 3.7276e+03	 1.3000e+02	 3.8784e+00	 6.9555e-02
 2.6827e+03	 1.3000e+02	 3.8798e+00	 8.3034e-02
 1.9307e+03	 1.3000e+02	 3.8809e+00	 1.0507e-01
 1.3895e+03	 1.3000e+02	 3.8819e+00	 1.3804e-01
 1.0000e+03	 1.3000e+02	 3.8831e+00	 1.8567e-01
 7.1969e+02	 1.3000e+02	 3.8848e+00	 2.5296e-01
 5.1795e+02	 1.3000e+02	 3.8870e+00	 3.4721e-01
 3.7276e+02	 1.3000e+02	 3.8902e+00	 4.7880e-01
 2.6827e+02	 1.3000e+02	 3.8953e+00	 6.6183e-01
 1.9307e+02	 1.3000e+02	 3.9040e+00	 9.1489e-01
 1.3895e+02	 1.3000e+02	 3.9185e+00	 1.2650e+00
 1.0000e+02	 1.3000e+02	 3.9427e+00	 1.7468e+00
 7.1969e+01	 1.3000e+02	 3.9810e+00	 2.4075e+00
 5.1795e+01	 1.3000e+02	 4.0354e+00	 3.3071e+00
 3.7276e+01	 1.3000e+02	 4.1155e+00	 4.5375e+00
 2.6827e+01	 1.3000e+02	 4.2268e+00	 6.2283e+00
 1.9307e+01	 1.3000e+02	 4.3652e+00	 8.5246e+00
 1.3895e+01	 1.3000e+02	 4.5315e+00	 1.1661e+01
 1.0000e+01	 1.3000e+02	 4.7322e+00	 1.5994e+01
 7.1969e+00	 1.3000e+02	 4.9472e+00	 2.1936e+01
 5.1795e+00	 1.3000e+02	 5.1577e+00	 3.0110e+01
 3.7276e+00	 1.3000e+02	 5.3682e+00	 4.1488e+01
 2.6827e+00	 1.3000e+02	 5.5616e+00	 5.7273e+01
 1.9307e+00	 1.3000e+02	 5.7382e+00	 7.9245e+01
 1.3895e+00	 1.3000e+02	 5.9203e+00	 1.0984e+02
 1.0000e+00	 1.3000e+02	 6.0965e+00	 1.5232e+02
 7.1969e-01	 1.3000e+02	 6.3547e+00	 2.1120e+02
 5.1795e-01	 1.3000e+02	 6.6760e+00	 2.9319e+02
 3.7276e-01	 1.3000e+02	 7.1120e+00	 4.0671e+02
 2.6827e-01	 1.3000e+02	 7.7846e+00	 5.6480e+02
 1.9307e-01	 1.3000e+02	 8.7715e+00	 7.8346e+02
 1.3895e-01	 1.3000e+02	 1.0155e+01	 1.0873e+03
 1.0000e-01	 1.3000e+02	 1.2014e+01	 1.5089e+03
 7.1969e-02	 1.3000e+02	 1.5278e+01	 2.0919e+03
 5.1795e-02	 1.3000e+02	 1.9642e+01	 2.8980e+03
 3.7276e-02	 1.3000e+02	 2.6432e+01	 4.0042e+03
 2.6827e-02	 1.3000e+02	 3.7270e+01	 5.5246e+03
 1.0000e+07	 1.2500e+02	 2.5265e+00	 1.1390e-01
 7.1969e+06	 1.2500e+02	 2.5531e+00	 2.1260e-01
 5.1795e+06	 1.2500e+02	 2.5764e+00	 2.4554e-01
 3.7276e+06	 1.2500e+02	 2.6235e+00	 2.7194e-01
 2.6827e+06	 1.2500e+02	 2.6742e+00	 3.1193e-01
 1.9307e+06	 1.2500e+02	 2.7415e+00	 3.5119e-01
 1.3895e+06	 1.2500e+02	 2.8234e+00	 3.8419e-01
 1.0000e+06	 1.2500e+02	 2.9110e+00	 4.1760e-01
 7.1969e+05	 1.2500e+02	 3.0131e+00	 4.5312e-01
 5.1795e+05	 1.2500e+02	 3.1240e+00	 4.6854e-01
 3.7276e+05	 1.2500e+02	 3.2407e+00	 4.7245e-01
 2.6827e+05	 1.2500e+02	 3.3583e+00	 4.6220e-01
 1.9307e+05	 1.2500e+02	 3.4719e+00	 4.3696e-01
 1.3895e+05	 1.2500e+02	 3.5753e+00	 3.9838e-01
 1.0000e+05	 1.2500e+02	 3.6638e+00	 3.5025e-01
 7.1969e+04	 1.2500e+02	 3.7351e+00	 2.9756e-01
 5.1795e+04	 1.2500e+02	 3.7891e+00	 2.4568e-01
 3.7276e+04	 1.2500e+02	 3.8286e+00	 1.9855e-01
 2.6827e+04	 1.2500e+02	 3.8558e+00	 1.5819e-01
 1.9307e+04	 1.2500e+02	 3.8744e+00	 1.2575e-01
 1.3895e+04	 1.2500e+02	 3.8871e+00	 1.0080e-01
 1.0000e+04	 1.2500e+02	 3.8957e+00	 8.2520e-02
 7.1969e+03	 1.2500e+02	 3.9018e+00	 7.0531e-02
 5.1795e+03	 1.2500e+02	 3.9058e+00	 6.4232e-02
 3.7276e+03	 1.2500e+02	 3.9093e+00	 6.3629e-02
 2.6827e+03	 1.2500e+02	 3.9114e+00	 6.8808e-02
 1.9307e+03	 1.2500e+02	 3.9129e+00	 8.0705e-02
 1.3895e+03	 1.2500e+02	 3.9142e+00	 1.0076e-01
 1.0000e+03	 1.2500e+02	 3.9155e+00	 1.3122e-01
 7.1969e+02	 1.2500e+02	 3.9168e+00	 1.7547e-01
 5.1795e+02	 1.2500e+02	 3.9185e+00	 2.3823e-01
 3.7276e+02	 1.2500e+02	 3.9206e+00	 3.2638e-01
 2.6827e+02	 1.2500e+02	 3.9238e+00	 4.4940e-01
 1.9307e+02	 1.2500e+02	 3.9292e+00	 6.2067e-01
 1.3895e+02	 1.2500e+02	 3.9382e+00	 8.5766e-01
 1.0000e+02	 1.2500e+02	 3.9532e+00	 1.1849e+00
 7.1969e+01	 1.2500e+02	 3.9785e+00	 1.6354e+00
 5.1795e+01	 1.2500e+02	 4.0202e+00	 2.2519e+00
 3.7276e+01	 1.2500e+02	 4.0828e+00	 3.0893e+00
 2.6827e+01	 1.2500e+02	 4.1772e+00	 4.2269e+00
 1.9307e+01	 1.2500e+02	 4.3088e+00	 5.7737e+00
 1.3895e+01	 1.2500e+02	 4.4684e+00	 7.8627e+00
 1.0000e+01	 1.2500e+02	 4.6594e+00	 1.0713e+01
 7.1969e+00	 1.2500e+02	 4.8702e+00	 1.4625e+01
 5.1795e+00	 1.2500e+02	 5.0781e+00	 1.9990e+01
 3.7276e+00	 1.2500e+02	 5.2622e+00	 2.7356e+01
 2.6827e+00	 1.2500e+02	 5.4356e+00	 3.7667e+01
 1.9307e+00	 1.2500e+02	 5.5850e+00	 5.1959e+01
 1.3895e+00	 1.2500e+02	 5.7216e+00	 7.1952e+01
 1.0000e+00	 1.2500e+02	 5.8783e+00	 9.9577e+01
 7.1969e-01	 1.2500e+02	 6.0434e+00	 1.3799e+02
 5.1795e-01	 1.2500e+02	 6.2852e+00	 1.9127e+02
 3.7276e-01	 1.2500e+02	 6.6265e+00	 2.6503e+02
 2.6827e-01	 1.2500e+02	 7.0891e+00	 3.6746e+02
 1.9307e-01	 1.2500e+02	 7.7648e+00	 5.0950e+02
 1.3895e-01	 1.2500e+02	 8.6963e+00	 7.0566e+02
 1.0000e-01	 1.2500e+02	 1.0043e+01	 9.7644e+02
 7.1969e-02	 1.2500e+02	 1.2143e+01	 1.3496e+03
 5.1795e-02	 1.2500e+02	 1.5103e+01	 1.8676e+03
 3.7276e-02	 1.2500e+02	 1.9310e+01	 2.5766e+03
 2.6827e-02	 1.2500e+02	 2.5227e+01	 3.5555e+03
 1.0000e+07	 1.2000e+02	 2.4879e+00	 8.3672e-02
 7.1969e+06	 1.2000e+02	 2.5115e+00	 1.8294e-01
 5.1795e+06	 1.2000e+02	 2.5287e+00	 2.1342e-01
 3.7276e+06	 1.2000e+02	 2.5679e+00	 2.3949e-01
 2.6827e+06	 1.2000e+02	 2.6111e+00	 2.7595e-01
 1.9307e+06	 1.2000e+02	 2.6683e+00	 3.1319e-01
 1.3895e+06	 1.2000e+02	 2.7393e+00	 3.4677e-01
 1.0000e+06	 1.2000e+02	 2.8151e+00	 3.8282e-01
 7.1969e+05	 1.2000e+02	 2.9058e+00	 4.2430e-01
 5.1795e+05	 1.2000e+02	 3.0065e+00	 4.4970e-01
 3.7276e+05	 1.2000e+02	 3.1161e+00	 4.6740e-01
 2.6827e+05	 1.2000e+02	 3.2318e+00	 4.7408e-01
 1.9307e+05	 1.2000e+02	 3.3499e+00	 4.6744e-01
 1.3895e+05	 1.2000e+02	 3.4650e+00	 4.4635e-01
 1.0000e+05	 1.2000e+02	 3.5715e+00	 4.1163e-01
 7.1969e+04	 1.2000e+02	 3.6646e+00	 3.6667e-01
 5.1795e+04	 1.2000e+02	 3.7411e+00	 3.1596e-01
 3.7276e+04	 1.2000e+02	 3.8013e+00	 2.6440e-01
 2.6827e+04	 1.2000e+02	 3.8457e+00	 2.1629e-01
 1.9307e+04	 1.2000e+02	 3.8775e+00	 1.7425e-01
 1.3895e+04	 1.2000e+02	 3.8999e+00	 1.3946e-01
 1.0000e+04	 1.2000e+02	 3.9156e+00	 1.1196e-01
 7.1969e+03	 1.2000e+02	 3.9266e+00	 9.1403e-02
 5.1795e+03	 1.2000e+02	 3.9341e+00	 7.7047e-02
 3.7276e+03	 1.2000e+02	 3.9400e+00	 6.8496e-02
 2.6827e+03	 1.2000e+02	 3.9439e+00	 6.5489e-02
 1.9307e+03	 1.2000e+02	 3.9467e+00	 6.8247e-02
 1.3895e+03	 1.2000e+02	 3.9487e+00	 7.7397e-02
 1.0000e+03	 1.2000e+02	 3.9504e+00	 9.4166e-02
 7.1969e+02	 1.2000e+02	 3.9520e+00	 1.2053e-01
 5.1795e+02	 1.2000e+02	 3.9534e+00	 1.5949e-01
 3.7276e+02	 1.2000e+02	 3.9550e+00	 2.1534e-01
 2.6827e+02	 1.2000e+02	 3.9571e+00	 2.9407e-01
 1.9307e+02	 1.2000e+02	 3.9601e+00	 4.0416e-01
 1.3895e+02	 1.2000e+02	 3.9648e+00	 5.5743e-01
 1.0000e+02	 1.2000e+02	 3.9728e+00	 7.6940e-01
 7.1969e+01	 1.2000e+02	 3.9864e+00	 1.0634e+00
 5.1795e+01	 1.2000e+02	 4.0097e+00	 1.4682e+00
 3.7276e+01	 1.2000e+02	 4.0488e+00	 2.0212e+00
 2.6827e+01	 1.2000e+02	 4.1109e+00	 2.7746e+00
 1.9307e+01	 1.2000e+02	 4.2000e+00	 3.7926e+00
 1.3895e+01	 1.2000e+02	 4.3305e+00	 5.1746e+00
 1.0000e+01	 1.2000e+02	 4.4906e+00	 7.0418e+00
 7.1969e+00	 1.2000e+02	 4.6852e+00	 9.5761e+00
 5.1795e+00	 1.2000e+02	 4.8915e+00	 1.3035e+01
 3.7276e+00	 1.2000e+02	 5.0969e+00	 1.7783e+01
 2.6827e+00	 1.2000e+02	 5.2798e+00	 2.4303e+01
 1.9307e+00	 1.2000e+02	 5.4490e+00	 3.3426e+01
 1.3895e+00	 1.2000e+02	 5.5901e+00	 4.6087e+01
 1.0000e+00	 1.2000e+02	 5.7112e+00	 6.3611e+01
 7.1969e-01	 1.2000e+02	 5.8438e+00	 8.8041e+01
 5.1795e-01	 1.2000e+02	 6.0003e+00	 1.2200e+02
 3.7276e-01	 1.2000e+02	 6.1773e+00	 1.6906e+02
 2.6827e-01	 1.2000e+02	 6.5234e+00	 2.3370e+02
 1.9307e-01	 1.2000e+02	 6.9881e+00	 3.2402e+02
 1.3895e-01	 1.2000e+02	 7.6575e+00	 4.4938e+02
 1.0000e-01	 1.2000e+02	 8.5917e+00	 6.2152e+02
 7.1969e-02	 1.2000e+02	 1.0022e+01	 8.6028e+02
 5.1795e-02	 1.2000e+02	 1.1913e+01	 1.1897e+03
 3.7276e-02	 1.2000e+02	 1.4553e+01	 1.6438e+03
 2.6827e-02	 1.2000e+02	 1.8350e+01	 2.2745e+03
 1.0000e+07	 1.1500e+02	 2.4560e+00	 6.1582e-02
 7.1969e+06	 1.1500e+02	 2.4766e+00	 1.5619e-01
 5.1795e+06	 1.1500e+02	 2.4896e+00	 1.8414e-01
 3.7276e+06	 1.1500e+02	 2.5228e+00	 2.0718e-01
 2.6827e+06	 1.1500e+02	 2.5587e+00	 2.4050e-01
 1.9307e+06	 1.1500e+02	 2.6071e+00	 2.7501e-01
 1.3895e+06	 1.1500e+02	 2.6678e+00	 3.0678e-01
 1.0000e+06	 1.1500e+02	 2.7321e+00	 3.4273e-01
 7.1969e+05	 1.1500e+02	 2.8110e+00	 3.8611e-01
 5.1795e+05	 1.1500e+02	 2.8992e+00	 4.1692e-01
 3.7276e+05	 1.1500e+02	 2.9977e+00	 4.4377e-01
 2.6827e+05	 1.1500e+02	 3.1051e+00	 4.6365e-01
 1.9307e+05	 1.1500e+02	 3.2194e+00	 4.7364e-01
 1.3895e+05	 1.1500e+02	 3.3368e+00	 4.7133e-01
 1.0000e+05	 1.1500e+02	 3.4530e+00	 4.5520e-01
 7.1969e+04	 1.1500e+02	 3.5622e+00	 4.2563e-01
 5.1795e+04	 1.1500e+02	 3.6599e+00	 3.8490e-01
 3.7276e+04	 1.1500e+02	 3.7431e+00	 3.3701e-01
 2.6827e+04	 1.1500e+02	 3.8095e+00	 2.8663e-01
 1.9307e+04	 1.1500e+02	 3.8606e+00	 2.3808e-01
 1.3895e+04	 1.1500e+02	 3.8983e+00	 1.9434e-01
 1.0000e+04	 1.1500e+02	 3.9257e+00	 1.5704e-01
 7.1969e+03	 1.1500e+02	 3.9453e+00	 1.2654e-01
 5.1795e+03	 1.1500e+02	 3.9592e+00	 1.0288e-01
 3.7276e+03	 1.1500e+02	 3.9693e+00	 8.5502e-02
 2.6827e+03	 1.1500e+02	 3.9760e+00	 7.3863e-02
 1.9307e+03	 1.1500e+02	 3.9809e+00	 6.8119e-02
 1.3895e+03	 1.1500e+02	 3.9841e+00	 6.7973e-02
 1.0000e+03	 1.1500e+02	 3.9867e+00	 7.4150e-02
 7.1969e+02	 1.1500e+02	 3.9887e+00	 8.7369e-02
 5.1795e+02	 1.1500e+02	 3.9904e+00	 1.0962e-01
 3.7276e+02	 1.1500e+02	 3.9918e+00	 1.4315e-01
 2.6827e+02	 1.1500e+02	 3.9933e+00	 1.9176e-01
 1.9307e+02	 1.1500e+02	 3.9951e+00	 2.6077e-01
 1.3895e+02	 1.1500e+02	 3.9979e+00	 3.5741e-01
 1.0000e+02	 1.1500e+02	 4.0019e+00	 4.9183e-01
 7.1969e+01	 1.1500e+02	 4.0087e+00	 6.7867e-01
 5.1795e+01	 1.1500e+02	 4.0200e+00	 9.3799e-01
 3.7276e+01	 1.1500e+02	 4.0396e+00	 1.2955e+00
 2.6827e+01	 1.1500e+02	 4.0735e+00	 1.7851e+00
 1.9307e+01	 1.1500e+02	 4.1283e+00	 2.4529e+00
 1.3895e+01	 1.1500e+02	 4.2094e+00	 3.3548e+00
 1.0000e+01	 1.1500e+02	 4.3287e+00	 4.5738e+00
 7.1969e+00	 1.1500e+02	 4.4887e+00	 6.2255e+00
 5.1795e+00	 1.1500e+02	 4.6770e+00	 8.4483e+00
 3.7276e+00	 1.1500e+02	 4.8834e+00	 1.1466e+01
 2.6827e+00	 1.1500e+02	 5.1016e+00	 1.5621e+01
 1.9307e+00	 1.1500e+02	 5.3002e+00	 2.1349e+01
 1.3895e+00	 1.1500e+02	 5.4693e+00	 2.9274e+01
 1.0000e+00	 1.1500e+02	 5.6174e+00	 4.0293e+01
 7.1969e-01	 1.1500e+02	 5.7448e+00	 5.5616e+01
 5.1795e-01	 1.1500e+02	 5.8672e+00	 7.6882e+01
 3.7276e-01	 1.1500e+02	 6.0140e+00	 1.0652e+02
 2.6827e-01	 1.1500e+02	 6.1829e+00	 1.4766e+02
 1.9307e-01	 1.1500e+02	 6.4421e+00	 2.0440e+02
 1.3895e-01	 1.1500e+02	 6.8242e+00	 2.8262e+02
 1.0000e-01	 1.1500e+02	 7.4041e+00	 3.9187e+02
 7.1969e-02	 1.1500e+02	 8.2958e+00	 5.4262e+02
 5.1795e-02	 1.1500e+02	 9.6048e+00	 7.5096e+02
 3.7276e-02	 1.1500e+02	 1.1268e+01	 1.0385e+03
 2.6827e-02	 1.1500e+02	 1.3694e+01	 1.4361e+03
 1.0000e+07	 1.1000e+02	 2.4273e+00	 3.8408e-02
 7.1969e+06	 1.1000e+02	 2.4448e+00	 1.3094e-01
 5.1795e+06	 1.1000e+02	 2.4532e+00	 1.5638e-01
 3.7276e+06	 1.1000e+02	 2.4808e+00	 1.7653e-01
 2.6827e+06	 1.1000e+02	 2.5100e+00	 2.0671e-01
 1.9307e+06	 1.1000e+02	 2.5506e+00	 2.3794e-01
 1.3895e+06	 1.1000e+02	 2.6023e+00	 2.6685e-01
 1.0000e+06	 1.1000e+02	 2.6559e+00	 3.0058e-01
 7.1969e+05	 1.1000e+02	 2.7233e+00	 3.4319e-01
 5.1795e+05	 1.1000e+02	 2.7987e+00	 3.7548e-01
 3.7276e+05	 1.1000e+02	 2.8842e+00	 4.0683e-01
 2.6827e+05	 1.1000e+02	 2.9792e+00	 4.3480e-01
 1.9307e+05	 1.1000e+02	 3.0835e+00	 4.5689e-01
 1.3895e+05	 1.1000e+02	 3.1950e+00	 4.7045e-01
 1.0000e+05	 1.1000e+02	 3.3110e+00	 4.7293e-01
 7.1969e+04	 1.1000e+02	 3.4274e+00	 4.6242e-01
 5.1795e+04	 1.1000e+02	 3.5391e+00	 4.3882e-01
 3.7276e+04	 1.1000e+02	 3.6421e+00	 4.0351e-01
 2.6827e+04	 1.1000e+02	 3.7312e+00	 3.5975e-01
 1.9307e+04	 1.1000e+02	 3.8050e+00	 3.1177e-01
 1.3895e+04	 1.1000e+02	 3.8638e+00	 2.6350e-01
 1.0000e+04	 1.1000e+02	 3.9088e+00	 2.1837e-01
 7.1969e+03	 1.1000e+02	 3.9424e+00	 1.7863e-01
 5.1795e+03	 1.1000e+02	 3.9671e+00	 1.4537e-01
 3.7276e+03	 1.1000e+02	 3.9852e+00	 1.1848e-01
 2.6827e+03	 1.1000e+02	 3.9978e+00	 9.7993e-02
 1.9307e+03	 1.1000e+02	 4.0070e+00	 8.3434e-02
 1.3895e+03	 1.1000e+02	 4.0134e+00	 7.4665e-02
 1.0000e+03	 1.1000e+02	 4.0182e+00	 7.1519e-02
 7.1969e+02	 1.1000e+02	 4.0221e+00	 7.4476e-02
 5.1795e+02	 1.1000e+02	 4.0248e+00	 8.3968e-02
 3.7276e+02	 1.1000e+02	 4.0272e+00	 1.0154e-01
 2.6827e+02	 1.1000e+02	 4.0290e+00	 1.2934e-01
 1.9307e+02	 1.1000e+02	 4.0308e+00	 1.7049e-01
 1.3895e+02	 1.1000e+02	 4.0330e+00	 2.2956e-01
 1.0000e+02	 1.1000e+02	 4.0353e+00	 3.1282e-01
 7.1969e+01	 1.1000e+02	 4.0389e+00	 4.2959e-01
 5.1795e+01	 1.1000e+02	 4.0444e+00	 5.9198e-01
 3.7276e+01	 1.1000e+02	 4.0538e+00	 8.1714e-01
 2.6827e+01	 1.1000e+02	 4.0702e+00	 1.1277e+00
 1.9307e+01	 1.1000e+02	 4.0983e+00	 1.5552e+00
 1.3895e+01	 1.1000e+02	 4.1450e+00	 2.1385e+00
 1.0000e+01	 1.1000e+02	 4.2162e+00	 2.9276e+00
 7.1969e+00	 1.1000e+02	 4.3239e+00	 3.9961e+00
 5.1795e+00	 1.1000e+02	 4.4748e+00	 5.4413e+00
 3.7276e+00	 1.1000e+02	 4.6558e+00	 7.3774e+00
 2.6827e+00	 1.1000e+02	 4.8701e+00	 1.0013e+01
 1.9307e+00	 1.1000e+02	 5.0947e+00	 1.3600e+01
 1.3895e+00	 1.1000e+02	 5.3115e+00	 1.8519e+01
 1.0000e+00	 1.1000e+02	 5.4961e+00	 2.5308e+01
 7.1969e-01	 1.1000e+02	 5.6717e+00	 3.4788e+01
 5.1795e-01	 1.1000e+02	 5.8152e+00	 4.7968e+01
 3.7276e-01	 1.1000e+02	 5.9373e+00	 6.6225e+01
 2.6827e-01	 1.1000e+02	 6.0669e+00	 9.1523e+01
 1.9307e-01	 1.1000e+02	 6.2417e+00	 1.2663e+02
 1.3895e-01	 1.1000e+02	 6.4594e+00	 1.7547e+02
 1.0000e-01	 1.1000e+02	 6.8092e+00	 2.4229e+02
 7.1969e-02	 1.1000e+02	 7.2567e+00	 3.3583e+02
 5.1795e-02	 1.1000e+02	 7.9433e+00	 4.6511e+02
 3.7276e-02	 1.1000e+02	 8.9026e+00	 6.4329e+02
 2.6827e-02	 1.1000e+02	 1.0441e+01	 8.8963e+02
 1.0000e+07	 1.0500e+02	 2.4022e+00	 1.9842e-02
 7.1969e+06	 1.0500e+02	 2.4163e+00	 1.0907e-01
 5.1795e+06	 1.0500e+02	 2.4208e+00	 1.3203e-01
 3.7276e+06	 1.0500e+02	 2.4437e+00	 1.4896e-01
 2.6827e+06	 1.0500e+02	 2.4673e+00	 1.7607e-01
 1.9307e+06	 1.0500e+02	 2.5012e+00	 2.0379e-01
 1.3895e+06	 1.0500e+02	 2.5449e+00	 2.2919e-01
 1.0000e+06	 1.0500e+02	 2.5895e+00	 2.5973e-01
 7.1969e+05	 1.0500e+02	 2.6465e+00	 2.9946e-01
 5.1795e+05	 1.0500e+02	 2.7072e+00	 3.3024e-01
 3.7276e+05	 1.0500e+02	 2.7824e+00	 3.6246e-01
 2.6827e+05	 1.0500e+02	 2.8643e+00	 3.9389e-01
 1.9307e+05	 1.0500e+02	 2.9556e+00	 4.2282e-01
 1.3895e+05	 1.0500e+02	 3.0561e+00	 4.4706e-01
 1.0000e+05	 1.0500e+02	 3.1640e+00	 4.6397e-01
 7.1969e+04	 1.0500e+02	 3.2773e+00	 4.7105e-01
 5.1795e+04	 1.0500e+02	 3.3926e+00	 4.6664e-01
 3.7276e+04	 1.0500e+02	 3.5060e+00	 4.4980e-01
 2.6827e+04	 1.0500e+02	 3.6122e+00	 4.2102e-01
 1.9307e+04	 1.0500e+02	 3.7073e+00	 3.8281e-01
 1.3895e+04	 1.0500e+02	 3.7890e+00	 3.3860e-01
 1.0000e+04	 1.0500e+02	 3.8560e+00	 2.9212e-01
 7.1969e+03	 1.0500e+02	 3.9098e+00	 2.4709e-01
 5.1795e+03	 1.0500e+02	 3.9510e+00	 2.0590e-01
 3.7276e+03	 1.0500e+02	 3.9827e+00	 1.6986e-01
 2.6827e+03	 1.0500e+02	 4.0061e+00	 1.3995e-01
 1.9307e+03	 1.0500e+02	 4.0236e+00	 1.1601e-01
 1.3895e+03	 1.0500e+02	 4.0365e+00	 9.7920e-02
 1.0000e+03	 1.0500e+02	 4.0463e+00	 8.5522e-02
 7.1969e+02	 1.0500e+02	 4.0536e+00	 7.8638e-02
 5.1795e+02	 1.0500e+02	 4.0590e+00	 7.7392e-02
 3.7276e+02	 1.0500e+02	 4.0632e+00	 8.2599e-02
 2.6827e+02	 1.0500e+02	 4.0665e+00	 9.5189e-02
 1.9307e+02	 1.0500e+02	 4.0690e+00	 1.1672e-01
 1.3895e+02	 1.0500e+02	 4.0710e+00	 1.5010e-01
 1.0000e+02	 1.0500e+02	 4.0729e+00	 1.9909e-01
 7.1969e+01	 1.0500e+02	 4.0750e+00	 2.6899e-01
 5.1795e+01	 1.0500e+02	 4.0779e+00	 3.6770e-01
 3.7276e+01	 1.0500e+02	 4.0821e+00	 5.0543e-01
 2.6827e+01	 1.0500e+02	 4.0892e+00	 6.9749e-01
 1.9307e+01	 1.0500e+02	 4.1020e+00	 9.6364e-01
 1.3895e+01	 1.0500e+02	 4.1243e+00	 1.3299e+00
 1.0000e+01	 1.0500e+02	 4.1630e+00	 1.8318e+00
 7.1969e+00	 1.0500e+02	 4.2245e+00	 2.5140e+00
 5.1795e+00	 1.0500e+02	 4.3167e+00	 3.4305e+00
 3.7276e+00	 1.0500e+02	 4.4539e+00	 4.6719e+00
 2.6827e+00	 1.0500e+02	 4.6253e+00	 6.3295e+00
 1.9307e+00	 1.0500e+02	 4.8413e+00	 8.5808e+00
 1.3895e+00	 1.0500e+02	 5.0672e+00	 1.1621e+01
 1.0000e+00	 1.0500e+02	 5.3103e+00	 1.5796e+01
 7.1969e-01	 1.0500e+02	 5.5349e+00	 2.1538e+01
 5.1795e-01	 1.0500e+02	 5.7189e+00	 2.9464e+01
 3.7276e-01	 1.0500e+02	 5.8914e+00	 4.0489e+01
 2.6827e-01	 1.0500e+02	 6.0342e+00	 5.5788e+01
 1.9307e-01	 1.0500e+02	 6.1693e+00	 7.7053e+01
 1.3895e-01	 1.0500e+02	 6.3220e+00	 1.0654e+02
 1.0000e-01	 1.0500e+02	 6.5164e+00	 1.4713e+02
 7.1969e-02	 1.0500e+02	 6.7751e+00	 2.0343e+02
 5.1795e-02	 1.0500e+02	 7.1704e+00	 2.8174e+02
 3.7276e-02	 1.0500e+02	 7.8166e+00	 3.8967e+02
 2.6827e-02	 1.0500e+02	 8.7529e+00	 5.3989e+02
 1.0000e+07	 1.0000e+02	 2.3791e+00	 8.6267e-04
 7.1969e+06	 1.0000e+02	 2.3908e+00	 8.9545e-02
 5.1795e+06	 1.0000e+02	 2.3921e+00	 1.1045e-01
 3.7276e+06	 1.0000e+02	 2.4109e+00	 1.2475e-01
 2.6827e+06	 1.0000e+02	 2.4298e+00	 1.4885e-01
 1.9307e+06	 1.0000e+02	 2.4579e+00	 1.7305e-01
 1.3895e+06	 1.0000e+02	 2.4951e+00	 1.9500e-01
 1.0000e+06	 1.0000e+02	 2.5319e+00	 2.2175e-01
 7.1969e+05	 1.0000e+02	 2.5800e+00	 2.5763e-01
 5.1795e+05	 1.0000e+02	 2.6330e+00	 2.8579e-01
 3.7276e+05	 1.0000e+02	 2.6936e+00	 3.1583e-01
 2.6827e+05	 1.0000e+02	 2.7624e+00	 3.4700e-01
 1.9307e+05	 1.0000e+02	 2.8401e+00	 3.7811e-01
 1.3895e+05	 1.0000e+02	 2.9268e+00	 4.0760e-01
 1.0000e+05	 1.0000e+02	 3.0219e+00	 4.3332e-01
 7.1969e+04	 1.0000e+02	 3.1256e+00	 4.5329e-01
 5.1795e+04	 1.0000e+02	 3.2350e+00	 4.6497e-01
 3.7276e+04	 1.0000e+02	 3.3484e+00	 4.6649e-01
 2.6827e+04	 1.0000e+02	 3.4613e+00	 4.5660e-01
 1.9307e+04	 1.0000e+02	 3.5698e+00	 4.3538e-01
 1.3895e+04	 1.0000e+02	 3.6702e+00	 4.0407e-01
 1.0000e+04	 1.0000e+02	 3.7593e+00	 3.6530e-01
 7.1969e+03	 1.0000e+02	 3.8353e+00	 3.2245e-01
 5.1795e+03	 1.0000e+02	 3.8980e+00	 2.7879e-01
 3.7276e+03	 1.0000e+02	 3.9486e+00	 2.3701e-01
 2.6827e+03	 1.0000e+02	 3.9880e+00	 1.9906e-01
 1.9307e+03	 1.0000e+02	 4.0185e+00	 1.6614e-01
 1.3895e+03	 1.0000e+02	 4.0419e+00	 1.3866e-01
 1.0000e+03	 1.0000e+02	 4.0598e+00	 1.1674e-01
 7.1969e+02	 1.0000e+02	 4.0735e+00	 1.0039e-01
 5.1795e+02	 1.0000e+02	 4.0839e+00	 8.9425e-02
 3.7276e+02	 1.0000e+02	 4.0919e+00	 8.4097e-02
 2.6827e+02	 1.0000e+02	 4.0981e+00	 8.4719e-02
 1.9307e+02	 1.0000e+02	 4.1028e+00	 9.2103e-02
 1.3895e+02	 1.0000e+02	 4.1065e+00	 1.0772e-01
 1.0000e+02	 1.0000e+02	 4.1094e+00	 1.3348e-01
 7.1969e+01	 1.0000e+02	 4.1123e+00	 1.7270e-01
 5.1795e+01	 1.0000e+02	 4.1148e+00	 2.2984e-01
 3.7276e+01	 1.0000e+02	 4.1177e+00	 3.1118e-01
 2.6827e+01	 1.0000e+02	 4.1217e+00	 4.2540e-01
 1.9307e+01	 1.0000e+02	 4.1278e+00	 5.8501e-01
 1.3895e+01	 1.0000e+02	 4.1379e+00	 8.0653e-01
 1.0000e+01	 1.0000e+02	 4.1554e+00	 1.1117e+00
 7.1969e+00	 1.0000e+02	 4.1856e+00	 1.5323e+00
 5.1795e+00	 1.0000e+02	 4.2350e+00	 2.1052e+00
 3.7276e+00	 1.0000e+02	 4.3114e+00	 2.8790e+00
 2.6827e+00	 1.0000e+02	 4.4276e+00	 3.9210e+00
 1.9307e+00	 1.0000e+02	 4.5918e+00	 5.3245e+00
 1.3895e+00	 1.0000e+02	 4.7896e+00	 7.2033e+00
 1.0000e+00	 1.0000e+02	 5.0297e+00	 9.7410e+00
 7.1969e-01	 1.0000e+02	 5.2802e+00	 1.3201e+01
 5.1795e-01	 1.0000e+02	 5.5364e+00	 1.7904e+01
 3.7276e-01	 1.0000e+02	 5.7603e+00	 2.4396e+01
 2.6827e-01	 1.0000e+02	 5.9669e+00	 3.3442e+01
 1.9307e-01	 1.0000e+02	 6.1390e+00	 4.5927e+01
 1.3895e-01	 1.0000e+02	 6.2891e+00	 6.3324e+01
 1.0000e-01	 1.0000e+02	 6.4338e+00	 8.7218e+01
 7.1969e-02	 1.0000e+02	 6.5992e+00	 1.2056e+02
 5.1795e-02	 1.0000e+02	 6.8236e+00	 1.6654e+02
 3.7276e-02	 1.0000e+02	 7.2089e+00	 2.2995e+02
 2.6827e-02	 1.0000e+02	 7.6892e+00	 3.1859e+02
 1.0000e+07	 9.5000e+01	 2.3587e+00	-1.4369e-02
 7.1969e+06	 9.5000e+01	 2.3690e+00	 7.2878e-02
 5.1795e+06	 9.5000e+01	 2.3675e+00	 9.1852e-02
 3.7276e+06	 9.5000e+01	 2.3827e+00	 1.0392e-01
 2.6827e+06	 9.5000e+01	 2.3975e+00	 1.2529e-01
 1.9307e+06	 9.5000e+01	 2.4211e+00	 1.4654e-01
 1.3895e+06	 9.5000e+01	 2.4527e+00	 1.6476e-01
 1.0000e+06	 9.5000e+01	 2.4828e+00	 1.8785e-01
 7.1969e+05	 9.5000e+01	 2.5235e+00	 2.1961e-01
 5.1795e+05	 9.5000e+01	 2.5675e+00	 2.4401e-01
 3.7276e+05	 9.5000e+01	 2.6180e+00	 2.7078e-01
 2.6827e+05	 9.5000e+01	 2.6751e+00	 2.9946e-01
 1.9307e+05	 9.5000e+01	 2.7398e+00	 3.2947e-01
 1.3895e+05	 9.5000e+01	 2.8128e+00	 3.5984e-01
 1.0000e+05	 9.5000e+01	 2.8942e+00	 3.8932e-01
 7.1969e+04	 9.5000e+01	 2.9842e+00	 4.1613e-01
 5.1795e+04	 9.5000e+01	 3.0822e+00	 4.3839e-01
 3.7276e+04	 9.5000e+01	 3.1870e+00	 4.5405e-01
 2.6827e+04	 9.5000e+01	 3.2966e+00	 4.6113e-01
 1.9307e+04	 9.5000e+01	 3.4078e+00	 4.5813e-01
 1.3895e+04	 9.5000e+01	 3.5167e+00	 4.4466e-01
 1.0000e+04	 9.5000e+01	 3.6202e+00	 4.2118e-01
 7.1969e+03	 9.5000e+01	 3.7155e+00	 3.8939e-01
 5.1795e+03	 9.5000e+01	 3.7996e+00	 3.5175e-01
 3.7276e+03	 9.5000e+01	 3.8719e+00	 3.1143e-01
 2.6827e+03	 9.5000e+01	 3.9318e+00	 2.7087e-01
 1.9307e+03	 9.5000e+01	 3.9807e+00	 2.3227e-01
 1.3895e+03	 9.5000e+01	 4.0198e+00	 1.9719e-01
 1.0000e+03	 9.5000e+01	 4.0509e+00	 1.6666e-01
 7.1969e+02	 9.5000e+01	 4.0753e+00	 1.4112e-01
 5.1795e+02	 9.5000e+01	 4.0943e+00	 1.2060e-01
 3.7276e+02	 9.5000e+01	 4.1091e+00	 1.0536e-01
 2.6827e+02	 9.5000e+01	 4.1207e+00	 9.5470e-02
 1.9307e+02	 9.5000e+01	 4.1297e+00	 9.1179e-02
 1.3895e+02	 9.5000e+01	 4.1366e+00	 9.3159e-02
 1.0000e+02	 9.5000e+01	 4.1421e+00	 1.0249e-01
 7.1969e+01	 9.5000e+01	 4.1465e+00	 1.2068e-01
 5.1795e+01	 9.5000e+01	 4.1501e+00	 1.5023e-01
 3.7276e+01	 9.5000e+01	 4.1532e+00	 1.9490e-01
 2.6827e+01	 9.5000e+01	 4.1563e+00	 2.5959e-01
 1.9307e+01	 9.5000e+01	 4.1600e+00	 3.5132e-01
 1.3895e+01	 9.5000e+01	 4.1651e+00	 4.8056e-01
 1.0000e+01	 9.5000e+01	 4.1730e+00	 6.6004e-01
 7.1969e+00	 9.5000e+01	 4.1858e+00	 9.0983e-01
 5.1795e+00	 9.5000e+01	 4.2082e+00	 1.2529e+00
 3.7276e+00	 9.5000e+01	 4.2470e+00	 1.7228e+00
 2.6827e+00	 9.5000e+01	 4.3095e+00	 2.3624e+00
 1.9307e+00	 9.5000e+01	 4.4025e+00	 3.2210e+00
 1.3895e+00	 9.5000e+01	 4.5421e+00	 4.3833e+00
 1.0000e+00	 9.5000e+01	 4.7291e+00	 5.9336e+00
 7.1969e-01	 9.5000e+01	 4.9590e+00	 8.0135e+00
 5.1795e-01	 9.5000e+01	 5.2152e+00	 1.0811e+01
 3.7276e-01	 9.5000e+01	 5.5040e+00	 1.4616e+01
 2.6827e-01	 9.5000e+01	 5.7787e+00	 1.9830e+01
 1.9307e-01	 9.5000e+01	 6.0196e+00	 2.6979e+01
 1.3895e-01	 9.5000e+01	 6.2399e+00	 3.6928e+01
 1.0000e-01	 9.5000e+01	 6.4260e+00	 5.0669e+01
 7.1969e-02	 9.5000e+01	 6.5890e+00	 6.9776e+01
 5.1795e-02	 9.5000e+01	 6.7515e+00	 9.6151e+01
 3.7276e-02	 9.5000e+01	 6.9495e+00	 1.3275e+02
 2.6827e-02	 9.5000e+01	 7.2097e+00	 1.8347e+02
 1.0000e+07	 9.0000e+01	 2.3228e+00	-8.8197e-03
 7.1969e+06	 9.0000e+01	 2.3461e+00	 8.3757e-02
 5.1795e+06	 9.0000e+01	 2.3498e+00	 8.9376e-02
 3.7276e+06	 9.0000e+01	 2.3613e+00	 9.0675e-02
 2.6827e+06	 9.0000e+01	 2.3711e+00	 1.0760e-01
 1.9307e+06	 9.0000e+01	 2.3901e+00	 1.2499e-01
 1.3895e+06	 9.0000e+01	 2.4166e+00	 1.3957e-01
 1.0000e+06	 9.0000e+01	 2.4412e+00	 1.5876e-01
 7.1969e+05	 9.0000e+01	 2.4761e+00	 1.8591e-01
 5.1795e+05	 9.0000e+01	 2.5127e+00	 2.0643e-01
 3.7276e+05	 9.0000e+01	 2.5545e+00	 2.2933e-01
 2.6827e+05	 9.0000e+01	 2.6018e+00	 2.5443e-01
 1.9307e+05	 9.0000e+01	 2.6553e+00	 2.8148e-01
 1.3895e+05	 9.0000e+01	 2.7158e+00	 3.1003e-01
 1.0000e+05	 9.0000e+01	 2.7836e+00	 3.3928e-01
 7.1969e+04	 9.0000e+01	 2.8595e+00	 3.6819e-01
 5.1795e+04	 9.0000e+01	 2.9436e+00	 3.9545e-01
 3.7276e+04	 9.0000e+01	 3.0354e+00	 4.1932e-01
 2.6827e+04	 9.0000e+01	 3.1342e+00	 4.3807e-01
 1.9307e+04	 9.0000e+01	 3.2387e+00	 4.4995e-01
 1.3895e+04	 9.0000e+01	 3.3462e+00	 4.5335e-01
 1.0000e+04	 9.0000e+01	 3.4540e+00	 4.4750e-01
 7.1969e+03	 9.0000e+01	 3.5588e+00	 4.3226e-01
 5.1795e+03	 9.0000e+01	 3.6578e+00	 4.0851e-01
 3.7276e+03	 9.0000e+01	 3.7489e+00	 3.7795e-01
 2.6827e+03	 9.0000e+01	 3.8294e+00	 3.4286e-01
 1.9307e+03	 9.0000e+01	 3.8991e+00	 3.0556e-01
 1.3895e+03	 9.0000e+01	 3.9581e+00	 2.6835e-01
 1.0000e+03	 9.0000e+01	 4.0073e+00	 2.3285e-01
 7.1969e+02	 9.0000e+01	 4.0477e+00	 2.0044e-01
 5.1795e+02	 9.0000e+01	 4.0803e+00	 1.7185e-01
 3.7276e+02	 9.0000e+01	 4.1067e+00	 1.4770e-01
 2.6827e+02	 9.0000e+01	 4.1278e+00	 1.2822e-01
 1.9307e+02	 9.0000e+01	 4.1446e+00	 1.1358e-01
 1.3895e+02	 9.0000e+01	 4.1579e+00	 1.0408e-01
 1.0000e+02	 9.0000e+01	 4.1684e+00	 1.0028e-01
 7.1969e+01	 9.0000e+01	 4.1768e+00	 1.0297e-01
 5.1795e+01	 9.0000e+01	 4.1833e+00	 1.1337e-01
 3.7276e+01	 9.0000e+01	 4.1885e+00	 1.3356e-01
 2.6827e+01	 9.0000e+01	 4.1929e+00	 1.6610e-01
 1.9307e+01	 9.0000e+01	 4.1968e+00	 2.1492e-01
 1.3895e+01	 9.0000e+01	 4.2006e+00	 2.8587e-01
 1.0000e+01	 9.0000e+01	 4.2053e+00	 3.8637e-01
 7.1969e+00	 9.0000e+01	 4.2113e+00	 5.2717e-01
 5.1795e+00	 9.0000e+01	 4.2206e+00	 7.2435e-01
 3.7276e+00	 9.0000e+01	 4.2371e+00	 9.9719e-01
 2.6827e+00	 9.0000e+01	 4.2646e+00	 1.3712e+00
 1.9307e+00	 9.0000e+01	 4.3125e+00	 1.8807e+00
 1.3895e+00	 9.0000e+01	 4.3819e+00	 2.5741e+00
 1.0000e+00	 9.0000e+01	 4.4975e+00	 3.5035e+00
 7.1969e-01	 9.0000e+01	 4.6573e+00	 4.7574e+00
 5.1795e-01	 9.0000e+01	 4.8677e+00	 6.4101e+00
 3.7276e-01	 9.0000e+01	 5.1299e+00	 8.6441e+00
 2.6827e-01	 9.0000e+01	 5.4182e+00	 1.1635e+01
 1.9307e-01	 9.0000e+01	 5.7298e+00	 1.5694e+01
 1.3895e-01	 9.0000e+01	 6.0336e+00	 2.1257e+01
 1.0000e-01	 9.0000e+01	 6.2957e+00	 2.8865e+01
 7.1969e-02	 9.0000e+01	 6.5359e+00	 3.9401e+01
 5.1795e-02	 9.0000e+01	 6.7297e+00	 5.4031e+01
 3.7276e-02	 9.0000e+01	 6.9391e+00	 7.4370e+01
 2.6827e-02	 9.0000e+01	 7.0871e+00	 1.0234e+02
 1.0000e+07	 8.5000e+01	 2.3085e+00	-2.1593e-02
 7.1969e+06	 8.5000e+01	 2.3301e+00	 7.0884e-02
 5.1795e+06	 8.5000e+01	 2.3317e+00	 7.5178e-02
 3.7276e+06	 8.5000e+01	 2.3405e+00	 7.4814e-02
 2.6827e+06	 8.5000e+01	 2.3474e+00	 8.9804e-02
 1.9307e+06	 8.5000e+01	 2.3630e+00	 1.0492e-01
 1.3895e+06	 8.5000e+01	 2.3856e+00	 1.1678e-01
 1.0000e+06	 8.5000e+01	 2.4057e+00	 1.3302e-01
 7.1969e+05	 8.5000e+01	 2.4354e+00	 1.5660e-01
 5.1795e+05	 8.5000e+01	 2.4658e+00	 1.7345e-01
 3.7276e+05	 8.5000e+01	 2.5003e+00	 1.9234e-01
 2.6827e+05	 8.5000e+01	 2.5392e+00	 2.1345e-01
 1.9307e+05	 8.5000e+01	 2.5831e+00	 2.3670e-01
 1.3895e+05	 8.5000e+01	 2.6328e+00	 2.6187e-01
 1.0000e+05	 8.5000e+01	 2.6885e+00	 2.8856e-01
 7.1969e+04	 8.5000e+01	 2.7513e+00	 3.1634e-01
 5.1795e+04	 8.5000e+01	 2.8214e+00	 3.4425e-01
 3.7276e+04	 8.5000e+01	 2.8990e+00	 3.7125e-01
 2.6827e+04	 8.5000e+01	 2.9839e+00	 3.9585e-01
 1.9307e+04	 8.5000e+01	 3.0759e+00	 4.1674e-01
 1.3895e+04	 8.5000e+01	 3.1741e+00	 4.3238e-01
 1.0000e+04	 8.5000e+01	 3.2762e+00	 4.4120e-01
 7.1969e+03	 8.5000e+01	 3.3803e+00	 4.4226e-01
 5.1795e+03	 8.5000e+01	 3.4841e+00	 4.3507e-01
 3.7276e+03	 8.5000e+01	 3.5847e+00	 4.1987e-01
 2.6827e+03	 8.5000e+01	 3.6794e+00	 3.9757e-01
 1.9307e+03	 8.5000e+01	 3.7666e+00	 3.6967e-01
 1.3895e+03	 8.5000e+01	 3.8448e+00	 3.3800e-01
 1.0000e+03	 8.5000e+01	 3.9138e+00	 3.0452e-01
 7.1969e+02	 8.5000e+01	 3.9735e+00	 2.7093e-01
 5.1795e+02	 8.5000e+01	 4.0243e+00	 2.3861e-01
 3.7276e+02	 8.5000e+01	 4.0670e+00	 2.0864e-01
 2.6827e+02	 8.5000e+01	 4.1026e+00	 1.8183e-01
 1.9307e+02	 8.5000e+01	 4.1320e+00	 1.5881e-01
 1.3895e+02	 8.5000e+01	 4.1561e+00	 1.3979e-01
 1.0000e+02	 8.5000e+01	 4.1758e+00	 1.2525e-01
 7.1969e+01	 8.5000e+01	 4.1918e+00	 1.1569e-01
 5.1795e+01	 8.5000e+01	 4.2046e+00	 1.1167e-01
 3.7276e+01	 8.5000e+01	 4.2149e+00	 1.1431e-01
 2.6827e+01	 8.5000e+01	 4.2233e+00	 1.2499e-01
 1.9307e+01	 8.5000e+01	 4.2299e+00	 1.4579e-01
 1.3895e+01	 8.5000e+01	 4.2353e+00	 1.7988e-01
 1.0000e+01	 8.5000e+01	 4.2405e+00	 2.3085e-01
 7.1969e+00	 8.5000e+01	 4.2450e+00	 3.0517e-01
 5.1795e+00	 8.5000e+01	 4.2501e+00	 4.1139e-01
 3.7276e+00	 8.5000e+01	 4.2580e+00	 5.6068e-01
 2.6827e+00	 8.5000e+01	 4.2695e+00	 7.6775e-01
 1.9307e+00	 8.5000e+01	 4.2886e+00	 1.0541e+00
 1.3895e+00	 8.5000e+01	 4.3184e+00	 1.4507e+00
 1.0000e+00	 8.5000e+01	 4.3746e+00	 1.9856e+00
 7.1969e-01	 8.5000e+01	 4.4574e+00	 2.7162e+00
 5.1795e-01	 8.5000e+01	 4.5834e+00	 3.6806e+00
 3.7276e-01	 8.5000e+01	 4.7701e+00	 4.9762e+00
 2.6827e-01	 8.5000e+01	 5.0026e+00	 6.7011e+00
 1.9307e-01	 8.5000e+01	 5.2917e+00	 9.0076e+00
 1.3895e-01	 8.5000e+01	 5.6109e+00	 1.2069e+01
 1.0000e-01	 8.5000e+01	 5.9615e+00	 1.6229e+01
 7.1969e-02	 8.5000e+01	 6.3041e+00	 2.1906e+01
 5.1795e-02	 8.5000e+01	 6.6106e+00	 2.9719e+01
 3.7276e-02	 8.5000e+01	 6.8963e+00	 4.0435e+01
 2.6827e-02	 8.5000e+01	 7.1301e+00	 5.5390e+01
 1.0000e+07	 8.0000e+01	 2.3314e+00	-4.1807e-03
 7.1969e+06	 8.0000e+01	 2.3284e+00	 5.5374e-02
 5.1795e+06	 8.0000e+01	 2.3162e+00	 6.1964e-02
 3.7276e+06	 8.0000e+01	 2.3220e+00	 6.4003e-02
 2.6827e+06	 8.0000e+01	 2.3271e+00	 7.6907e-02
 1.9307e+06	 8.0000e+01	 2.3401e+00	 8.9508e-02
 1.3895e+06	 8.0000e+01	 2.3596e+00	 9.8714e-02
 1.0000e+06	 8.0000e+01	 2.3759e+00	 1.1199e-01
 7.1969e+05	 8.0000e+01	 2.4004e+00	 1.3170e-01
 5.1795e+05	 8.0000e+01	 2.4257e+00	 1.4528e-01
 3.7276e+05	 8.0000e+01	 2.4545e+00	 1.6065e-01
 2.6827e+05	 8.0000e+01	 2.4865e+00	 1.7795e-01
 1.9307e+05	 8.0000e+01	 2.5226e+00	 1.9723e-01
 1.3895e+05	 8.0000e+01	 2.5633e+00	 2.1858e-01
 1.0000e+05	 8.0000e+01	 2.6088e+00	 2.4168e-01
 7.1969e+04	 8.0000e+01	 2.6601e+00	 2.6647e-01
 5.1795e+04	 8.0000e+01	 2.7176e+00	 2.9229e-01
 3.7276e+04	 8.0000e+01	 2.7815e+00	 3.1858e-01
 2.6827e+04	 8.0000e+01	 2.8525e+00	 3.4453e-01
 1.9307e+04	 8.0000e+01	 2.9303e+00	 3.6904e-01
 1.3895e+04	 8.0000e+01	 3.0151e+00	 3.9106e-01
 1.0000e+04	 8.0000e+01	 3.1057e+00	 4.0905e-01
 7.1969e+03	 8.0000e+01	 3.2013e+00	 4.2186e-01
 5.1795e+03	 8.0000e+01	 3.2999e+00	 4.2852e-01
 3.7276e+03	 8.0000e+01	 3.3995e+00	 4.2822e-01
 2.6827e+03	 8.0000e+01	 3.4988e+00	 4.2101e-01
 1.9307e+03	 8.0000e+01	 3.5945e+00	 4.0703e-01
 1.3895e+03	 8.0000e+01	 3.6851e+00	 3.8718e-01
 1.0000e+03	 8.0000e+01	 3.7694e+00	 3.6283e-01
 7.1969e+02	 8.0000e+01	 3.8462e+00	 3.3538e-01
 5.1795e+02	 8.0000e+01	 3.9149e+00	 3.0633e-01
 3.7276e+02	 8.0000e+01	 3.9759e+00	 2.7679e-01
 2.6827e+02	 8.0000e+01	 4.0291e+00	 2.4799e-01
 1.9307e+02	 8.0000e+01	 4.0752e+00	 2.2076e-01
 1.3895e+02	 8.0000e+01	 4.1146e+00	 1.9585e-01
 1.0000e+02	 8.0000e+01	 4.1481e+00	 1.7391e-01
 7.1969e+01	 8.0000e+01	 4.1764e+00	 1.5525e-01
 5.1795e+01	 8.0000e+01	 4.2000e+00	 1.4058e-01
 3.7276e+01	 8.0000e+01	 4.2195e+00	 1.3054e-01
 2.6827e+01	 8.0000e+01	 4.2357e+00	 1.2595e-01
 1.9307e+01	 8.0000e+01	 4.2489e+00	 1.2775e-01
 1.3895e+01	 8.0000e+01	 4.2597e+00	 1.3778e-01
 1.0000e+01	 8.0000e+01	 4.2683e+00	 1.5804e-01
 7.1969e+00	 8.0000e+01	 4.2757e+00	 1.9198e-01
 5.1795e+00	 8.0000e+01	 4.2819e+00	 2.4389e-01
 3.7276e+00	 8.0000e+01	 4.2883e+00	 3.1924e-01
 2.6827e+00	 8.0000e+01	 4.2946e+00	 4.2723e-01
 1.9307e+00	 8.0000e+01	 4.3052e+00	 5.7968e-01
 1.3895e+00	 8.0000e+01	 4.3194e+00	 7.9279e-01
 1.0000e+00	 8.0000e+01	 4.3408e+00	 1.0852e+00
 7.1969e-01	 8.0000e+01	 4.3729e+00	 1.4887e+00
 5.1795e-01	 8.0000e+01	 4.4348e+00	 2.0362e+00
 3.7276e-01	 8.0000e+01	 4.5264e+00	 2.7709e+00
 2.6827e-01	 8.0000e+01	 4.6692e+00	 3.7491e+00
 1.9307e-01	 8.0000e+01	 4.8686e+00	 5.0515e+00
 1.3895e-01	 8.0000e+01	 5.1194e+00	 6.7716e+00
 1.0000e-01	 8.0000e+01	 5.4303e+00	 9.0444e+00
 7.1969e-02	 8.0000e+01	 5.7957e+00	 1.2087e+01
 5.1795e-02	 8.0000e+01	 6.1871e+00	 1.6215e+01
 3.7276e-02	 8.0000e+01	 6.5840e+00	 2.1843e+01
 2.6827e-02	 8.0000e+01	 6.9547e+00	 2.9574e+01
 1.0000e+07	 7.5000e+01	 2.3140e+00	-3.9413e-02
 7.1969e+06	 7.5000e+01	 2.3125e+00	 3.1088e-02
 5.1795e+06	 7.5000e+01	 2.3005e+00	 4.3347e-02
 3.7276e+06	 7.5000e+01	 2.3063e+00	 4.8493e-02
 2.6827e+06	 7.5000e+01	 2.3101e+00	 6.1687e-02
 1.9307e+06	 7.5000e+01	 2.3212e+00	 7.3686e-02
 1.3895e+06	 7.5000e+01	 2.3381e+00	 8.1651e-02
 1.0000e+06	 7.5000e+01	 2.3514e+00	 9.3162e-02
 7.1969e+05	 7.5000e+01	 2.3729e+00	 1.1104e-01
 5.1795e+05	 7.5000e+01	 2.3941e+00	 1.2187e-01
 3.7276e+05	 7.5000e+01	 2.4180e+00	 1.3424e-01
 2.6827e+05	 7.5000e+01	 2.4446e+00	 1.4818e-01
 1.9307e+05	 7.5000e+01	 2.4743e+00	 1.6385e-01
 1.3895e+05	 7.5000e+01	 2.5077e+00	 1.8133e-01
 1.0000e+05	 7.5000e+01	 2.5448e+00	 2.0064e-01
 7.1969e+04	 7.5000e+01	 2.5865e+00	 2.2167e-01
 5.1795e+04	 7.5000e+01	 2.6332e+00	 2.4420e-01
 3.7276e+04	 7.5000e+01	 2.6855e+00	 2.6785e-01
 2.6827e+04	 7.5000e+01	 2.7436e+00	 2.9222e-01
 1.9307e+04	 7.5000e+01	 2.8080e+00	 3.1665e-01
 1.3895e+04	 7.5000e+01	 2.8788e+00	 3.4027e-01
 1.0000e+04	 7.5000e+01	 2.9558e+00	 3.6216e-01
 7.1969e+03	 7.5000e+01	 3.0388e+00	 3.8137e-01
 5.1795e+03	 7.5000e+01	 3.1266e+00	 3.9673e-01
 3.7276e+03	 7.5000e+01	 3.2181e+00	 4.0727e-01
 2.6827e+03	 7.5000e+01	 3.3123e+00	 4.1242e-01
 1.9307e+03	 7.5000e+01	 3.4072e+00	 4.1167e-01
 1.3895e+03	 7.5000e+01	 3.5009e+00	 4.0520e-01
 1.0000e+03	 7.5000e+01	 3.5919e+00	 3.9328e-01
 7.1969e+02	 7.5000e+01	 3.6789e+00	 3.7669e-01
 5.1795e+02	 7.5000e+01	 3.7603e+00	 3.5645e-01
 3.7276e+02	 7.5000e+01	 3.8359e+00	 3.3364e-01
 2.6827e+02	 7.5000e+01	 3.9050e+00	 3.0918e-01
 1.9307e+02	 7.5000e+01	 3.9674e+00	 2.8418e-01
 1.3895e+02	 7.5000e+01	 4.0236e+00	 2.5928e-01
 1.0000e+02	 7.5000e+01	 4.0735e+00	 2.3520e-01
 7.1969e+01	 7.5000e+01	 4.1176e+00	 2.1265e-01
 5.1795e+01	 7.5000e+01	 4.1560e+00	 1.9219e-01
 3.7276e+01	 7.5000e+01	 4.1892e+00	 1.7430e-01
 2.6827e+01	 7.5000e+01	 4.2178e+00	 1.5976e-01
 1.9307e+01	 7.5000e+01	 4.2421e+00	 1.4920e-01
 1.3895e+01	 7.5000e+01	 4.2626e+00	 1.4347e-01
 1.0000e+01	 7.5000e+01	 4.2798e+00	 1.4422e-01
 7.1969e+00	 7.5000e+01	 4.2943e+00	 1.5279e-01
 5.1795e+00	 7.5000e+01	 4.3062e+00	 1.7125e-01
 3.7276e+00	 7.5000e+01	 4.3160e+00	 2.0346e-01
 2.6827e+00	 7.5000e+01	 4.3241e+00	 2.5330e-01
 1.9307e+00	 7.5000e+01	 4.3345e+00	 3.2676e-01
 1.3895e+00	 7.5000e+01	 4.3419e+00	 4.3318e-01
 1.0000e+00	 7.5000e+01	 4.3535e+00	 5.8099e-01
 7.1969e-01	 7.5000e+01	 4.3628e+00	 7.9375e-01
 5.1795e-01	 7.5000e+01	 4.3899e+00	 1.0829e+00
 3.7276e-01	 7.5000e+01	 4.4317e+00	 1.4835e+00
 2.6827e-01	 7.5000e+01	 4.4926e+00	 2.0257e+00
 1.9307e-01	 7.5000e+01	 4.5907e+00	 2.7442e+00
 1.3895e-01	 7.5000e+01	 4.7381e+00	 3.6997e+00
 1.0000e-01	 7.5000e+01	 4.9505e+00	 4.9595e+00
 7.1969e-02	 7.5000e+01	 5.2183e+00	 6.6386e+00
 5.1795e-02	 7.5000e+01	 5.5618e+00	 8.8621e+00
 3.7276e-02	 7.5000e+01	 5.9529e+00	 1.1804e+01
 2.6827e-02	 7.5000e+01	 6.3945e+00	 1.5781e+01
 1.0000e+07	 7.0000e+01	 2.3077e+00	-4.8021e-02
 7.1969e+06	 7.0000e+01	 2.3052e+00	 2.1868e-02
 5.1795e+06	 7.0000e+01	 2.2915e+00	 3.3802e-02
 3.7276e+06	 7.0000e+01	 2.2957e+00	 3.8462e-02
 2.6827e+06	 7.0000e+01	 2.2977e+00	 5.0728e-02
 1.9307e+06	 7.0000e+01	 2.3067e+00	 6.1563e-02
 1.3895e+06	 7.0000e+01	 2.3212e+00	 6.8016e-02
 1.0000e+06	 7.0000e+01	 2.3320e+00	 7.7881e-02
 7.1969e+05	 7.0000e+01	 2.3507e+00	 9.3771e-02
 5.1795e+05	 7.0000e+01	 2.3684e+00	 1.0239e-01
 3.7276e+05	 7.0000e+01	 2.3885e+00	 1.1219e-01
 2.6827e+05	 7.0000e+01	 2.4107e+00	 1.2332e-01
 1.9307e+05	 7.0000e+01	 2.4353e+00	 1.3584e-01
 1.3895e+05	 7.0000e+01	 2.4628e+00	 1.4994e-01
 1.0000e+05	 7.0000e+01	 2.4932e+00	 1.6571e-01
 7.1969e+04	 7.0000e+01	 2.5271e+00	 1.8301e-01
 5.1795e+04	 7.0000e+01	 2.5652e+00	 2.0189e-01
 3.7276e+04	 7.0000e+01	 2.6076e+00	 2.2219e-01
 2.6827e+04	 7.0000e+01	 2.6549e+00	 2.4364e-01
 1.9307e+04	 7.0000e+01	 2.7075e+00	 2.6591e-01
 1.3895e+04	 7.0000e+01	 2.7657e+00	 2.8846e-01
 1.0000e+04	 7.0000e+01	 2.8295e+00	 3.1061e-01
 7.1969e+03	 7.0000e+01	 2.8990e+00	 3.3170e-01
 5.1795e+03	 7.0000e+01	 2.9739e+00	 3.5083e-01
 3.7276e+03	 7.0000e+01	 3.0538e+00	 3.6730e-01
 2.6827e+03	 7.0000e+01	 3.1377e+00	 3.8017e-01
 1.9307e+03	 7.0000e+01	 3.2246e+00	 3.8884e-01
 1.3895e+03	 7.0000e+01	 3.3134e+00	 3.9289e-01
 1.0000e+03	 7.0000e+01	 3.4023e+00	 3.9216e-01
 7.1969e+02	 7.0000e+01	 3.4905e+00	 3.8682e-01
 5.1795e+02	 7.0000e+01	 3.5759e+00	 3.7735e-01
 3.7276e+02	 7.0000e+01	 3.6587e+00	 3.6423e-01
 2.6827e+02	 7.0000e+01	 3.7370e+00	 3.4829e-01
 1.9307e+02	 7.0000e+01	 3.8106e+00	 3.3033e-01
 1.3895e+02	 7.0000e+01	 3.8795e+00	 3.1095e-01
 1.0000e+02	 7.0000e+01	 3.9431e+00	 2.9083e-01
 7.1969e+01	 7.0000e+01	 4.0018e+00	 2.7050e-01
 5.1795e+01	 7.0000e+01	 4.0551e+00	 2.5050e-01
 3.7276e+01	 7.0000e+01	 4.1039e+00	 2.3114e-01
 2.6827e+01	 7.0000e+01	 4.1477e+00	 2.1306e-01
 1.9307e+01	 7.0000e+01	 4.1867e+00	 1.9673e-01
 1.3895e+01	 7.0000e+01	 4.2214e+00	 1.8268e-01
 1.0000e+01	 7.0000e+01	 4.2518e+00	 1.7193e-01
 7.1969e+00	 7.0000e+01	 4.2782e+00	 1.6559e-01
 5.1795e+00	 7.0000e+01	 4.3008e+00	 1.6457e-01
 3.7276e+00	 7.0000e+01	 4.3206e+00	 1.7068e-01
 2.6827e+00	 7.0000e+01	 4.3370e+00	 1.8648e-01
 1.9307e+00	 7.0000e+01	 4.3513e+00	 2.1499e-01
 1.3895e+00	 7.0000e+01	 4.3633e+00	 2.6074e-01
 1.0000e+00	 7.0000e+01	 4.3751e+00	 3.2879e-01
 7.1969e-01	 7.0000e+01	 4.3833e+00	 4.3124e-01
 5.1795e-01	 7.0000e+01	 4.3975e+00	 5.7181e-01
 3.7276e-01	 7.0000e+01	 4.4161e+00	 7.7132e-01
 2.6827e-01	 7.0000e+01	 4.4388e+00	 1.0479e+00
 1.9307e-01	 7.0000e+01	 4.4779e+00	 1.4266e+00
 1.3895e-01	 7.0000e+01	 4.5406e+00	 1.9393e+00
 1.0000e-01	 7.0000e+01	 4.6383e+00	 2.6136e+00
 7.1969e-02	 7.0000e+01	 4.7941e+00	 3.5324e+00
 5.1795e-02	 7.0000e+01	 5.0126e+00	 4.7350e+00
 3.7276e-02	 7.0000e+01	 5.2885e+00	 6.3113e+00
 2.6827e-02	 7.0000e+01	 5.6514e+00	 8.4042e+00
 1.0000e+07	 6.5000e+01	 2.3056e+00	-4.7367e-02
 7.1969e+06	 6.5000e+01	 2.3021e+00	 2.0674e-02
 5.1795e+06	 6.5000e+01	 2.2869e+00	 2.9278e-02
 3.7276e+06	 6.5000e+01	 2.2889e+00	 3.0987e-02
 2.6827e+06	 6.5000e+01	 2.2888e+00	 4.1982e-02
 1.9307e+06	 6.5000e+01	 2.2958e+00	 5.1561e-02
 1.3895e+06	 6.5000e+01	 2.3083e+00	 5.6892e-02
 1.0000e+06	 6.5000e+01	 2.3168e+00	 6.5325e-02
 7.1969e+05	 6.5000e+01	 2.3334e+00	 7.9426e-02
 5.1795e+05	 6.5000e+01	 2.3484e+00	 8.6302e-02
 3.7276e+05	 6.5000e+01	 2.3654e+00	 9.4004e-02
 2.6827e+05	 6.5000e+01	 2.3839e+00	 1.0277e-01
 1.9307e+05	 6.5000e+01	 2.4043e+00	 1.1267e-01
 1.3895e+05	 6.5000e+01	 2.4271e+00	 1.2385e-01
 1.0000e+05	 6.5000e+01	 2.4519e+00	 1.3637e-01
 7.1969e+04	 6.5000e+01	 2.4796e+00	 1.5039e-01
 5.1795e+04	 6.5000e+01	 2.5105e+00	 1.6577e-01
 3.7276e+04	 6.5000e+01	 2.5449e+00	 1.8256e-01
 2.6827e+04	 6.5000e+01	 2.5831e+00	 2.0057e-01
 1.9307e+04	 6.5000e+01	 2.6256e+00	 2.1971e-01
 1.3895e+04	 6.5000e+01	 2.6729e+00	 2.3969e-01
 1.0000e+04	 6.5000e+01	 2.7249e+00	 2.6008e-01
 7.1969e+03	 6.5000e+01	 2.7820e+00	 2.8040e-01
 5.1795e+03	 6.5000e+01	 2.8442e+00	 3.0005e-01
 3.7276e+03	 6.5000e+01	 2.9115e+00	 3.1848e-01
 2.6827e+03	 6.5000e+01	 2.9834e+00	 3.3498e-01
 1.9307e+03	 6.5000e+01	 3.0593e+00	 3.4879e-01
 1.3895e+03	 6.5000e+01	 3.1383e+00	 3.5944e-01
 1.0000e+03	 6.5000e+01	 3.2199e+00	 3.6651e-01
 7.1969e+02	 6.5000e+01	 3.3027e+00	 3.6979e-01
 5.1795e+02	 6.5000e+01	 3.3856e+00	 3.6928e-01
 3.7276e+02	 6.5000e+01	 3.4673e+00	 3.6519e-01
 2.6827e+02	 6.5000e+01	 3.5470e+00	 3.5806e-01
 1.9307e+02	 6.5000e+01	 3.6245e+00	 3.4826e-01
 1.3895e+02	 6.5000e+01	 3.6990e+00	 3.3645e-01
 1.0000e+02	 6.5000e+01	 3.7698e+00	 3.2314e-01
 7.1969e+01	 6.5000e+01	 3.8372e+00	 3.0881e-01
 5.1795e+01	 6.5000e+01	 3.9008e+00	 2.9389e-01
 3.7276e+01	 6.5000e+01	 3.9609e+00	 2.7857e-01
 2.6827e+01	 6.5000e+01	 4.0173e+00	 2.6324e-01
 1.9307e+01	 6.5000e+01	 4.0699e+00	 2.4822e-01
 1.3895e+01	 6.5000e+01	 4.1189e+00	 2.3331e-01
 1.0000e+01	 6.5000e+01	 4.1639e+00	 2.1999e-01
 7.1969e+00	 6.5000e+01	 4.2048e+00	 2.0790e-01
 5.1795e+00	 6.5000e+01	 4.2418e+00	 1.9801e-01
 3.7276e+00	 6.5000e+01	 4.2755e+00	 1.9147e-01
 2.6827e+00	 6.5000e+01	 4.3054e+00	 1.8884e-01
 1.9307e+00	 6.5000e+01	 4.3316e+00	 1.9313e-01
 1.3895e+00	 6.5000e+01	 4.3547e+00	 2.0532e-01
 1.0000e+00	 6.5000e+01	 4.3749e+00	 2.2979e-01
 7.1969e-01	 6.5000e+01	 4.3921e+00	 2.6868e-01
 5.1795e-01	 6.5000e+01	 4.4082e+00	 3.2865e-01
 3.7276e-01	 6.5000e+01	 4.4227e+00	 4.1811e-01
 2.6827e-01	 6.5000e+01	 4.4387e+00	 5.4644e-01
 1.9307e-01	 6.5000e+01	 4.4567e+00	 7.2554e-01
 1.3895e-01	 6.5000e+01	 4.4798e+00	 9.7906e-01
 1.0000e-01	 6.5000e+01	 4.5179e+00	 1.3146e+00
 7.1969e-02	 6.5000e+01	 4.5809e+00	 1.7900e+00
 5.1795e-02	 6.5000e+01	 4.6744e+00	 2.4153e+00
 3.7276e-02	 6.5000e+01	 4.8188e+00	 3.2507e+00
 2.6827e-02	 6.5000e+01	 5.0289e+00	 4.3640e+00
 1.0000e+07	 6.0000e+01	 2.3028e+00	-5.4452e-02
 7.1969e+06	 6.0000e+01	 2.2987e+00	 1.2833e-02
 5.1795e+06	 6.0000e+01	 2.2824e+00	 2.1783e-02
 3.7276e+06	 6.0000e+01	 2.2833e+00	 2.3458e-02
 2.6827e+06	 6.0000e+01	 2.2820e+00	 3.3935e-02
 1.9307e+06	 6.0000e+01	 2.2875e+00	 4.2834e-02
 1.3895e+06	 6.0000e+01	 2.2983e+00	 4.7288e-02
 1.0000e+06	 6.0000e+01	 2.3050e+00	 5.4552e-02
 7.1969e+05	 6.0000e+01	 2.3188e+00	 6.7528e-02
 5.1795e+05	 6.0000e+01	 2.3315e+00	 7.2974e-02
 3.7276e+05	 6.0000e+01	 2.3458e+00	 7.9038e-02
 2.6827e+05	 6.0000e+01	 2.3614e+00	 8.5915e-02
 1.9307e+05	 6.0000e+01	 2.3785e+00	 9.3636e-02
 1.3895e+05	 6.0000e+01	 2.3974e+00	 1.0243e-01
 1.0000e+05	 6.0000e+01	 2.4178e+00	 1.1235e-01
 7.1969e+04	 6.0000e+01	 2.4408e+00	 1.2348e-01
 5.1795e+04	 6.0000e+01	 2.4657e+00	 1.3578e-01
 3.7276e+04	 6.0000e+01	 2.4935e+00	 1.4933e-01
 2.6827e+04	 6.0000e+01	 2.5245e+00	 1.6412e-01
 1.9307e+04	 6.0000e+01	 2.5588e+00	 1.8002e-01
 1.3895e+04	 6.0000e+01	 2.5971e+00	 1.9695e-01
 1.0000e+04	 6.0000e+01	 2.6391e+00	 2.1456e-01
 7.1969e+03	 6.0000e+01	 2.6855e+00	 2.3277e-01
 5.1795e+03	 6.0000e+01	 2.7364e+00	 2.5097e-01
 3.7276e+03	 6.0000e+01	 2.7917e+00	 2.6888e-01
 2.6827e+03	 6.0000e+01	 2.8515e+00	 2.8590e-01
 1.9307e+03	 6.0000e+01	 2.9156e+00	 3.0155e-01
 1.3895e+03	 6.0000e+01	 2.9834e+00	 3.1527e-01
 1.0000e+03	 6.0000e+01	 3.0543e+00	 3.2652e-01
 7.1969e+02	 6.0000e+01	 3.1277e+00	 3.3500e-01
 5.1795e+02	 6.0000e+01	 3.2030e+00	 3.4048e-01
 3.7276e+02	 6.0000e+01	 3.2790e+00	 3.4294e-01
 2.6827e+02	 6.0000e+01	 3.3547e+00	 3.4242e-01
 1.9307e+02	 6.0000e+01	 3.4297e+00	 3.3931e-01
 1.3895e+02	 6.0000e+01	 3.5030e+00	 3.3409e-01
 1.0000e+02	 6.0000e+01	 3.5744e+00	 3.2693e-01
 7.1969e+01	 6.0000e+01	 3.6439e+00	 3.1865e-01
 5.1795e+01	 6.0000e+01	 3.7109e+00	 3.0939e-01
 3.7276e+01	 6.0000e+01	 3.7753e+00	 2.9968e-01
 2.6827e+01	 6.0000e+01	 3.8372e+00	 2.8960e-01
 1.9307e+01	 6.0000e+01	 3.8968e+00	 2.7917e-01
 1.3895e+01	 6.0000e+01	 3.9539e+00	 2.6882e-01
 1.0000e+01	 6.0000e+01	 4.0088e+00	 2.5880e-01
 7.1969e+00	 6.0000e+01	 4.0611e+00	 2.4864e-01
 5.1795e+00	 6.0000e+01	 4.1104e+00	 2.3917e-01
 3.7276e+00	 6.0000e+01	 4.1572e+00	 2.3037e-01
 2.6827e+00	 6.0000e+01	 4.2010e+00	 2.2295e-01
 1.9307e+00	 6.0000e+01	 4.2419e+00	 2.1774e-01
 1.3895e+00	 6.0000e+01	 4.2798e+00	 2.1562e-01
 1.0000e+00	 6.0000e+01	 4.3136e+00	 2.1786e-01
 7.1969e-01	 6.0000e+01	 4.3437e+00	 2.2792e-01
 5.1795e-01	 6.0000e+01	 4.3714e+00	 2.4664e-01
 3.7276e-01	 6.0000e+01	 4.3956e+00	 2.7900e-01
 2.6827e-01	 6.0000e+01	 4.4183e+00	 3.2869e-01
 1.9307e-01	 6.0000e+01	 4.4390e+00	 4.0478e-01
 1.3895e-01	 6.0000e+01	 4.4581e+00	 5.1216e-01
 1.0000e-01	 6.0000e+01	 4.4792e+00	 6.6885e-01
 7.1969e-02	 6.0000e+01	 4.5096e+00	 8.8544e-01
 5.1795e-02	 6.0000e+01	 4.5469e+00	 1.1866e+00
 3.7276e-02	 6.0000e+01	 4.6067e+00	 1.5900e+00
 2.6827e-02	 6.0000e+01	 4.6928e+00	 2.1479e+00
 1.0000e+07	 5.5000e+01	 2.3019e+00	-6.3679e-02
 7.1969e+06	 5.5000e+01	 2.2969e+00	 6.2589e-03
 5.1795e+06	 5.5000e+01	 2.2798e+00	 1.5368e-02
 3.7276e+06	 5.5000e+01	 2.2797e+00	 1.7022e-02
 2.6827e+06	 5.5000e+01	 2.2773e+00	 2.7073e-02
 1.9307e+06	 5.5000e+01	 2.2815e+00	 3.5410e-02
 1.3895e+06	 5.5000e+01	 2.2909e+00	 3.9160e-02
 1.0000e+06	 5.5000e+01	 2.2960e+00	 4.5692e-02
 7.1969e+05	 5.5000e+01	 2.3079e+00	 5.7604e-02
 5.1795e+05	 5.5000e+01	 2.3187e+00	 6.1942e-02
 3.7276e+05	 5.5000e+01	 2.3309e+00	 6.6720e-02
 2.6827e+05	 5.5000e+01	 2.3441e+00	 7.2114e-02
 1.9307e+05	 5.5000e+01	 2.3584e+00	 7.8155e-02
 1.3895e+05	 5.5000e+01	 2.3742e+00	 8.5040e-02
 1.0000e+05	 5.5000e+01	 2.3912e+00	 9.2815e-02
 7.1969e+04	 5.5000e+01	 2.4101e+00	 1.0151e-01
 5.1795e+04	 5.5000e+01	 2.4305e+00	 1.1126e-01
 3.7276e+04	 5.5000e+01	 2.4531e+00	 1.2207e-01
 2.6827e+04	 5.5000e+01	 2.4783e+00	 1.3397e-01
 1.9307e+04	 5.5000e+01	 2.5061e+00	 1.4689e-01
 1.3895e+04	 5.5000e+01	 2.5369e+00	 1.6080e-01
 1.0000e+04	 5.5000e+01	 2.5708e+00	 1.7560e-01
 7.1969e+03	 5.5000e+01	 2.6083e+00	 1.9110e-01
 5.1795e+03	 5.5000e+01	 2.6495e+00	 2.0706e-01
 3.7276e+03	 5.5000e+01	 2.6946e+00	 2.2317e-01
 2.6827e+03	 5.5000e+01	 2.7435e+00	 2.3910e-01
 1.9307e+03	 5.5000e+01	 2.7963e+00	 2.5440e-01
 1.3895e+03	 5.5000e+01	 2.8531e+00	 2.6879e-01
 1.0000e+03	 5.5000e+01	 2.9133e+00	 2.8168e-01
 7.1969e+02	 5.5000e+01	 2.9764e+00	 2.9265e-01
 5.1795e+02	 5.5000e+01	 3.0420e+00	 3.0144e-01
 3.7276e+02	 5.5000e+01	 3.1092e+00	 3.0776e-01
 2.6827e+02	 5.5000e+01	 3.1775e+00	 3.1158e-01
 1.9307e+02	 5.5000e+01	 3.2463e+00	 3.1298e-01
 1.3895e+02	 5.5000e+01	 3.3146e+00	 3.1220e-01
 1.0000e+02	 5.5000e+01	 3.3824e+00	 3.0947e-01
 7.1969e+01	 5.5000e+01	 3.4486e+00	 3.0523e-01
 5.1795e+01	 5.5000e+01	 3.5131e+00	 2.9999e-01
 3.7276e+01	 5.5000e+01	 3.5762e+00	 2.9404e-01
 2.6827e+01	 5.5000e+01	 3.6374e+00	 2.8774e-01
 1.9307e+01	 5.5000e+01	 3.6968e+00	 2.8140e-01
 1.3895e+01	 5.5000e+01	 3.7549e+00	 2.7510e-01
 1.0000e+01	 5.5000e+01	 3.8116e+00	 2.6893e-01
 7.1969e+00	 5.5000e+01	 3.8665e+00	 2.6328e-01
 5.1795e+00	 5.5000e+01	 3.9202e+00	 2.5774e-01
 3.7276e+00	 5.5000e+01	 3.9727e+00	 2.5237e-01
 2.6827e+00	 5.5000e+01	 4.0239e+00	 2.4688e-01
 1.9307e+00	 5.5000e+01	 4.0731e+00	 2.4284e-01
 1.3895e+00	 5.5000e+01	 4.1211e+00	 2.3946e-01
 1.0000e+00	 5.5000e+01	 4.1663e+00	 2.3795e-01
 7.1969e-01	 5.5000e+01	 4.2097e+00	 2.3842e-01
 5.1795e-01	 5.5000e+01	 4.2510e+00	 2.4347e-01
 3.7276e-01	 5.5000e+01	 4.2905e+00	 2.5187e-01
 2.6827e-01	 5.5000e+01	 4.3275e+00	 2.6741e-01
 1.9307e-01	 5.5000e+01	 4.3616e+00	 2.9408e-01
 1.3895e-01	 5.5000e+01	 4.3923e+00	 3.3310e-01
 1.0000e-01	 5.5000e+01	 4.4209e+00	 3.9562e-01
 7.1969e-02	 5.5000e+01	 4.4518e+00	 4.8272e-01
 5.1795e-02	 5.5000e+01	 4.4795e+00	 6.1095e-01
 3.7276e-02	 5.5000e+01	 4.5130e+00	 7.8480e-01
 2.6827e-02	 5.5000e+01	 4.5548e+00	 1.0400e+00
 1.0000e+07	 5.0000e+01	 2.3015e+00	-7.1467e-02
 7.1969e+06	 5.0000e+01	 2.2964e+00	-5.1393e-05
 5.1795e+06	 5.0000e+01	 2.2785e+00	 9.5059e-03
 3.7276e+06	 5.0000e+01	 2.2776e+00	 1.1223e-02
 2.6827e+06	 5.0000e+01	 2.2743e+00	 2.1047e-02
 1.9307e+06	 5.0000e+01	 2.2774e+00	 2.9025e-02
 1.3895e+06	 5.0000e+01	 2.2857e+00	 3.2250e-02
 1.0000e+06	 5.0000e+01	 2.2894e+00	 3.8196e-02
 7.1969e+05	 5.0000e+01	 2.3007e+00	 4.9469e-02
 5.1795e+05	 5.0000e+01	 2.3099e+00	 5.2899e-02
 3.7276e+05	 5.0000e+01	 2.3203e+00	 5.6686e-02
 2.6827e+05	 5.0000e+01	 2.3315e+00	 6.0916e-02
 1.9307e+05	 5.0000e+01	 2.3436e+00	 6.5625e-02
 1.3895e+05	 5.0000e+01	 2.3570e+00	 7.0954e-02
 1.0000e+05	 5.0000e+01	 2.3711e+00	 7.7028e-02
 7.1969e+04	 5.0000e+01	 2.3869e+00	 8.3827e-02
 5.1795e+04	 5.0000e+01	 2.4036e+00	 9.1482e-02
 3.7276e+04	 5.0000e+01	 2.4221e+00	 9.9992e-02
 2.6827e+04	 5.0000e+01	 2.4426e+00	 1.0943e-01
 1.9307e+04	 5.0000e+01	 2.4651e+00	 1.1976e-01
 1.3895e+04	 5.0000e+01	 2.4901e+00	 1.3099e-01
 1.0000e+04	 5.0000e+01	 2.5174e+00	 1.4302e-01
 7.1969e+03	 5.0000e+01	 2.5475e+00	 1.5581e-01
 5.1795e+03	 5.0000e+01	 2.5808e+00	 1.6930e-01
 3.7276e+03	 5.0000e+01	 2.6173e+00	 1.8323e-01
 2.6827e+03	 5.0000e+01	 2.6570e+00	 1.9734e-01
 1.9307e+03	 5.0000e+01	 2.7002e+00	 2.1133e-01
 1.3895e+03	 5.0000e+01	 2.7466e+00	 2.2486e-01
 1.0000e+03	 5.0000e+01	 2.7964e+00	 2.3763e-01
 7.1969e+02	 5.0000e+01	 2.8494e+00	 2.4931e-01
 5.1795e+02	 5.0000e+01	 2.9049e+00	 2.5943e-01
 3.7276e+02	 5.0000e+01	 2.9627e+00	 2.6779e-01
 2.6827e+02	 5.0000e+01	 3.0224e+00	 2.7417e-01
 1.9307e+02	 5.0000e+01	 3.0834e+00	 2.7844e-01
 1.3895e+02	 5.0000e+01	 3.1447e+00	 2.8055e-01
 1.0000e+02	 5.0000e+01	 3.2061e+00	 2.8075e-01
 7.1969e+01	 5.0000e+01	 3.2671e+00	 2.7918e-01
 5.1795e+01	 5.0000e+01	 3.3269e+00	 2.7619e-01
 3.7276e+01	 5.0000e+01	 3.3855e+00	 2.7227e-01
 2.6827e+01	 5.0000e+01	 3.4427e+00	 2.6771e-01
 1.9307e+01	 5.0000e+01	 3.4983e+00	 2.6297e-01
 1.3895e+01	 5.0000e+01	 3.5523e+00	 2.5852e-01
 1.0000e+01	 5.0000e+01	 3.6052e+00	 2.5383e-01
 7.1969e+00	 5.0000e+01	 3.6569e+00	 2.4996e-01
 5.1795e+00	 5.0000e+01	 3.7072e+00	 2.4703e-01
 3.7276e+00	 5.0000e+01	 3.7575e+00	 2.4425e-01
 2.6827e+00	 5.0000e+01	 3.8077e+00	 2.4171e-01
 1.9307e+00	 5.0000e+01	 3.8573e+00	 2.4060e-01
 1.3895e+00	 5.0000e+01	 3.9069e+00	 2.4154e-01
 1.0000e+00	 5.0000e+01	 3.9554e+00	 2.4133e-01
 7.1969e-01	 5.0000e+01	 4.0025e+00	 2.4294e-01
 5.1795e-01	 5.0000e+01	 4.0496e+00	 2.4570e-01
 3.7276e-01	 5.0000e+01	 4.0965e+00	 2.4939e-01
 2.6827e-01	 5.0000e+01	 4.1425e+00	 2.5509e-01
 1.9307e-01	 5.0000e+01	 4.1874e+00	 2.6587e-01
 1.3895e-01	 5.0000e+01	 4.2295e+00	 2.8020e-01
 1.0000e-01	 5.0000e+01	 4.2684e+00	 3.0370e-01
 7.1969e-02	 5.0000e+01	 4.3110e+00	 3.3586e-01
 5.1795e-02	 5.0000e+01	 4.3493e+00	 3.8482e-01
 3.7276e-02	 5.0000e+01	 4.3868e+00	 4.5432e-01
 2.6827e-02	 5.0000e+01	 4.4299e+00	 5.4753e-01
 1.0000e+07	 6.0000e+01	 2.3004e+00	-6.0924e-02
 7.1969e+06	 6.0000e+01	 2.2962e+00	 9.1143e-03
 5.1795e+06	 6.0000e+01	 2.2801e+00	 1.9210e-02
 3.7276e+06	 6.0000e+01	 2.2812e+00	 2.1628e-02
 2.6827e+06	 6.0000e+01	 2.2799e+00	 3.2212e-02
 1.9307e+06	 6.0000e+01	 2.2852e+00	 4.1136e-02
 1.3895e+06	 6.0000e+01	 2.2959e+00	 4.5512e-02
 1.0000e+06	 6.0000e+01	 2.3022e+00	 5.2767e-02
 7.1969e+05	 6.0000e+01	 2.3163e+00	 6.5611e-02
 5.1795e+05	 6.0000e+01	 2.3287e+00	 7.0859e-02
 3.7276e+05	 6.0000e+01	 2.3427e+00	 7.6712e-02
 2.6827e+05	 6.0000e+01	 2.3578e+00	 8.3332e-02
 1.9307e+05	 6.0000e+01	 2.3744e+00	 9.0802e-02
 1.3895e+05	 6.0000e+01	 2.3929e+00	 9.9289e-02
 1.0000e+05	 6.0000e+01	 2.4128e+00	 1.0887e-01
 7.1969e+04	 6.0000e+01	 2.4351e+00	 1.1961e-01
 5.1795e+04	 6.0000e+01	 2.4593e+00	 1.3157e-01
 3.7276e+04	 6.0000e+01	 2.4864e+00	 1.4473e-01
 2.6827e+04	 6.0000e+01	 2.5164e+00	 1.5911e-01
 1.9307e+04	 6.0000e+01	 2.5498e+00	 1.7464e-01
 1.3895e+04	 6.0000e+01	 2.5870e+00	 1.9117e-01
 1.0000e+04	 6.0000e+01	 2.6279e+00	 2.0849e-01
 7.1969e+03	 6.0000e+01	 2.6731e+00	 2.2639e-01
 5.1795e+03	 6.0000e+01	 2.7226e+00	 2.4437e-01
 3.7276e+03	 6.0000e+01	 2.7765e+00	 2.6212e-01
 2.6827e+03	 6.0000e+01	 2.8350e+00	 2.7922e-01
 1.9307e+03	 6.0000e+01	 2.8975e+00	 2.9495e-01
 1.3895e+03	 6.0000e+01	 2.9640e+00	 3.0890e-01
 1.0000e+03	 6.0000e+01	 3.0338e+00	 3.2058e-01
 7.1969e+02	 6.0000e+01	 3.1060e+00	 3.2957e-01
 5.1795e+02	 6.0000e+01	 3.1805e+00	 3.3571e-01
 3.7276e+02	 6.0000e+01	 3.2557e+00	 3.3882e-01
 2.6827e+02	 6.0000e+01	 3.3311e+00	 3.3908e-01
 1.9307e+02	 6.0000e+01	 3.4056e+00	 3.3666e-01
 1.3895e+02	 6.0000e+01	 3.4787e+00	 3.3202e-01
 1.0000e+02	 6.0000e+01	 3.5497e+00	 3.2564e-01
 7.1969e+01	 6.0000e+01	 3.6192e+00	 3.1797e-01
 5.1795e+01	 6.0000e+01	 3.6863e+00	 3.0937e-01
 3.7276e+01	 6.0000e+01	 3.7510e+00	 3.0007e-01
 2.6827e+01	 6.0000e+01	 3.8134e+00	 2.9057e-01
 1.9307e+01	 6.0000e+01	 3.8735e+00	 2.8084e-01
 1.3895e+01	 6.0000e+01	 3.9312e+00	 2.7128e-01
 1.0000e+01	 6.0000e+01	 3.9869e+00	 2.6138e-01
 7.1969e+00	 6.0000e+01	 4.0400e+00	 2.5205e-01
 5.1795e+00	 6.0000e+01	 4.0904e+00	 2.4266e-01
 3.7276e+00	 6.0000e+01	 4.1388e+00	 2.3428e-01
 2.6827e+00	 6.0000e+01	 4.1843e+00	 2.2664e-01
 1.9307e+00	 6.0000e+01	 4.2267e+00	 2.2116e-01
 1.3895e+00	 6.0000e+01	 4.2655e+00	 2.1895e-01
 1.0000e+00	 6.0000e+01	 4.3022e+00	 2.1976e-01
 7.1969e-01	 6.0000e+01	 4.3342e+00	 2.2935e-01
 5.1795e-01	 6.0000e+01	 4.3651e+00	 2.4479e-01
 3.7276e-01	 6.0000e+01	 4.3921e+00	 2.7406e-01
 2.6827e-01	 6.0000e+01	 4.4161e+00	 3.2180e-01
 1.9307e-01	 6.0000e+01	 4.4380e+00	 3.9239e-01
 1.3895e-01	 6.0000e+01	 4.4587e+00	 4.9698e-01
 1.0000e-01	 6.0000e+01	 4.4823e+00	 6.4939e-01
 7.1969e-02	 6.0000e+01	 4.5095e+00	 8.6590e-01
 5.1795e-02	 6.0000e+01	 4.5456e+00	 1.1657e+00
 3.7276e-02	 6.0000e+01	 4.6029e+00	 1.5763e+00
 2.6827e-02	 6.0000e+01	 4.6929e+00	 2.1347e+00
 1.0000e+07	 7.0000e+01	 2.3035e+00	-4.5303e-02
 7.1969e+06	 7.0000e+01	 2.3003e+00	 2.3785e-02
 5.1795e+06	 7.0000e+01	 2.2864e+00	 3.4102e-02
 3.7276e+06	 7.0000e+01	 2.2901e+00	 3.7311e-02
 2.6827e+06	 7.0000e+01	 2.2915e+00	 4.9073e-02
 1.9307e+06	 7.0000e+01	 2.3000e+00	 5.9471e-02
 1.3895e+06	 7.0000e+01	 2.3142e+00	 6.5716e-02
 1.0000e+06	 7.0000e+01	 2.3244e+00	 7.5181e-02
 7.1969e+05	 7.0000e+01	 2.3418e+00	 9.0501e-02
 5.1795e+05	 7.0000e+01	 2.3590e+00	 9.8799e-02
 3.7276e+05	 7.0000e+01	 2.3785e+00	 1.0821e-01
 2.6827e+05	 7.0000e+01	 2.3999e+00	 1.1888e-01
 1.9307e+05	 7.0000e+01	 2.4236e+00	 1.3089e-01
 1.3895e+05	 7.0000e+01	 2.4503e+00	 1.4446e-01
 1.0000e+05	 7.0000e+01	 2.4795e+00	 1.5957e-01
 7.1969e+04	 7.0000e+01	 2.5122e+00	 1.7628e-01
 5.1795e+04	 7.0000e+01	 2.5489e+00	 1.9460e-01
 3.7276e+04	 7.0000e+01	 2.5899e+00	 2.1432e-01
 2.6827e+04	 7.0000e+01	 2.6356e+00	 2.3526e-01
 1.9307e+04	 7.0000e+01	 2.6862e+00	 2.5699e-01
 1.3895e+04	 7.0000e+01	 2.7424e+00	 2.7917e-01
 1.0000e+04	 7.0000e+01	 2.8043e+00	 3.0123e-01
 7.1969e+03	 7.0000e+01	 2.8718e+00	 3.2241e-01
 5.1795e+03	 7.0000e+01	 2.9448e+00	 3.4197e-01
 3.7276e+03	 7.0000e+01	 3.0226e+00	 3.5898e-01
 2.6827e+03	 7.0000e+01	 3.1050e+00	 3.7278e-01
 1.9307e+03	 7.0000e+01	 3.1906e+00	 3.8263e-01
 1.3895e+03	 7.0000e+01	 3.2782e+00	 3.8802e-01
 1.0000e+03	 7.0000e+01	 3.3666e+00	 3.8878e-01
 7.1969e+02	 7.0000e+01	 3.4543e+00	 3.8502e-01
 5.1795e+02	 7.0000e+01	 3.5403e+00	 3.7711e-01
 3.7276e+02	 7.0000e+01	 3.6234e+00	 3.6550e-01
 2.6827e+02	 7.0000e+01	 3.7028e+00	 3.5092e-01
 1.9307e+02	 7.0000e+01	 3.7776e+00	 3.3416e-01
 1.3895e+02	 7.0000e+01	 3.8479e+00	 3.1580e-01
 1.0000e+02	 7.0000e+01	 3.9132e+00	 2.9653e-01
 7.1969e+01	 7.0000e+01	 3.9738e+00	 2.7684e-01
 5.1795e+01	 7.0000e+01	 4.0293e+00	 2.5724e-01
 3.7276e+01	 7.0000e+01	 4.0799e+00	 2.3816e-01
 2.6827e+01	 7.0000e+01	 4.1257e+00	 2.2015e-01
 1.9307e+01	 7.0000e+01	 4.1670e+00	 2.0344e-01
 1.3895e+01	 7.0000e+01	 4.2038e+00	 1.8900e-01
 1.0000e+01	 7.0000e+01	 4.2360e+00	 1.7729e-01
 7.1969e+00	 7.0000e+01	 4.2642e+00	 1.6922e-01
 5.1795e+00	 7.0000e+01	 4.2886e+00	 1.6607e-01
 3.7276e+00	 7.0000e+01	 4.3098e+00	 1.6966e-01
 2.6827e+00	 7.0000e+01	 4.3278e+00	 1.8226e-01
 1.9307e+00	 7.0000e+01	 4.3432e+00	 2.0617e-01
 1.3895e+00	 7.0000e+01	 4.3563e+00	 2.4691e-01
 1.0000e+00	 7.0000e+01	 4.3681e+00	 3.0755e-01
 7.1969e-01	 7.0000e+01	 4.3788e+00	 3.9799e-01
 5.1795e-01	 7.0000e+01	 4.3906e+00	 5.2859e-01
 3.7276e-01	 7.0000e+01	 4.4061e+00	 7.1314e-01
 2.6827e-01	 7.0000e+01	 4.4285e+00	 9.7122e-01
 1.9307e-01	 7.0000e+01	 4.4686e+00	 1.3297e+00
 1.3895e-01	 7.0000e+01	 4.5234e+00	 1.8186e+00
 1.0000e-01	 7.0000e+01	 4.6150e+00	 2.4851e+00
 7.1969e-02	 7.0000e+01	 4.7631e+00	 3.3715e+00
 5.1795e-02	 7.0000e+01	 4.9798e+00	 4.5497e+00
 3.7276e-02	 7.0000e+01	 5.2557e+00	 6.1002e+00
 2.6827e-02	 7.0000e+01	 5.6218e+00	 8.1621e+00
 1.0000e+07	 8.0000e+01	 2.3111e+00	-2.3158e-02
 7.1969e+06	 8.0000e+01	 2.3101e+00	 4.3511e-02
 5.1795e+06	 8.0000e+01	 2.2992e+00	 5.3918e-02
 3.7276e+06	 8.0000e+01	 2.3060e+00	 5.7937e-02
 2.6827e+06	 8.0000e+01	 2.3111e+00	 7.1593e-02
 1.9307e+06	 8.0000e+01	 2.3237e+00	 8.4456e-02
 1.3895e+06	 8.0000e+01	 2.3425e+00	 9.3629e-02
 1.0000e+06	 8.0000e+01	 2.3582e+00	 1.0664e-01
 7.1969e+05	 8.0000e+01	 2.3827e+00	 1.2616e-01
 5.1795e+05	 8.0000e+01	 2.4070e+00	 1.3912e-01
 3.7276e+05	 8.0000e+01	 2.4346e+00	 1.5383e-01
 2.6827e+05	 8.0000e+01	 2.4654e+00	 1.7039e-01
 1.9307e+05	 8.0000e+01	 2.4999e+00	 1.8885e-01
 1.3895e+05	 8.0000e+01	 2.5389e+00	 2.0931e-01
 1.0000e+05	 8.0000e+01	 2.5825e+00	 2.3163e-01
 7.1969e+04	 8.0000e+01	 2.6315e+00	 2.5560e-01
 5.1795e+04	 8.0000e+01	 2.6864e+00	 2.8079e-01
 3.7276e+04	 8.0000e+01	 2.7478e+00	 3.0664e-01
 2.6827e+04	 8.0000e+01	 2.8160e+00	 3.3251e-01
 1.9307e+04	 8.0000e+01	 2.8909e+00	 3.5720e-01
 1.3895e+04	 8.0000e+01	 2.9726e+00	 3.7980e-01
 1.0000e+04	 8.0000e+01	 3.0607e+00	 3.9903e-01
 7.1969e+03	 8.0000e+01	 3.1537e+00	 4.1350e-01
 5.1795e+03	 8.0000e+01	 3.2506e+00	 4.2232e-01
 3.7276e+03	 8.0000e+01	 3.3492e+00	 4.2459e-01
 2.6827e+03	 8.0000e+01	 3.4477e+00	 4.1999e-01
 1.9307e+03	 8.0000e+01	 3.5442e+00	 4.0888e-01
 1.3895e+03	 8.0000e+01	 3.6361e+00	 3.9163e-01
 1.0000e+03	 8.0000e+01	 3.7222e+00	 3.6958e-01
 7.1969e+02	 8.0000e+01	 3.8017e+00	 3.4394e-01
 5.1795e+02	 8.0000e+01	 3.8733e+00	 3.1616e-01
 3.7276e+02	 8.0000e+01	 3.9376e+00	 2.8735e-01
 2.6827e+02	 8.0000e+01	 3.9942e+00	 2.5873e-01
 1.9307e+02	 8.0000e+01	 4.0433e+00	 2.3142e-01
 1.3895e+02	 8.0000e+01	 4.0857e+00	 2.0593e-01
 1.0000e+02	 8.0000e+01	 4.1220e+00	 1.8298e-01
 7.1969e+01	 8.0000e+01	 4.1527e+00	 1.6309e-01
 5.1795e+01	 8.0000e+01	 4.1785e+00	 1.4679e-01
 3.7276e+01	 8.0000e+01	 4.2000e+00	 1.3501e-01
 2.6827e+01	 8.0000e+01	 4.2178e+00	 1.2810e-01
 1.9307e+01	 8.0000e+01	 4.2325e+00	 1.2705e-01
 1.3895e+01	 8.0000e+01	 4.2444e+00	 1.3355e-01
 1.0000e+01	 8.0000e+01	 4.2544e+00	 1.4932e-01
 7.1969e+00	 8.0000e+01	 4.2620e+00	 1.7741e-01
 5.1795e+00	 8.0000e+01	 4.2684e+00	 2.2173e-01
 3.7276e+00	 8.0000e+01	 4.2752e+00	 2.8711e-01
 2.6827e+00	 8.0000e+01	 4.2805e+00	 3.8176e-01
 1.9307e+00	 8.0000e+01	 4.2905e+00	 5.1606e-01
 1.3895e+00	 8.0000e+01	 4.3015e+00	 7.0594e-01
 1.0000e+00	 8.0000e+01	 4.3217e+00	 9.7020e-01
 7.1969e-01	 8.0000e+01	 4.3499e+00	 1.3286e+00
 5.1795e-01	 8.0000e+01	 4.4023e+00	 1.8254e+00
 3.7276e-01	 8.0000e+01	 4.4841e+00	 2.4975e+00
 2.6827e-01	 8.0000e+01	 4.6128e+00	 3.4038e+00
 1.9307e-01	 8.0000e+01	 4.7977e+00	 4.6116e+00
 1.3895e-01	 8.0000e+01	 5.0419e+00	 6.2239e+00
 1.0000e-01	 8.0000e+01	 5.3576e+00	 8.3879e+00
 7.1969e-02	 8.0000e+01	 5.7213e+00	 1.1281e+01
 5.1795e-02	 8.0000e+01	 6.1348e+00	 1.5223e+01
 3.7276e-02	 8.0000e+01	 6.5537e+00	 2.0574e+01
 2.6827e-02	 8.0000e+01	 6.9441e+00	 2.7834e+01
 1.0000e+07	 9.0000e+01	 2.3007e+00	-1.8176e-02
 7.1969e+06	 9.0000e+01	 2.3235e+00	 7.6196e-02
 5.1795e+06	 9.0000e+01	 2.3267e+00	 8.3431e-02
 3.7276e+06	 9.0000e+01	 2.3387e+00	 8.5456e-02
 2.6827e+06	 9.0000e+01	 2.3482e+00	 1.0211e-01
 1.9307e+06	 9.0000e+01	 2.3664e+00	 1.1892e-01
 1.3895e+06	 9.0000e+01	 2.3920e+00	 1.3288e-01
 1.0000e+06	 9.0000e+01	 2.4153e+00	 1.5113e-01
 7.1969e+05	 9.0000e+01	 2.4479e+00	 1.7700e-01
 5.1795e+05	 9.0000e+01	 2.4827e+00	 1.9653e-01
 3.7276e+05	 9.0000e+01	 2.5225e+00	 2.1842e-01
 2.6827e+05	 9.0000e+01	 2.5674e+00	 2.4251e-01
 1.9307e+05	 9.0000e+01	 2.6183e+00	 2.6858e-01
 1.3895e+05	 9.0000e+01	 2.6760e+00	 2.9645e-01
 1.0000e+05	 9.0000e+01	 2.7407e+00	 3.2529e-01
 7.1969e+04	 9.0000e+01	 2.8131e+00	 3.5407e-01
 5.1795e+04	 9.0000e+01	 2.8938e+00	 3.8183e-01
 3.7276e+04	 9.0000e+01	 2.9821e+00	 4.0681e-01
 2.6827e+04	 9.0000e+01	 3.0778e+00	 4.2743e-01
 1.9307e+04	 9.0000e+01	 3.1796e+00	 4.4191e-01
 1.3895e+04	 9.0000e+01	 3.2854e+00	 4.4862e-01
 1.0000e+04	 9.0000e+01	 3.3928e+00	 4.4644e-01
 7.1969e+03	 9.0000e+01	 3.4984e+00	 4.3511e-01
 5.1795e+03	 9.0000e+01	 3.5990e+00	 4.1494e-01
 3.7276e+03	 9.0000e+01	 3.6931e+00	 3.8755e-01
 2.6827e+03	 9.0000e+01	 3.7772e+00	 3.5473e-01
 1.9307e+03	 9.0000e+01	 3.8511e+00	 3.1883e-01
 1.3895e+03	 9.0000e+01	 3.9142e+00	 2.8217e-01
 1.0000e+03	 9.0000e+01	 3.9675e+00	 2.4644e-01
 7.1969e+02	 9.0000e+01	 4.0117e+00	 2.1317e-01
 5.1795e+02	 9.0000e+01	 4.0477e+00	 1.8333e-01
 3.7276e+02	 9.0000e+01	 4.0770e+00	 1.5753e-01
 2.6827e+02	 9.0000e+01	 4.1005e+00	 1.3612e-01
 1.9307e+02	 9.0000e+01	 4.1194e+00	 1.1936e-01
 1.3895e+02	 9.0000e+01	 4.1344e+00	 1.0761e-01
 1.0000e+02	 9.0000e+01	 4.1463e+00	 1.0115e-01
 7.1969e+01	 9.0000e+01	 4.1557e+00	 1.0077e-01
 5.1795e+01	 9.0000e+01	 4.1631e+00	 1.0741e-01
 3.7276e+01	 9.0000e+01	 4.1690e+00	 1.2272e-01
 2.6827e+01	 9.0000e+01	 4.1738e+00	 1.4906e-01
 1.9307e+01	 9.0000e+01	 4.1780e+00	 1.8979e-01
 1.3895e+01	 9.0000e+01	 4.1818e+00	 2.4963e-01
 1.0000e+01	 9.0000e+01	 4.1860e+00	 3.3575e-01
 7.1969e+00	 9.0000e+01	 4.1913e+00	 4.5707e-01
 5.1795e+00	 9.0000e+01	 4.1993e+00	 6.2663e-01
 3.7276e+00	 9.0000e+01	 4.2122e+00	 8.6334e-01
 2.6827e+00	 9.0000e+01	 4.2352e+00	 1.1886e+00
 1.9307e+00	 9.0000e+01	 4.2730e+00	 1.6375e+00
 1.3895e+00	 9.0000e+01	 4.3373e+00	 2.2489e+00
 1.0000e+00	 9.0000e+01	 4.4328e+00	 3.0686e+00
 7.1969e-01	 9.0000e+01	 4.5719e+00	 4.1726e+00
 5.1795e-01	 9.0000e+01	 4.7714e+00	 5.6553e+00
 3.7276e-01	 9.0000e+01	 5.0125e+00	 7.6396e+00
 2.6827e-01	 9.0000e+01	 5.3058e+00	 1.0302e+01
 1.9307e-01	 9.0000e+01	 5.6355e+00	 1.3967e+01
 1.3895e-01	 9.0000e+01	 5.9660e+00	 1.8987e+01
 1.0000e-01	 9.0000e+01	 6.2641e+00	 2.5920e+01
 7.1969e-02	 9.0000e+01	 6.5445e+00	 3.5588e+01
 5.1795e-02	 9.0000e+01	 6.7822e+00	 4.9104e+01
 3.7276e-02	 9.0000e+01	 6.9729e+00	 6.7868e+01
 2.6827e-02	 9.0000e+01	 7.1902e+00	 9.4103e+01
 1.0000e+07	 1.0000e+02	 2.3773e+00	 4.4762e-02
 7.1969e+06	 1.0000e+02	 2.3815e+00	 1.0761e-01
 5.1795e+06	 1.0000e+02	 2.3782e+00	 1.1924e-01
 3.7276e+06	 1.0000e+02	 2.3947e+00	 1.2750e-01
 2.6827e+06	 1.0000e+02	 2.4118e+00	 1.4793e-01
 1.9307e+06	 1.0000e+02	 2.4385e+00	 1.6958e-01
 1.3895e+06	 1.0000e+02	 2.4739e+00	 1.8916e-01
 1.0000e+06	 1.0000e+02	 2.5088e+00	 2.1412e-01
 7.1969e+05	 1.0000e+02	 2.5553e+00	 2.4706e-01
 5.1795e+05	 1.0000e+02	 2.6060e+00	 2.7438e-01
 3.7276e+05	 1.0000e+02	 2.6640e+00	 3.0378e-01
 2.6827e+05	 1.0000e+02	 2.7299e+00	 3.3458e-01
 1.9307e+05	 1.0000e+02	 2.8045e+00	 3.6582e-01
 1.3895e+05	 1.0000e+02	 2.8879e+00	 3.9594e-01
 1.0000e+05	 1.0000e+02	 2.9802e+00	 4.2316e-01
 7.1969e+04	 1.0000e+02	 3.0811e+00	 4.4538e-01
 5.1795e+04	 1.0000e+02	 3.1886e+00	 4.6012e-01
 3.7276e+04	 1.0000e+02	 3.3007e+00	 4.6546e-01
 2.6827e+04	 1.0000e+02	 3.4142e+00	 4.5978e-01
 1.9307e+04	 1.0000e+02	 3.5246e+00	 4.4273e-01
 1.3895e+04	 1.0000e+02	 3.6280e+00	 4.1504e-01
 1.0000e+04	 1.0000e+02	 3.7213e+00	 3.7903e-01
 7.1969e+03	 1.0000e+02	 3.8025e+00	 3.3756e-01
 5.1795e+03	 1.0000e+02	 3.8700e+00	 2.9425e-01
 3.7276e+03	 1.0000e+02	 3.9253e+00	 2.5192e-01
 2.6827e+03	 1.0000e+02	 3.9688e+00	 2.1267e-01
 1.9307e+03	 1.0000e+02	 4.0027e+00	 1.7806e-01
 1.3895e+03	 1.0000e+02	 4.0288e+00	 1.4864e-01
 1.0000e+03	 1.0000e+02	 4.0490e+00	 1.2460e-01
 7.1969e+02	 1.0000e+02	 4.0645e+00	 1.0594e-01
 5.1795e+02	 1.0000e+02	 4.0763e+00	 9.2693e-02
 3.7276e+02	 1.0000e+02	 4.0853e+00	 8.4879e-02
 2.6827e+02	 1.0000e+02	 4.0923e+00	 8.2728e-02
 1.9307e+02	 1.0000e+02	 4.0977e+00	 8.6819e-02
 1.3895e+02	 1.0000e+02	 4.1018e+00	 9.8295e-02
 1.0000e+02	 1.0000e+02	 4.1051e+00	 1.1888e-01
 7.1969e+01	 1.0000e+02	 4.1079e+00	 1.5120e-01
 5.1795e+01	 1.0000e+02	 4.1104e+00	 1.9905e-01
 3.7276e+01	 1.0000e+02	 4.1131e+00	 2.6771e-01
 2.6827e+01	 1.0000e+02	 4.1165e+00	 3.6472e-01
 1.9307e+01	 1.0000e+02	 4.1215e+00	 5.0076e-01
 1.3895e+01	 1.0000e+02	 4.1292e+00	 6.9008e-01
 1.0000e+01	 1.0000e+02	 4.1426e+00	 9.5210e-01
 7.1969e+00	 1.0000e+02	 4.1656e+00	 1.3132e+00
 5.1795e+00	 1.0000e+02	 4.2052e+00	 1.8100e+00
 3.7276e+00	 1.0000e+02	 4.2695e+00	 2.4862e+00
 2.6827e+00	 1.0000e+02	 4.3656e+00	 3.3975e+00
 1.9307e+00	 1.0000e+02	 4.5091e+00	 4.6317e+00
 1.3895e+00	 1.0000e+02	 4.6933e+00	 6.2850e+00
 1.0000e+00	 1.0000e+02	 4.9176e+00	 8.5036e+00
 7.1969e-01	 1.0000e+02	 5.1698e+00	 1.1513e+01
 5.1795e-01	 1.0000e+02	 5.4337e+00	 1.5657e+01
 3.7276e-01	 1.0000e+02	 5.6864e+00	 2.1361e+01
 2.6827e-01	 1.0000e+02	 5.9047e+00	 2.9292e+01
 1.9307e-01	 1.0000e+02	 6.0934e+00	 4.0414e+01
 1.3895e-01	 1.0000e+02	 6.2464e+00	 5.5851e+01
 1.0000e-01	 1.0000e+02	 6.3979e+00	 7.7586e+01
 7.1969e-02	 1.0000e+02	 6.5431e+00	 1.0790e+02
 5.1795e-02	 1.0000e+02	 6.7499e+00	 1.4992e+02
 3.7276e-02	 1.0000e+02	 7.1194e+00	 2.0811e+02
 2.6827e-02	 1.0000e+02	 7.6270e+00	 2.8910e+02
 1.0000e+07	 1.1000e+02	 2.4199e+00	 3.6380e-02
 7.1969e+06	 1.1000e+02	 2.4357e+00	 1.2687e-01
 5.1795e+06	 1.1000e+02	 2.4434e+00	 1.5179e-01
 3.7276e+06	 1.1000e+02	 2.4703e+00	 1.7103e-01
 2.6827e+06	 1.1000e+02	 2.4984e+00	 2.0053e-01
 1.9307e+06	 1.1000e+02	 2.5377e+00	 2.3099e-01
 1.3895e+06	 1.1000e+02	 2.5877e+00	 2.5913e-01
 1.0000e+06	 1.1000e+02	 2.6396e+00	 2.9243e-01
 7.1969e+05	 1.1000e+02	 2.7049e+00	 3.3432e-01
 5.1795e+05	 1.1000e+02	 2.7781e+00	 3.6676e-01
 3.7276e+05	 1.1000e+02	 2.8613e+00	 3.9876e-01
 2.6827e+05	 1.1000e+02	 2.9541e+00	 4.2800e-01
 1.9307e+05	 1.1000e+02	 3.0562e+00	 4.5204e-01
 1.3895e+05	 1.1000e+02	 3.1663e+00	 4.6837e-01
 1.0000e+05	 1.1000e+02	 3.2820e+00	 4.7423e-01
 7.1969e+04	 1.1000e+02	 3.3993e+00	 4.6751e-01
 5.1795e+04	 1.1000e+02	 3.5131e+00	 4.4752e-01
 3.7276e+04	 1.1000e+02	 3.6194e+00	 4.1539e-01
 2.6827e+04	 1.1000e+02	 3.7128e+00	 3.7370e-01
 1.9307e+04	 1.1000e+02	 3.7915e+00	 3.2650e-01
 1.3895e+04	 1.1000e+02	 3.8548e+00	 2.7804e-01
 1.0000e+04	 1.1000e+02	 3.9039e+00	 2.3202e-01
 7.1969e+03	 1.1000e+02	 3.9411e+00	 1.9066e-01
 5.1795e+03	 1.1000e+02	 3.9684e+00	 1.5542e-01
 3.7276e+03	 1.1000e+02	 3.9888e+00	 1.2673e-01
 2.6827e+03	 1.1000e+02	 4.0033e+00	 1.0418e-01
 1.9307e+03	 1.1000e+02	 4.0140e+00	 8.7654e-02
 1.3895e+03	 1.1000e+02	 4.0217e+00	 7.6699e-02
 1.0000e+03	 1.1000e+02	 4.0276e+00	 7.1153e-02
 7.1969e+02	 1.1000e+02	 4.0320e+00	 7.1176e-02
 5.1795e+02	 1.1000e+02	 4.0353e+00	 7.7306e-02
 3.7276e+02	 1.1000e+02	 4.0379e+00	 9.0622e-02
 2.6827e+02	 1.1000e+02	 4.0399e+00	 1.1288e-01
 1.9307e+02	 1.1000e+02	 4.0418e+00	 1.4672e-01
 1.3895e+02	 1.1000e+02	 4.0435e+00	 1.9592e-01
 1.0000e+02	 1.1000e+02	 4.0458e+00	 2.6569e-01
 7.1969e+01	 1.1000e+02	 4.0486e+00	 3.6402e-01
 5.1795e+01	 1.1000e+02	 4.0529e+00	 5.0146e-01
 3.7276e+01	 1.1000e+02	 4.0600e+00	 6.9202e-01
 2.6827e+01	 1.1000e+02	 4.0720e+00	 9.5650e-01
 1.9307e+01	 1.1000e+02	 4.0929e+00	 1.3213e+00
 1.3895e+01	 1.1000e+02	 4.1286e+00	 1.8225e+00
 1.0000e+01	 1.1000e+02	 4.1872e+00	 2.5027e+00
 7.1969e+00	 1.1000e+02	 4.2750e+00	 3.4248e+00
 5.1795e+00	 1.1000e+02	 4.4059e+00	 4.6713e+00
 3.7276e+00	 1.1000e+02	 4.5720e+00	 6.3491e+00
 2.6827e+00	 1.1000e+02	 4.7692e+00	 8.6219e+00
 1.9307e+00	 1.1000e+02	 4.9799e+00	 1.1703e+01
 1.3895e+00	 1.1000e+02	 5.1938e+00	 1.5951e+01
 1.0000e+00	 1.1000e+02	 5.3799e+00	 2.1838e+01
 7.1969e-01	 1.1000e+02	 5.5405e+00	 2.9987e+01
 5.1795e-01	 1.1000e+02	 5.6748e+00	 4.1350e+01
 3.7276e-01	 1.1000e+02	 5.7853e+00	 5.7178e+01
 2.6827e-01	 1.1000e+02	 5.9019e+00	 7.9427e+01
 1.9307e-01	 1.1000e+02	 6.0659e+00	 1.1045e+02
 1.3895e-01	 1.1000e+02	 6.2804e+00	 1.5353e+02
 1.0000e-01	 1.1000e+02	 6.6275e+00	 2.1346e+02
 7.1969e-02	 1.1000e+02	 7.1094e+00	 2.9680e+02
 5.1795e-02	 1.1000e+02	 7.7511e+00	 4.1221e+02
 3.7276e-02	 1.1000e+02	 8.8032e+00	 5.7278e+02
 2.6827e-02	 1.1000e+02	 1.0291e+01	 7.9427e+02
 1.0000e+07	 1.2000e+02	 2.4875e+00	 8.3849e-02
 7.1969e+06	 1.2000e+02	 2.5109e+00	 1.8023e-01
 5.1795e+06	 1.2000e+02	 2.5283e+00	 2.1072e-01
 3.7276e+06	 1.2000e+02	 2.5676e+00	 2.3645e-01
 2.6827e+06	 1.2000e+02	 2.6103e+00	 2.7246e-01
 1.9307e+06	 1.2000e+02	 2.6666e+00	 3.0938e-01
 1.3895e+06	 1.2000e+02	 2.7366e+00	 3.4302e-01
 1.0000e+06	 1.2000e+02	 2.8111e+00	 3.7916e-01
 7.1969e+05	 1.2000e+02	 2.9009e+00	 4.2128e-01
 5.1795e+05	 1.2000e+02	 3.0008e+00	 4.4788e-01
 3.7276e+05	 1.2000e+02	 3.1100e+00	 4.6723e-01
 2.6827e+05	 1.2000e+02	 3.2258e+00	 4.7600e-01
 1.9307e+05	 1.2000e+02	 3.3448e+00	 4.7155e-01
 1.3895e+05	 1.2000e+02	 3.4616e+00	 4.5273e-01
 1.0000e+05	 1.2000e+02	 3.5703e+00	 4.2002e-01
 7.1969e+04	 1.2000e+02	 3.6667e+00	 3.7613e-01
 5.1795e+04	 1.2000e+02	 3.7464e+00	 3.2573e-01
 3.7276e+04	 1.2000e+02	 3.8097e+00	 2.7378e-01
 2.6827e+04	 1.2000e+02	 3.8567e+00	 2.2465e-01
 1.9307e+04	 1.2000e+02	 3.8908e+00	 1.8119e-01
 1.3895e+04	 1.2000e+02	 3.9148e+00	 1.4479e-01
 1.0000e+04	 1.2000e+02	 3.9316e+00	 1.1565e-01
 7.1969e+03	 1.2000e+02	 3.9434e+00	 9.3347e-02
 5.1795e+03	 1.2000e+02	 3.9515e+00	 7.7296e-02
 3.7276e+03	 1.2000e+02	 3.9577e+00	 6.6892e-02
 2.6827e+03	 1.2000e+02	 3.9618e+00	 6.1744e-02
 1.9307e+03	 1.2000e+02	 3.9648e+00	 6.1851e-02
 1.3895e+03	 1.2000e+02	 3.9669e+00	 6.7602e-02
 1.0000e+03	 1.2000e+02	 3.9687e+00	 7.9872e-02
 7.1969e+02	 1.2000e+02	 3.9702e+00	 1.0020e-01
 5.1795e+02	 1.2000e+02	 3.9715e+00	 1.3094e-01
 3.7276e+02	 1.2000e+02	 3.9729e+00	 1.7540e-01
 2.6827e+02	 1.2000e+02	 3.9745e+00	 2.3876e-01
 1.9307e+02	 1.2000e+02	 3.9768e+00	 3.2753e-01
 1.3895e+02	 1.2000e+02	 3.9803e+00	 4.5132e-01
 1.0000e+02	 1.2000e+02	 3.9859e+00	 6.2325e-01
 7.1969e+01	 1.2000e+02	 3.9955e+00	 8.6177e-01
 5.1795e+01	 1.2000e+02	 4.0120e+00	 1.1913e+00
 3.7276e+01	 1.2000e+02	 4.0406e+00	 1.6449e+00
 2.6827e+01	 1.2000e+02	 4.0881e+00	 2.2633e+00
 1.9307e+01	 1.2000e+02	 4.1598e+00	 3.1012e+00
 1.3895e+01	 1.2000e+02	 4.2663e+00	 4.2342e+00
 1.0000e+01	 1.2000e+02	 4.4099e+00	 5.7703e+00
 7.1969e+00	 1.2000e+02	 4.5710e+00	 7.8393e+00
 5.1795e+00	 1.2000e+02	 4.7440e+00	 1.0667e+01
 3.7276e+00	 1.2000e+02	 4.9120e+00	 1.4566e+01
 2.6827e+00	 1.2000e+02	 5.0524e+00	 1.9959e+01
 1.9307e+00	 1.2000e+02	 5.1609e+00	 2.7411e+01
 1.3895e+00	 1.2000e+02	 5.2560e+00	 3.7861e+01
 1.0000e+00	 1.2000e+02	 5.3420e+00	 5.2389e+01
 7.1969e-01	 1.2000e+02	 5.4279e+00	 7.2708e+01
 5.1795e-01	 1.2000e+02	 5.5492e+00	 1.0104e+02
 3.7276e-01	 1.2000e+02	 5.7278e+00	 1.4033e+02
 2.6827e-01	 1.2000e+02	 5.9916e+00	 1.9485e+02
 1.9307e-01	 1.2000e+02	 6.3946e+00	 2.7086e+02
 1.3895e-01	 1.2000e+02	 7.0275e+00	 3.7595e+02
 1.0000e-01	 1.2000e+02	 7.8506e+00	 5.2181e+02
 7.1969e-02	 1.2000e+02	 9.0183e+00	 7.2463e+02
 5.1795e-02	 1.2000e+02	 1.0874e+01	 1.0063e+03
 3.7276e-02	 1.2000e+02	 1.3763e+01	 1.3945e+03
 2.6827e-02	 1.2000e+02	 1.7464e+01	 1.9295e+03
 1.0000e+07	 1.3000e+02	 2.5765e+00	 1.4378e-01
 7.1969e+06	 1.3000e+02	 2.6103e+00	 2.4618e-01
 5.1795e+06	 1.3000e+02	 2.6412e+00	 2.8176e-01
 3.7276e+06	 1.3000e+02	 2.6989e+00	 3.1028e-01
 2.6827e+06	 1.3000e+02	 2.7596e+00	 3.5116e-01
 1.9307e+06	 1.3000e+02	 2.8383e+00	 3.9004e-01
 1.3895e+06	 1.3000e+02	 2.9324e+00	 4.1973e-01
 1.0000e+06	 1.3000e+02	 3.0315e+00	 4.4629e-01
 7.1969e+05	 1.3000e+02	 3.1445e+00	 4.7203e-01
 5.1795e+05	 1.3000e+02	 3.2622e+00	 4.7311e-01
 3.7276e+05	 1.3000e+02	 3.3804e+00	 4.5967e-01
 2.6827e+05	 1.3000e+02	 3.4935e+00	 4.3078e-01
 1.9307e+05	 1.3000e+02	 3.5945e+00	 3.8882e-01
 1.3895e+05	 1.3000e+02	 3.6795e+00	 3.3802e-01
 1.0000e+05	 1.3000e+02	 3.7465e+00	 2.8381e-01
 7.1969e+04	 1.3000e+02	 3.7965e+00	 2.3153e-01
 5.1795e+04	 1.3000e+02	 3.8316e+00	 1.8477e-01
 3.7276e+04	 1.3000e+02	 3.8562e+00	 1.4561e-01
 2.6827e+04	 1.3000e+02	 3.8722e+00	 1.1430e-01
 1.9307e+04	 1.3000e+02	 3.8830e+00	 9.0423e-02
 1.3895e+04	 1.3000e+02	 3.8901e+00	 7.3082e-02
 1.0000e+04	 1.3000e+02	 3.8951e+00	 6.1454e-02
 7.1969e+03	 1.3000e+02	 3.8986e+00	 5.4918e-02
 5.1795e+03	 1.3000e+02	 3.9010e+00	 5.3256e-02
 3.7276e+03	 1.3000e+02	 3.9031e+00	 5.6570e-02
 2.6827e+03	 1.3000e+02	 3.9044e+00	 6.5445e-02
 1.9307e+03	 1.3000e+02	 3.9054e+00	 8.1007e-02
 1.3895e+03	 1.3000e+02	 3.9062e+00	 1.0491e-01
 1.0000e+03	 1.3000e+02	 3.9074e+00	 1.3985e-01
 7.1969e+02	 1.3000e+02	 3.9086e+00	 1.8972e-01
 5.1795e+02	 1.3000e+02	 3.9103e+00	 2.5983e-01
 3.7276e+02	 1.3000e+02	 3.9127e+00	 3.5775e-01
 2.6827e+02	 1.3000e+02	 3.9165e+00	 4.9398e-01
 1.9307e+02	 1.3000e+02	 3.9228e+00	 6.8302e-01
 1.3895e+02	 1.3000e+02	 3.9335e+00	 9.4451e-01
 1.0000e+02	 1.3000e+02	 3.9518e+00	 1.3050e+00
 7.1969e+01	 1.3000e+02	 3.9830e+00	 1.8004e+00
 5.1795e+01	 1.3000e+02	 4.0332e+00	 2.4761e+00
 3.7276e+01	 1.3000e+02	 4.1052e+00	 3.3883e+00
 2.6827e+01	 1.3000e+02	 4.2054e+00	 4.6271e+00
 1.9307e+01	 1.3000e+02	 4.3294e+00	 6.3136e+00
 1.3895e+01	 1.3000e+02	 4.4555e+00	 8.6065e+00
 1.0000e+01	 1.3000e+02	 4.5701e+00	 1.1758e+01
 7.1969e+00	 1.3000e+02	 4.6710e+00	 1.6138e+01
 5.1795e+00	 1.3000e+02	 4.7527e+00	 2.2251e+01
 3.7276e+00	 1.3000e+02	 4.8090e+00	 3.0717e+01
 2.6827e+00	 1.3000e+02	 4.8656e+00	 4.2564e+01
 1.9307e+00	 1.3000e+02	 4.9199e+00	 5.8976e+01
 1.3895e+00	 1.3000e+02	 4.9885e+00	 8.1825e+01
 1.0000e+00	 1.3000e+02	 5.1194e+00	 1.1361e+02
 7.1969e-01	 1.3000e+02	 5.2785e+00	 1.5780e+02
 5.1795e-01	 1.3000e+02	 5.5286e+00	 2.1913e+02
 3.7276e-01	 1.3000e+02	 5.9289e+00	 3.0432e+02
 2.6827e-01	 1.3000e+02	 6.5141e+00	 4.2268e+02
 1.9307e-01	 1.3000e+02	 7.3834e+00	 5.8639e+02
 1.3895e-01	 1.3000e+02	 8.7158e+00	 8.1436e+02
 1.0000e-01	 1.3000e+02	 1.0567e+01	 1.1306e+03
 7.1969e-02	 1.3000e+02	 1.2974e+01	 1.5697e+03
 5.1795e-02	 1.3000e+02	 1.6657e+01	 2.1760e+03
 3.7276e-02	 1.3000e+02	 2.1939e+01	 3.0172e+03
 2.6827e-02	 1.3000e+02	 2.8923e+01	 4.1717e+03