Raw Data (#.=61)
log.afreq  log.sfreq  log.loss  storage   
==========================================
-0.773248 -1.57143 -1.38956 2.6864
-0.630391 -1.42857 -1.336 2.6773
-0.487532 -1.28571 -1.16511 2.6659
-0.344674 -1.14285 -1.14589 2.65
-0.20182 -1 -1.1743 2.6365
-0.0589614 -0.857141 -1.09411 2.6207
0.083893 -0.714285 -1.06967 2.6034
0.226752 -0.571428 -1.02456 2.5847
0.369609 -0.428571 -1.00077 2.5641
0.512468 -0.285712 -0.972827 2.5428
0.655326 -0.142855 -0.94038 2.5194
0.79818 0 -0.92798 2.4951
0.941039 0.142859 -0.907608 2.4698
1.08389 0.285715 -0.893491 2.4434
1.22675 0.428572 -0.885632 2.4164
1.36961 0.571429 -0.887422 2.3891
1.51247 0.714288 -0.883286 2.362
1.65533 0.857145 -0.883711 2.3344
1.79818 1 -0.89091 2.3074
1.94104 1.14286 -0.895353 2.2805
2.08389 1.28571 -0.909498 2.2543
2.22675 1.42857 -0.923363 2.2289
2.36961 1.57143 -0.941214 2.2044
2.51247 1.71429 -0.962851 2.181
2.65533 1.85715 -0.98099 2.1587
2.79818 2 -1.0034 2.1373
2.94104 2.14286 -1.03071 2.1172
3.08389 2.28571 -1.05434 2.0982
3.22675 2.42857 -1.08352 2.0803
3.36961 2.57143 -1.11116 2.0636
3.51247 2.71429 -1.14278 2.0479
3.65533 2.85715 -1.16285 2.0333
3.79818 3 -1.19208 2.0192
3.94104 3.14286 -1.23524 2.0065
4.08389 3.28571 -1.26748 1.9947
4.22675 3.42857 -1.30517 1.9839
4.36961 3.57143 -1.35236 1.974
4.51247 3.71429 -1.39081 1.9652
4.65533 3.85715 -1.42141 1.9569
4.79818 4 -1.44928 1.9493
4.94104 4.14286 -1.45798 1.9419
5.08389 4.28571 -1.48351 1.9348
5.22675 4.42857 -1.50201 1.9281
5.36961 4.57143 -1.53888 1.9217
5.51247 4.71429 -1.55846 1.9159
5.65533 4.85715 -1.57341 1.9101
5.79818 5 -1.60979 1.9048
5.94104 5.14286 -1.61887 1.8997
6.08389 5.28571 -1.64784 1.8948
6.22675 5.42857 -1.68573 1.8903
6.36961 5.57143 -1.73929 1.8862
6.51247 5.71429 -1.70668 1.8824
6.65533 5.85715 -2.19876 1.879
6.79818 6 -3.26097 1.8793
6.94104 6.14286 -1.88418 1.8778
7.08389 6.28571 -1.89311 1.8748
7.22675 6.42857 -1.73578 1.8746
7.36961 6.57143 -2.09384 1.8796
7.51247 6.71429 -1.43431 1.8807
7.65533 6.85715 -1.1657 1.8952
7.79818 7 -3.32756 1.9023


Cubic Spline Interpolation (Global Range)
log.afreq  log.sfreq  f  df  d2f         
=========================================
-0.773248 -1.57143 -1.38956 -0.300312 9.45276
-0.764677 -1.56286 -1.39178 -0.219288 9.45276
-0.756105 -1.55429 -1.39332 -0.138264 9.45276
-0.747534 -1.54571 -1.39416 -0.0572406 9.45276
-0.738962 -1.53714 -1.3943 0.0237831 9.45276
-0.730391 -1.52857 -1.39375 0.104807 9.45276
-0.721819 -1.52 -1.3925 0.18583 9.45276
-0.713248 -1.51143 -1.39056 0.266854 9.45276
-0.704677 -1.50286 -1.38793 0.347878 9.45276
-0.696105 -1.49429 -1.3846 0.428901 9.45276
-0.687534 -1.48571 -1.38057 0.509925 9.45276
-0.678962 -1.47714 -1.37586 0.590949 9.45276
-0.670391 -1.46857 -1.37044 0.671972 9.45276
-0.661819 -1.46 -1.36434 0.752996 9.45276
-0.653248 -1.45143 -1.35754 0.83402 9.45276
-0.644677 -1.44286 -1.35004 0.915043 9.45276
-0.636105 -1.43429 -1.34185 0.996067 9.45276
-0.627534 -1.42571 -1.33296 1.07646 9.00837
-0.618962 -1.41714 -1.32342 1.14796 7.67522
-0.610391 -1.40857 -1.31332 1.20803 6.34208
-0.601819 -1.4 -1.30275 1.25668 5.00894
-0.593248 -1.39143 -1.29181 1.2939 3.6758
-0.584677 -1.38286 -1.2806 1.31969 2.34266
-0.576105 -1.37429 -1.26922 1.33406 1.00952
-0.567534 -1.36571 -1.25776 1.337 -0.323625
-0.558962 -1.35714 -1.24633 1.32851 -1.65677
-0.550391 -1.34857 -1.23502 1.3086 -2.98991
-0.541819 -1.34 -1.22393 1.27725 -4.32305
-0.533248 -1.33143 -1.21316 1.23449 -5.65619
-0.524677 -1.32286 -1.2028 1.18029 -6.98933
-0.516105 -1.31429 -1.19296 1.11467 -8.32247
-0.507534 -1.30571 -1.18372 1.03762 -9.65562
-0.498962 -1.29714 -1.1752 0.949145 -10.9888
-0.490391 -1.28857 -1.16748 0.849242 -12.3219
-0.481819 -1.28 -1.16067 0.741568 -12.3752
-0.473248 -1.27143 -1.15476 0.638012 -11.7879
-0.464677 -1.26286 -1.14972 0.539489 -11.2007
-0.456105 -1.25429 -1.1455 0.445999 -10.6135
-0.447534 -1.24571 -1.14206 0.357544 -10.0262
-0.438962 -1.23714 -1.13935 0.274121 -9.43898
-0.430391 -1.22857 -1.13734 0.195732 -8.85174
-0.421819 -1.22 -1.13598 0.122377 -8.2645
-0.413248 -1.21143 -1.13523 0.0540553 -7.67726
-0.404677 -1.20286 -1.13504 -0.00923309 -7.09002
-0.396105 -1.19429 -1.13537 -0.067488 -6.50278
-0.387534 -1.18571 -1.13618 -0.120709 -5.91554
-0.378962 -1.17714 -1.13743 -0.168897 -5.3283
-0.370391 -1.16857 -1.13907 -0.212052 -4.74106
-0.361819 -1.16 -1.14105 -0.250173 -4.15382
-0.353248 -1.15143 -1.14334 -0.28326 -3.56659
-0.344677 -1.14286 -1.14589 -0.311314 -2.97935
-0.336105 -1.13429 -1.14866 -0.333339 -2.15981
-0.327534 -1.12571 -1.15159 -0.348339 -1.3402
-0.318962 -1.11714 -1.15461 -0.356314 -0.520597
-0.310391 -1.10857 -1.15767 -0.357264 0.29901
-0.30182 -1.1 -1.16071 -0.351188 1.11862
-0.293248 -1.09143 -1.16367 -0.338088 1.93822
-0.284677 -1.08286 -1.16649 -0.317962 2.75783
-0.276105 -1.07429 -1.1691 -0.290811 3.57744
-0.267534 -1.06571 -1.17146 -0.256634 4.39704
-0.258962 -1.05714 -1.17348 -0.215433 5.21665
-0.250391 -1.04857 -1.17513 -0.167206 6.03626
-0.24182 -1.04 -1.17633 -0.111954 6.85586
-0.233248 -1.03143 -1.17703 -0.049677 7.67547
-0.224677 -1.02286 -1.17716 0.0196254 8.49508
-0.216105 -1.01429 -1.17667 0.0959529 9.31468
-0.207534 -1.00571 -1.1755 0.179306 10.1343
-0.198962 -0.997142 -1.17358 0.268765 10.3107
-0.190391 -0.988571 -1.17091 0.352387 9.20114
-0.18182 -0.979999 -1.16756 0.426498 8.09157
-0.173248 -0.971428 -1.16363 0.491099 6.98199
-0.164677 -0.962857 -1.15917 0.54619 5.87241
-0.156105 -0.954285 -1.15429 0.591769 4.76283
-0.147534 -0.945714 -1.14906 0.627838 3.65325
-0.138962 -0.937142 -1.14355 0.654397 2.54368
-0.130391 -0.928571 -1.13786 0.671444 1.4341
-0.12182 -0.919999 -1.13207 0.678981 0.32452
-0.113248 -0.911428 -1.12625 0.677007 -0.785059
-0.104677 -0.902857 -1.12049 0.665523 -1.89464
-0.0961052 -0.894285 -1.11487 0.644528 -3.00421
-0.0875338 -0.885714 -1.10947 0.614022 -4.11379
-0.0789624 -0.877142 -1.10437 0.574006 -5.22337
-0.0703909 -0.868571 -1.09966 0.524479 -6.33295
-0.0618195 -0.859999 -1.09541 0.465441 -7.44253
-0.0532481 -0.851428 -1.0917 0.400375 -7.33305
-0.0446767 -0.842857 -1.08853 0.340603 -6.6136
-0.0361052 -0.834285 -1.08584 0.286999 -5.89416
-0.0275338 -0.825714 -1.08359 0.239561 -5.17472
-0.0189624 -0.817142 -1.08172 0.198289 -4.45527
-0.0103909 -0.808571 -1.08017 0.163184 -3.73583
-0.00181951 -0.799999 -1.0789 0.134246 -3.01638
0.00675192 -0.791428 -1.07785 0.111475 -2.29694
0.0153233 -0.782857 -1.07697 0.0948704 -1.57749
0.0238948 -0.774285 -1.07621 0.0844323 -0.858048
0.0324662 -0.765714 -1.07551 0.080161 -0.138603
0.0410376 -0.757142 -1.07482 0.0820563 0.580841
0.0496091 -0.748571 -1.07408 0.0901182 1.30029
0.0581805 -0.739999 -1.07326 0.104347 2.01973
0.0667519 -0.731428 -1.07228 0.124742 2.73917
0.0753233 -0.722857 -1.0711 0.151304 3.45862
0.0838948 -0.714285 -1.06967 0.184033 4.17783
0.0924662 -0.705714 -1.06794 0.218042 3.75765
0.101038 -0.697142 -1.06594 0.24845 3.33747
0.109609 -0.688571 -1.06369 0.275256 2.91729
0.11818 -0.679999 -1.06123 0.29846 2.49711
0.126752 -0.671428 -1.05859 0.318063 2.07694
0.135323 -0.662857 -1.05579 0.334065 1.65676
0.143895 -0.654285 -1.05287 0.346465 1.23658
0.152466 -0.645714 -1.04986 0.355263 0.816399
0.161038 -0.637142 -1.04679 0.36046 0.396221
0.169609 -0.628571 -1.04369 0.362056 -0.023958
0.17818 -0.619999 -1.04059 0.36005 -0.444137
0.186752 -0.611428 -1.03753 0.354442 -0.864315
0.195323 -0.602857 -1.03453 0.345233 -1.28449
0.203895 -0.594285 -1.03162 0.332422 -1.70467
0.212466 -0.585714 -1.02884 0.31601 -2.12485
0.221038 -0.577142 -1.02621 0.295996 -2.54503
0.229609 -0.568571 -1.02377 0.272686 -2.75145
0.23818 -0.559999 -1.02154 0.25005 -2.53033
0.246752 -0.551428 -1.01948 0.229309 -2.30922
0.255323 -0.542857 -1.0176 0.210463 -2.0881
0.263895 -0.534285 -1.01587 0.193513 -1.86699
0.272466 -0.525714 -1.01428 0.178458 -1.64587
0.281038 -0.517142 -1.0128 0.165298 -1.42476
0.289609 -0.508571 -1.01144 0.154033 -1.20364
0.29818 -0.499999 -1.01016 0.144664 -0.982525
0.306752 -0.491428 -1.00895 0.13719 -0.761409
0.315323 -0.482857 -1.0078 0.131611 -0.540294
0.323895 -0.474285 -1.00669 0.127928 -0.319178
0.332466 -0.465714 -1.0056 0.12614 -0.0980624
0.341038 -0.457142 -1.00452 0.126247 0.123053
0.349609 -0.448571 -1.00343 0.128249 0.344169
0.35818 -0.439999 -1.00232 0.132147 0.565285
0.366752 -0.431428 -1.00116 0.13794 0.7864
0.375323 -0.422857 -0.999949 0.145177 0.849747
0.383895 -0.414285 -0.998674 0.152394 0.83421
0.392466 -0.405714 -0.997337 0.159478 0.818674
0.401038 -0.397142 -0.99594 0.166429 0.803138
0.409609 -0.388571 -0.994485 0.173246 0.787602
0.41818 -0.379999 -0.992971 0.17993 0.772065
0.426752 -0.371428 -0.9914 0.186482 0.756529
0.435323 -0.362857 -0.989774 0.192899 0.740993
0.443895 -0.354285 -0.988094 0.199184 0.725457
0.452466 -0.345714 -0.98636 0.205336 0.70992
0.461038 -0.337142 -0.984574 0.211354 0.694384
0.469609 -0.328571 -0.982737 0.21724 0.678848
0.47818 -0.319999 -0.980851 0.222992 0.663311
0.486752 -0.311428 -0.978915 0.228611 0.647775
0.495323 -0.302857 -0.976932 0.234096 0.632239
0.503895 -0.294285 -0.974902 0.239449 0.616703
0.512466 -0.285714 -0.972827 0.244668 0.601166
0.521038 -0.277142 -0.97071 0.249168 0.448781
0.529609 -0.268571 -0.96856 0.252362 0.296368
0.53818 -0.259999 -0.966388 0.254249 0.143954
0.546752 -0.251428 -0.964205 0.25483 -0.0084601
0.555323 -0.242857 -0.962023 0.254104 -0.160874
0.563895 -0.234285 -0.959853 0.252072 -0.313288
0.572466 -0.225714 -0.957705 0.248733 -0.465702
0.581038 -0.217142 -0.955592 0.244088 -0.618116
0.589609 -0.208571 -0.953525 0.238137 -0.770529
0.59818 -0.199999 -0.951514 0.230879 -0.922943
0.606752 -0.191428 -0.94957 0.222315 -1.07536
0.615323 -0.182857 -0.947706 0.212445 -1.22777
0.623895 -0.174285 -0.945932 0.201268 -1.38018
0.632466 -0.165714 -0.94426 0.188784 -1.5326
0.641038 -0.157142 -0.9427 0.174995 -1.68501
0.649609 -0.148571 -0.941264 0.159898 -1.83743
0.65818 -0.139999 -0.939962 0.14366 -1.87513
0.666752 -0.131428 -0.938797 0.12841 -1.68309
0.675323 -0.122857 -0.937756 0.114806 -1.49106
0.683895 -0.114285 -0.936825 0.102849 -1.29902
0.692466 -0.105714 -0.935988 0.0925375 -1.10699
0.701038 -0.0971423 -0.935233 0.0838721 -0.91495
0.709609 -0.0885709 -0.934546 0.0768526 -0.722913
0.71818 -0.0799994 -0.933911 0.0714793 -0.530877
0.726752 -0.071428 -0.933316 0.0677519 -0.338841
0.735323 -0.0628566 -0.932745 0.0656706 -0.146804
0.743895 -0.0542852 -0.932185 0.0652353 0.0452321
0.752466 -0.0457137 -0.931622 0.066446 0.237268
0.761038 -0.0371423 -0.931042 0.0693027 0.429305
0.769609 -0.0285709 -0.930429 0.0738055 0.621341
0.77818 -0.0199994 -0.929772 0.0799543 0.813377
0.786752 -0.011428 -0.929054 0.0877491 1.00541
0.795323 -0.00285659 -0.928263 0.0971899 1.19745
0.803895 0.00571484 -0.927384 0.10768 1.18046
0.812466 0.0142863 -0.92642 0.117277 1.05899
0.821038 0.0228577 -0.925377 0.125834 0.937517
0.829609 0.0314291 -0.924265 0.133349 0.816044
0.83818 0.0400006 -0.923094 0.139823 0.694571
0.846752 0.048572 -0.921871 0.145256 0.573098
0.855323 0.0571434 -0.920607 0.149648 0.451625
0.863895 0.0657148 -0.919309 0.152998 0.330152
0.872466 0.0742863 -0.917987 0.155307 0.208679
0.881038 0.0828577 -0.916649 0.156575 0.0872064
0.889609 0.0914291 -0.915306 0.156802 -0.0342667
0.89818 0.100001 -0.913964 0.155988 -0.15574
0.906752 0.108572 -0.912635 0.154132 -0.277213
0.915323 0.117143 -0.911325 0.151236 -0.398686
0.923895 0.125715 -0.910045 0.147298 -0.520159
0.932466 0.134286 -0.908803 0.142319 -0.641632
0.941038 0.142858 -0.907608 0.136298 -0.763105
0.949609 0.151429 -0.906467 0.129941 -0.72021
0.95818 0.160001 -0.90538 0.123952 -0.677289
0.966752 0.168572 -0.904341 0.118331 -0.634368
0.975323 0.177143 -0.90335 0.113077 -0.591446
0.983895 0.185715 -0.902402 0.108192 -0.548525
0.992466 0.194286 -0.901494 0.103674 -0.505604
1.00104 0.202858 -0.900624 0.099524 -0.462683
1.00961 0.211429 -0.899787 0.0957421 -0.419761
1.01818 0.220001 -0.898981 0.0923281 -0.37684
1.02675 0.228572 -0.898203 0.089282 -0.333919
1.03532 0.237143 -0.89745 0.0866038 -0.290997
1.04389 0.245715 -0.896718 0.0842935 -0.248076
1.05247 0.254286 -0.896004 0.082351 -0.205155
1.06104 0.262858 -0.895305 0.0807765 -0.162234
1.06961 0.271429 -0.894618 0.0795699 -0.119312
1.07818 0.280001 -0.89394 0.0787312 -0.0763909
1.08675 0.288572 -0.893267 0.0782159 -0.0645539
1.09532 0.297143 -0.8926 0.0774471 -0.114829
1.10389 0.305715 -0.891941 0.0762474 -0.165104
1.11247 0.314286 -0.891294 0.0746168 -0.215379
1.12104 0.322858 -0.890663 0.0725552 -0.265654
1.12961 0.331429 -0.890051 0.0700627 -0.315929
1.13818 0.340001 -0.889463 0.0671393 -0.366204
1.14675 0.348572 -0.888902 0.0637849 -0.416479
1.15532 0.357143 -0.888371 0.0599996 -0.466754
1.16389 0.365715 -0.887874 0.0557834 -0.517029
1.17247 0.374286 -0.887416 0.0511363 -0.567304
1.18104 0.382858 -0.886999 0.0460582 -0.617579
1.18961 0.391429 -0.886627 0.0405492 -0.667854
1.19818 0.400001 -0.886305 0.0346093 -0.718129
1.20675 0.408572 -0.886035 0.0282384 -0.768404
1.21532 0.417143 -0.885822 0.0214366 -0.818679
1.22389 0.425715 -0.885669 0.0142039 -0.868954
1.23247 0.434286 -0.885579 0.00682343 -0.820131
1.24104 0.442858 -0.88555 0.000215345 -0.721755
1.24961 0.451429 -0.885573 -0.00554951 -0.623379
1.25818 0.460001 -0.885642 -0.0104711 -0.525003
1.26675 0.468572 -0.88575 -0.0145496 -0.426627
1.27532 0.477143 -0.885889 -0.0177848 -0.328251
1.28389 0.485715 -0.886053 -0.0201767 -0.229875
1.29247 0.494286 -0.886233 -0.0217255 -0.131499
1.30104 0.502858 -0.886423 -0.022431 -0.0331231
1.30961 0.511429 -0.886615 -0.0222933 0.0652528
1.31818 0.520001 -0.886803 -0.0213124 0.163629
1.32675 0.528572 -0.886978 -0.0194882 0.262005
1.33532 0.537143 -0.887134 -0.0168209 0.360381
1.34389 0.545715 -0.887264 -0.0133103 0.458757
1.35247 0.554286 -0.88736 -0.00895646 0.557133
1.36104 0.562858 -0.887415 -0.00375943 0.655509
1.36961 0.571429 -0.887422 0.00228083 0.753884
1.37818 0.580001 -0.887376 0.00844917 0.685396
1.38675 0.588572 -0.887279 0.0140305 0.616907
1.39532 0.597143 -0.887137 0.0190247 0.548418
1.40389 0.605715 -0.886954 0.0234319 0.479929
1.41247 0.614286 -0.886737 0.0272521 0.411441
1.42104 0.622858 -0.886489 0.0304852 0.342952
1.42961 0.631429 -0.886216 0.0331312 0.274463
1.43818 0.640001 -0.885923 0.0351903 0.205974
1.44675 0.648572 -0.885614 0.0366622 0.137486
1.45532 0.657143 -0.885296 0.0375472 0.0689969
1.46389 0.665715 -0.884972 0.037845 0.000508129
1.47247 0.674286 -0.884649 0.0375559 -0.0679806
1.48104 0.682858 -0.88433 0.0366797 -0.136469
1.48961 0.691429 -0.884022 0.0352164 -0.204958
1.49818 0.700001 -0.883728 0.0331661 -0.273447
1.50675 0.708572 -0.883455 0.0305287 -0.341936
1.51532 0.717143 -0.883206 0.0273324 -0.390742
1.52389 0.725715 -0.882987 0.0239429 -0.400147
1.53247 0.734286 -0.882796 0.0204728 -0.409552
1.54104 0.742858 -0.882636 0.016922 -0.418957
1.54961 0.751429 -0.882506 0.0132907 -0.428361
1.55818 0.76 -0.882408 0.00957869 -0.437766
1.56675 0.768572 -0.882342 0.0057861 -0.447171
1.57532 0.777143 -0.882309 0.00191291 -0.456575
1.58389 0.785715 -0.88231 -0.0020409 -0.46598
1.59247 0.794286 -0.882344 -0.00607532 -0.475385
1.60104 0.802858 -0.882414 -0.0101904 -0.484789
1.60961 0.811429 -0.882519 -0.014386 -0.494194
1.61818 0.82 -0.882661 -0.0186622 -0.503599
1.62675 0.828572 -0.88284 -0.0230191 -0.513003
1.63532 0.837143 -0.883056 -0.0274566 -0.522408
1.64389 0.845715 -0.88331 -0.0319747 -0.531813
1.65247 0.854286 -0.883604 -0.0365734 -0.541217
1.66104 0.862858 -0.883937 -0.0411072 -0.499664
1.66961 0.871429 -0.884307 -0.0451026 -0.432596
1.67818 0.88 -0.884709 -0.0485231 -0.365528
1.68675 0.888572 -0.885137 -0.0513688 -0.298459
1.69532 0.897143 -0.885588 -0.0536395 -0.231391
1.70389 0.905715 -0.886055 -0.0553355 -0.164323
1.71247 0.914286 -0.886535 -0.0564565 -0.0972546
1.72104 0.922858 -0.887022 -0.0570027 -0.0301863
1.72961 0.931429 -0.88751 -0.056974 0.036882
1.73818 0.94 -0.887997 -0.0563704 0.10395
1.74675 0.948572 -0.888475 -0.055192 0.171019
1.75532 0.957143 -0.888941 -0.0534387 0.238087
1.76389 0.965715 -0.88939 -0.0511105 0.305155
1.77247 0.974286 -0.889816 -0.0482074 0.372223
1.78104 0.982858 -0.890214 -0.0447295 0.439292
1.78961 0.991429 -0.890581 -0.0406767 0.50636
1.79818 1 -0.89091 -0.0360491 0.573421
1.80675 1.00857 -0.891199 -0.0315229 0.482676
1.81532 1.01714 -0.891453 -0.0277746 0.391931
1.82389 1.02571 -0.891677 -0.0248041 0.301186
1.83247 1.03429 -0.89188 -0.0226114 0.210442
1.84104 1.04286 -0.892067 -0.0211966 0.119697
1.84961 1.05143 -0.892246 -0.0205595 0.0289523
1.85818 1.06 -0.892422 -0.0207002 -0.0617925
1.86675 1.06857 -0.892603 -0.0216188 -0.152537
1.87532 1.07714 -0.892795 -0.0233152 -0.243282
1.88389 1.08571 -0.893005 -0.0257893 -0.334027
1.89247 1.09429 -0.893239 -0.0290413 -0.424771
1.90104 1.10286 -0.893505 -0.0330711 -0.515516
1.90961 1.11143 -0.893808 -0.0378787 -0.606261
1.91818 1.12 -0.894156 -0.0434642 -0.697006
1.92675 1.12857 -0.894556 -0.0498274 -0.78775
1.93532 1.13714 -0.895013 -0.0569685 -0.878495
1.94389 1.14571 -0.895534 -0.0648079 -0.913637
1.95247 1.15429 -0.896122 -0.0723128 -0.83749
1.96104 1.16286 -0.896772 -0.0791649 -0.761342
1.96961 1.17143 -0.897478 -0.0853643 -0.685195
1.97818 1.18 -0.898234 -0.0909111 -0.609048
1.98675 1.18857 -0.899034 -0.0958052 -0.5329
1.99532 1.19714 -0.899874 -0.100047 -0.456753
2.00389 1.20571 -0.900748 -0.103635 -0.380605
2.01247 1.21429 -0.901649 -0.106571 -0.304458
2.02104 1.22286 -0.902573 -0.108854 -0.228311
2.02961 1.23143 -0.903513 -0.110485 -0.152163
2.03818 1.24 -0.904465 -0.111463 -0.076016
2.04675 1.24857 -0.905422 -0.111788 0.000131329
2.05532 1.25714 -0.906379 -0.111461 0.0762787
2.06389 1.26571 -0.907331 -0.110481 0.152426
2.07247 1.27429 -0.908271 -0.108848 0.228573
2.08104 1.28286 -0.909195 -0.106562 0.304721
2.08961 1.29143 -0.910097 -0.103841 0.304922
2.09818 1.3 -0.910976 -0.101389 0.267183
2.10675 1.30857 -0.911836 -0.0992607 0.229445
2.11532 1.31714 -0.912679 -0.0974558 0.191707
2.12389 1.32571 -0.913507 -0.0959743 0.153968
2.13247 1.33429 -0.914325 -0.0948163 0.11623
2.14104 1.34286 -0.915134 -0.0939818 0.0784918
2.14961 1.35143 -0.915937 -0.0934707 0.0407534
2.15818 1.36 -0.916737 -0.0932832 0.00301508
2.16675 1.36857 -0.917537 -0.0934191 -0.0347233
2.17532 1.37714 -0.918339 -0.0938784 -0.0724616
2.18389 1.38571 -0.919147 -0.0946613 -0.1102
2.19247 1.39429 -0.919963 -0.0957676 -0.147938
2.20104 1.40286 -0.92079 -0.0971973 -0.185677
2.20961 1.41143 -0.92163 -0.0989506 -0.223415
2.21818 1.42 -0.922487 -0.101027 -0.261153
2.22675 1.42857 -0.923363 -0.103428 -0.298892
2.23532 1.43714 -0.92426 -0.105991 -0.299346
2.24389 1.44571 -0.92518 -0.108559 -0.2998
2.25247 1.45429 -0.926122 -0.111131 -0.300254
2.26104 1.46286 -0.927085 -0.113706 -0.300708
2.26961 1.47143 -0.928071 -0.116286 -0.301162
2.27818 1.48 -0.929079 -0.118869 -0.301616
2.28675 1.48857 -0.930109 -0.121456 -0.30207
2.29532 1.49714 -0.931161 -0.124047 -0.302524
2.30389 1.50571 -0.932235 -0.126642 -0.302978
2.31247 1.51429 -0.933332 -0.129241 -0.303432
2.32104 1.52286 -0.934451 -0.131844 -0.303886
2.32961 1.53143 -0.935592 -0.134451 -0.30434
2.33818 1.54 -0.936756 -0.137061 -0.304794
2.34675 1.54857 -0.937942 -0.139676 -0.305248
2.35532 1.55714 -0.93915 -0.142294 -0.305702
2.36389 1.56571 -0.940381 -0.144917 -0.306156
2.37247 1.57429 -0.941634 -0.147522 -0.292095
2.38104 1.58286 -0.942909 -0.149841 -0.249004
2.38961 1.59143 -0.944202 -0.151791 -0.205913
2.39818 1.6 -0.94551 -0.153371 -0.162822
2.40675 1.60857 -0.94683 -0.154582 -0.119732
2.41532 1.61714 -0.948159 -0.155423 -0.0766408
2.42389 1.62571 -0.949493 -0.155896 -0.03355
2.43247 1.63429 -0.95083 -0.155999 0.00954076
2.44104 1.64286 -0.952167 -0.155732 0.0526316
2.44961 1.65143 -0.953499 -0.155096 0.0957224
2.45818 1.66 -0.954824 -0.154091 0.138813
2.46675 1.66857 -0.95614 -0.152717 0.181904
2.47532 1.67714 -0.957441 -0.150973 0.224995
2.48389 1.68571 -0.958727 -0.14886 0.268086
2.49247 1.69429 -0.959992 -0.146377 0.311176
2.50104 1.70286 -0.961235 -0.143525 0.354267
2.50961 1.71143 -0.962452 -0.140304 0.397358
2.51818 1.72 -0.963639 -0.136878 0.382787
2.52675 1.72857 -0.964799 -0.133783 0.339357
2.53532 1.73714 -0.965934 -0.13106 0.295926
2.54389 1.74571 -0.967047 -0.12871 0.252496
2.55247 1.75429 -0.968141 -0.126732 0.209065
2.56104 1.76286 -0.96922 -0.125126 0.165635
2.56961 1.77143 -0.970287 -0.123892 0.122204
2.57818 1.78 -0.971345 -0.123031 0.0787738
2.58675 1.78857 -0.972398 -0.122542 0.0353433
2.59532 1.79714 -0.973447 -0.122425 -0.00808717
2.60389 1.80571 -0.974497 -0.122681 -0.0515176
2.61247 1.81429 -0.975551 -0.123308 -0.0949481
2.62104 1.82286 -0.976612 -0.124308 -0.138379
2.62961 1.83143 -0.977683 -0.125681 -0.181809
2.63818 1.84 -0.978768 -0.127425 -0.225239
2.64675 1.84857 -0.979869 -0.129542 -0.26867
2.65532 1.85714 -0.98099 -0.132031 -0.3121
2.66389 1.86571 -0.982133 -0.134733 -0.318464
2.67247 1.87429 -0.9833 -0.13749 -0.324815
2.68104 1.88286 -0.98449 -0.140302 -0.331167
2.68961 1.89143 -0.985705 -0.143167 -0.337518
2.69818 1.9 -0.986944 -0.146088 -0.34387
2.70675 1.90857 -0.988209 -0.149062 -0.350221
2.71532 1.91714 -0.9895 -0.152091 -0.356573
2.72389 1.92571 -0.990817 -0.155175 -0.362924
2.73247 1.93429 -0.99216 -0.158313 -0.369276
2.74104 1.94286 -0.993531 -0.161505 -0.375627
2.74961 1.95143 -0.994929 -0.164752 -0.381979
2.75818 1.96 -0.996355 -0.168054 -0.38833
2.76675 1.96857 -0.99781 -0.171409 -0.394682
2.77532 1.97714 -0.999294 -0.17482 -0.401033
2.78389 1.98571 -1.00081 -0.178284 -0.407385
2.79247 1.99429 -1.00235 -0.181803 -0.413736
2.80104 2.00286 -1.00392 -0.185346 -0.398812
2.80961 2.01143 -1.00553 -0.188519 -0.341347
2.81818 2.02 -1.00715 -0.191198 -0.283881
2.82675 2.02857 -1.0088 -0.193385 -0.226416
2.83532 2.03714 -1.01047 -0.19508 -0.16895
2.84389 2.04571 -1.01215 -0.196281 -0.111485
2.85247 2.05429 -1.01383 -0.196991 -0.0540193
2.86104 2.06286 -1.01552 -0.197207 0.00344618
2.86961 2.07143 -1.01721 -0.196932 0.0609117
2.87818 2.08 -1.0189 -0.196163 0.118377
2.88675 2.08857 -1.02057 -0.194902 0.175843
2.89532 2.09714 -1.02224 -0.193149 0.233308
2.90389 2.10571 -1.02388 -0.190903 0.290774
2.91247 2.11429 -1.02551 -0.188164 0.348239
2.92104 2.12286 -1.02711 -0.184933 0.405705
2.92961 2.13143 -1.02868 -0.181209 0.46317
2.93818 2.14 -1.03021 -0.176993 0.520636
2.94675 2.14857 -1.03171 -0.17253 0.491967
2.95532 2.15714 -1.03317 -0.168621 0.420197
2.96389 2.16571 -1.0346 -0.165327 0.348427
2.97247 2.17429 -1.03601 -0.162648 0.276657
2.98104 2.18286 -1.03739 -0.160584 0.204888
2.98961 2.19143 -1.03876 -0.159135 0.133118
2.99818 2.2 -1.04012 -0.158302 0.061348
3.00675 2.20857 -1.04148 -0.158084 -0.0104218
3.01532 2.21714 -1.04283 -0.158481 -0.0821916
3.02389 2.22571 -1.0442 -0.159493 -0.153961
3.03247 2.23429 -1.04557 -0.16112 -0.225731
3.04104 2.24286 -1.04696 -0.163362 -0.297501
3.04961 2.25143 -1.04837 -0.16622 -0.369271
3.05818 2.26 -1.04981 -0.169693 -0.441041
3.06675 2.26857 -1.05128 -0.173781 -0.51281
3.07532 2.27714 -1.05279 -0.178484 -0.58458
3.08389 2.28571 -1.05434 -0.183802 -0.656323
3.09247 2.29429 -1.05594 -0.189142 -0.589715
3.10104 2.30286 -1.05758 -0.193911 -0.523108
3.10961 2.31143 -1.05926 -0.19811 -0.4565
3.11818 2.32 -1.06098 -0.201737 -0.389892
3.12675 2.32857 -1.06272 -0.204794 -0.323284
3.13532 2.33714 -1.06449 -0.207279 -0.256677
3.14389 2.34571 -1.06627 -0.209194 -0.190069
3.15247 2.35429 -1.06807 -0.210537 -0.123461
3.16104 2.36286 -1.06988 -0.21131 -0.0568533
3.16961 2.37143 -1.07169 -0.211512 0.00975443
3.17818 2.38 -1.0735 -0.211143 0.0763622
3.18675 2.38857 -1.07531 -0.210203 0.14297
3.19532 2.39714 -1.07711 -0.208692 0.209578
3.20389 2.40571 -1.07889 -0.20661 0.276185
3.21247 2.41429 -1.08065 -0.203958 0.342793
3.22104 2.42286 -1.08238 -0.200734 0.409401
3.22961 2.43143 -1.08409 -0.197004 0.430626
3.23818 2.44 -1.08576 -0.193611 0.361075
3.24675 2.44857 -1.08741 -0.190814 0.291524
3.25532 2.45714 -1.08903 -0.188613 0.221973
3.26389 2.46571 -1.09064 -0.187009 0.152421
3.27247 2.47429 -1.09224 -0.186001 0.0828704
3.28104 2.48286 -1.09383 -0.185588 0.0133193
3.28961 2.49143 -1.09542 -0.185772 -0.0562318
3.29818 2.5 -1.09702 -0.186552 -0.125783
3.30675 2.50857 -1.09862 -0.187928 -0.195334
3.31532 2.51714 -1.10024 -0.189901 -0.264885
3.32389 2.52571 -1.10188 -0.192469 -0.334436
3.33247 2.53429 -1.10354 -0.195634 -0.403987
3.34104 2.54286 -1.10524 -0.199395 -0.473538
3.34961 2.55143 -1.10696 -0.203752 -0.543089
3.35818 2.56 -1.10873 -0.208705 -0.61264
3.36675 2.56857 -1.11054 -0.214254 -0.682191
3.37532 2.57714 -1.1124 -0.22005 -0.629337
3.38389 2.58571 -1.11431 -0.224955 -0.515277
3.39247 2.59429 -1.11626 -0.228883 -0.401217
3.40104 2.60286 -1.11823 -0.231833 -0.287157
3.40961 2.61143 -1.12023 -0.233806 -0.173097
3.41818 2.62 -1.12224 -0.234801 -0.059037
3.42675 2.62857 -1.12425 -0.234818 0.0550229
3.43532 2.63714 -1.12626 -0.233858 0.169083
3.44389 2.64571 -1.12826 -0.231919 0.283143
3.45247 2.65429 -1.13023 -0.229004 0.397203
3.46104 2.66286 -1.13218 -0.22511 0.511263
3.46961 2.67143 -1.13409 -0.220239 0.625323
3.47818 2.68 -1.13595 -0.21439 0.739382
3.48675 2.68857 -1.13776 -0.207564 0.853442
3.49532 2.69714 -1.13951 -0.19976 0.967502
3.50389 2.70571 -1.14118 -0.190978 1.08156
3.51247 2.71429 -1.14278 -0.181219 1.19562
3.52104 2.72286 -1.14429 -0.171453 1.08304
3.52961 2.73143 -1.14572 -0.162653 0.970401
3.53818 2.74 -1.14708 -0.154818 0.857765
3.54675 2.74857 -1.14838 -0.147948 0.745128
3.55532 2.75714 -1.14962 -0.142044 0.632492
3.56389 2.76571 -1.15082 -0.137105 0.519856
3.57247 2.77429 -1.15197 -0.133132 0.40722
3.58104 2.78286 -1.1531 -0.130124 0.294584
3.58961 2.79143 -1.15421 -0.128082 0.181947
3.59818 2.8 -1.1553 -0.127005 0.0693112
3.60675 2.80857 -1.15639 -0.126894 -0.043325
3.61532 2.81714 -1.15748 -0.127748 -0.155961
3.62389 2.82571 -1.15858 -0.129568 -0.268597
3.63247 2.83429 -1.1597 -0.132353 -0.381234
3.64104 2.84286 -1.16085 -0.136103 -0.49387
3.64961 2.85143 -1.16204 -0.140819 -0.606506
3.65818 2.86 -1.16327 -0.14646 -0.691182
3.66675 2.86857 -1.16455 -0.152508 -0.719854
3.67532 2.87714 -1.16588 -0.158801 -0.748526
3.68389 2.88571 -1.16727 -0.16534 -0.777198
3.69247 2.89429 -1.16872 -0.172124 -0.80587
3.70104 2.90286 -1.17022 -0.179154 -0.834543
3.70961 2.91143 -1.17179 -0.186431 -0.863215
3.71818 2.92 -1.17342 -0.193952 -0.891887
3.72675 2.92857 -1.17512 -0.20172 -0.920559
3.73532 2.93714 -1.17688 -0.209733 -0.949231
3.74389 2.94571 -1.17871 -0.217993 -0.977904
3.75247 2.95429 -1.18062 -0.226497 -1.00658
3.76104 2.96286 -1.1826 -0.235248 -1.03525
3.76961 2.97143 -1.18465 -0.244245 -1.06392
3.77818 2.98 -1.18678 -0.253487 -1.09259
3.78675 2.98857 -1.189 -0.262975 -1.12126
3.79532 2.99714 -1.19129 -0.272708 -1.14994
3.80389 3.00571 -1.19367 -0.282361 -1.06421
3.81247 3.01429 -1.19613 -0.29087 -0.921298
3.82104 3.02286 -1.19866 -0.298155 -0.778385
3.82961 3.03143 -1.20124 -0.304214 -0.635471
3.83818 3.04 -1.20387 -0.309049 -0.492558
3.84675 3.04857 -1.20653 -0.312658 -0.349644
3.85532 3.05714 -1.20922 -0.315042 -0.206731
3.86389 3.06571 -1.21193 -0.316202 -0.0638172
3.87247 3.07429 -1.21464 -0.316136 0.0790963
3.88104 3.08286 -1.21735 -0.314846 0.22201
3.88961 3.09143 -1.22003 -0.312331 0.364923
3.89818 3.1 -1.2227 -0.30859 0.507837
3.90675 3.10857 -1.22532 -0.303625 0.65075
3.91532 3.11714 -1.2279 -0.297434 0.793664
3.92389 3.12571 -1.23042 -0.290019 0.936577
3.93247 3.13429 -1.23287 -0.281379 1.07949
3.94104 3.14286 -1.23524 -0.271514 1.2224
3.94961 3.15143 -1.23752 -0.261484 1.11788
3.95818 3.16 -1.23972 -0.25235 1.01331
3.96675 3.16857 -1.24185 -0.244113 0.908734
3.97532 3.17714 -1.24391 -0.236772 0.804163
3.98389 3.18571 -1.24591 -0.230327 0.699592
3.99247 3.19429 -1.24786 -0.224779 0.59502
4.00104 3.20286 -1.24977 -0.220127 0.490449
4.00961 3.21143 -1.25164 -0.216371 0.385878
4.01818 3.22 -1.25348 -0.213512 0.281306
4.02675 3.22857 -1.2553 -0.211549 0.176735
4.03532 3.23714 -1.25711 -0.210482 0.0721638
4.04389 3.24571 -1.25891 -0.210311 -0.0324075
4.05247 3.25429 -1.26071 -0.211037 -0.136979
4.06104 3.26286 -1.26253 -0.21266 -0.24155
4.06961 3.27143 -1.26436 -0.215178 -0.346121
4.07818 3.28 -1.26622 -0.218593 -0.450693
4.08675 3.28857 -1.26811 -0.222861 -0.524844
4.09532 3.29714 -1.27004 -0.227417 -0.538206
4.10389 3.30571 -1.27201 -0.232087 -0.551568
4.11247 3.31429 -1.27402 -0.236872 -0.564931
4.12104 3.32286 -1.27607 -0.241772 -0.578293
4.12961 3.33143 -1.27817 -0.246786 -0.591655
4.13818 3.34 -1.2803 -0.251915 -0.605018
4.14675 3.34857 -1.28249 -0.257158 -0.61838
4.15532 3.35714 -1.28471 -0.262515 -0.631742
4.16389 3.36571 -1.28699 -0.267988 -0.645105
4.17247 3.37429 -1.28931 -0.273574 -0.658467
4.18104 3.38286 -1.29168 -0.279276 -0.671829
4.18961 3.39143 -1.29409 -0.285091 -0.685191
4.19818 3.4 -1.29656 -0.291022 -0.698554
4.20675 3.40857 -1.29908 -0.297067 -0.711916
4.21532 3.41714 -1.30166 -0.303226 -0.725278
4.22389 3.42571 -1.30428 -0.3095 -0.738641
4.23247 3.43429 -1.30696 -0.315698 -0.685353
4.24104 3.44286 -1.30969 -0.321201 -0.598736
4.24961 3.45143 -1.31247 -0.325962 -0.512119
4.25818 3.46 -1.31528 -0.32998 -0.425503
4.26675 3.46857 -1.31812 -0.333256 -0.338886
4.27532 3.47714 -1.32099 -0.33579 -0.252269
4.28389 3.48571 -1.32388 -0.337581 -0.165652
4.29247 3.49429 -1.32677 -0.33863 -0.0790353
4.30104 3.50286 -1.32968 -0.338936 0.00758155
4.30961 3.51143 -1.33258 -0.3385 0.0941984
4.31818 3.52 -1.33548 -0.337321 0.180815
4.32675 3.52857 -1.33836 -0.3354 0.267432
4.33532 3.53714 -1.34123 -0.332736 0.354049
4.34389 3.54571 -1.34406 -0.329331 0.440666
4.35247 3.55429 -1.34687 -0.325182 0.527283
4.36104 3.56286 -1.34964 -0.320291 0.613899
4.36961 3.57143 -1.35236 -0.314658 0.700516
4.37818 3.58 -1.35503 -0.308702 0.689165
4.38675 3.58857 -1.35765 -0.302844 0.677813
4.39532 3.59714 -1.36022 -0.297083 0.666461
4.40389 3.60571 -1.36274 -0.291419 0.655108
4.41247 3.61429 -1.36522 -0.285852 0.643756
4.42104 3.62286 -1.36765 -0.280383 0.632404
4.42961 3.63143 -1.37003 -0.275011 0.621052
4.43818 3.64 -1.37236 -0.269736 0.609699
4.44675 3.64857 -1.37465 -0.264559 0.598347
4.45532 3.65714 -1.3769 -0.259479 0.586995
4.46389 3.66571 -1.3791 -0.254496 0.575643
4.47247 3.67429 -1.38126 -0.249611 0.56429
4.48104 3.68286 -1.38338 -0.244823 0.552938
4.48961 3.69143 -1.38546 -0.240132 0.541586
4.49818 3.7 -1.38749 -0.235538 0.530234
4.50675 3.70857 -1.38949 -0.231042 0.518881
4.51532 3.71714 -1.39146 -0.226665 0.492279
4.52389 3.72571 -1.39338 -0.22269 0.435146
4.53247 3.73429 -1.39527 -0.219205 0.378012
4.54104 3.74286 -1.39714 -0.21621 0.320879
4.54961 3.75143 -1.39898 -0.213705 0.263746
4.55818 3.76 -1.4008 -0.211689 0.206612
4.56675 3.76857 -1.40261 -0.210163 0.149479
4.57532 3.77714 -1.40441 -0.209126 0.0923453
4.58389 3.78571 -1.4062 -0.20858 0.0352119
4.59247 3.79429 -1.40799 -0.208523 -0.0219216
4.60104 3.80286 -1.40977 -0.208956 -0.079055
4.60961 3.81143 -1.41157 -0.209878 -0.136188
4.61818 3.82 -1.41337 -0.21129 -0.193322
4.62675 3.82857 -1.41519 -0.213192 -0.250455
4.63532 3.83714 -1.41703 -0.215584 -0.307589
4.64389 3.84571 -1.41889 -0.218465 -0.364722
4.65247 3.85429 -1.42078 -0.221836 -0.421856
4.66104 3.86286 -1.42269 -0.225303 -0.341056
4.66961 3.87143 -1.42464 -0.227584 -0.191187
4.67818 3.88 -1.42659 -0.22858 -0.0413187
4.68675 3.88857 -1.42855 -0.228292 0.10855
4.69532 3.89714 -1.4305 -0.22672 0.258419
4.70389 3.90571 -1.43243 -0.223862 0.408287
4.71247 3.91429 -1.43434 -0.21972 0.558156
4.72104 3.92286 -1.4362 -0.214294 0.708025
4.72961 3.93143 -1.43801 -0.207583 0.857893
4.73818 3.94 -1.43975 -0.199587 1.00776
4.74675 3.94857 -1.44142 -0.190307 1.15763
4.75532 3.95714 -1.44301 -0.179742 1.3075
4.76389 3.96571 -1.4445 -0.167893 1.45737
4.77247 3.97429 -1.44588 -0.154759 1.60724
4.78104 3.98286 -1.44715 -0.14034 1.75711
4.78961 3.99143 -1.44829 -0.124637 1.90697
4.79818 4 -1.44928 -0.107649 2.05683
4.80675 4.00857 -1.45013 -0.0911008 1.80443
4.81532 4.01714 -1.45085 -0.076716 1.55203
4.82389 4.02571 -1.45145 -0.0644946 1.29963
4.83247 4.03429 -1.45196 -0.0544367 1.04723
4.84104 4.04286 -1.45239 -0.0465421 0.794827
4.84961 4.05143 -1.45277 -0.040811 0.542427
4.85818 4.06 -1.4531 -0.0372434 0.290027
4.86675 4.06857 -1.45341 -0.0358391 0.0376271
4.87532 4.07714 -1.45372 -0.0365983 -0.214773
4.88389 4.08571 -1.45405 -0.039521 -0.467173
4.89247 4.09429 -1.4544 -0.044607 -0.719573
4.90104 4.10286 -1.45482 -0.0518565 -0.971973
4.90961 4.11143 -1.4553 -0.0612694 -1.22437
4.91818 4.12 -1.45587 -0.0728458 -1.47677
4.92675 4.12857 -1.45655 -0.0865855 -1.72917
4.93532 4.13714 -1.45736 -0.102489 -1.98157
4.94389 4.14571 -1.45832 -0.120328 -2.07502
4.95247 4.15429 -1.45942 -0.137151 -1.85028
4.96104 4.16286 -1.46066 -0.152047 -1.62554
4.96961 4.17143 -1.46202 -0.165018 -1.40081
4.97818 4.18 -1.46349 -0.176061 -1.17607
4.98675 4.18857 -1.46504 -0.185179 -0.951334
4.99532 4.19714 -1.46666 -0.19237 -0.726598
5.00389 4.20571 -1.46833 -0.197635 -0.501861
5.01247 4.21429 -1.47004 -0.200973 -0.277125
5.02104 4.22286 -1.47177 -0.202385 -0.0523888
5.02961 4.23143 -1.4735 -0.201871 0.172347
5.03818 4.24 -1.47522 -0.199431 0.397084
5.04675 4.24857 -1.47691 -0.195064 0.62182
5.05532 4.25714 -1.47856 -0.188771 0.846556
5.06389 4.26571 -1.48015 -0.180552 1.07129
5.07247 4.27429 -1.48165 -0.170406 1.29603
5.08104 4.28286 -1.48306 -0.158334 1.52076
5.08961 4.29143 -1.48436 -0.145194 1.44506
5.09818 4.3 -1.48556 -0.133776 1.21927
5.10675 4.30857 -1.48666 -0.124293 0.993476
5.11532 4.31714 -1.48769 -0.116745 0.767682
5.12389 4.32571 -1.48867 -0.111132 0.541888
5.13247 4.33429 -1.4896 -0.107455 0.316094
5.14104 4.34286 -1.49051 -0.105714 0.0902999
5.14961 4.35143 -1.49142 -0.105907 -0.135494
5.15818 4.36 -1.49234 -0.108036 -0.361288
5.16675 4.36857 -1.49328 -0.112101 -0.587082
5.17532 4.37714 -1.49426 -0.118101 -0.812876
5.18389 4.38571 -1.49531 -0.126036 -1.03867
5.19247 4.39429 -1.49643 -0.135906 -1.26446
5.20104 4.40286 -1.49764 -0.147712 -1.49026
5.20961 4.41143 -1.49897 -0.161454 -1.71605
5.21818 4.42 -1.50042 -0.17713 -1.94185
5.22675 4.42857 -1.50201 -0.194743 -2.16764
5.23532 4.43714 -1.50375 -0.212335 -1.93717
5.24389 4.44571 -1.50564 -0.227951 -1.70668
5.25247 4.45429 -1.50766 -0.241592 -1.47619
5.26104 4.46286 -1.50978 -0.253257 -1.2457
5.26961 4.47143 -1.51199 -0.262947 -1.01521
5.27818 4.48 -1.51428 -0.270661 -0.78472
5.28675 4.48857 -1.51663 -0.276399 -0.554231
5.29532 4.49714 -1.51901 -0.280162 -0.323742
5.30389 4.50571 -1.52142 -0.281949 -0.0932525
5.31247 4.51429 -1.52384 -0.281761 0.137237
5.32104 4.52286 -1.52625 -0.279596 0.367726
5.32961 4.53143 -1.52863 -0.275457 0.598215
5.33818 4.54 -1.53097 -0.269341 0.828705
5.34675 4.54857 -1.53324 -0.26125 1.05919
5.35532 4.55714 -1.53544 -0.251184 1.28968
5.36389 4.56571 -1.53754 -0.239141 1.52017
5.37247 4.57429 -1.53953 -0.225265 1.65148
5.38104 4.58286 -1.5414 -0.211397 1.58443
5.38961 4.59143 -1.54316 -0.198104 1.51737
5.39818 4.6 -1.5448 -0.185385 1.45031
5.40675 4.60857 -1.54634 -0.173241 1.38325
5.41532 4.61714 -1.54777 -0.161672 1.31619
5.42389 4.62571 -1.54911 -0.150678 1.24914
5.43247 4.63429 -1.55036 -0.140258 1.18208
5.44104 4.64286 -1.55152 -0.130414 1.11502
5.44961 4.65143 -1.55259 -0.121144 1.04796
5.45818 4.66 -1.5536 -0.112449 0.980905
5.46675 4.66857 -1.55452 -0.104328 0.913847
5.47532 4.67714 -1.55539 -0.0967826 0.846789
5.48389 4.68571 -1.55618 -0.0898118 0.779731
5.49247 4.69429 -1.55693 -0.0834158 0.712673
5.50104 4.70286 -1.55762 -0.0775946 0.645615
5.50961 4.71143 -1.55826 -0.0723481 0.578557
5.51818 4.72 -1.55886 -0.0679018 0.432594
5.52675 4.72857 -1.55943 -0.0649887 0.247135
5.53532 4.73714 -1.55998 -0.0636652 0.0616769
5.54389 4.74571 -1.56052 -0.0639314 -0.123782
5.55247 4.75429 -1.56108 -0.0657872 -0.30924
5.56104 4.76286 -1.56166 -0.0692326 -0.494698
5.56961 4.77143 -1.56227 -0.0742677 -0.680157
5.57818 4.78 -1.56293 -0.0808925 -0.865615
5.58675 4.78857 -1.56366 -0.0891068 -1.05107
5.59532 4.79714 -1.56447 -0.0989109 -1.23653
5.60389 4.80571 -1.56536 -0.110305 -1.42199
5.61247 4.81429 -1.56636 -0.123288 -1.60745
5.62104 4.82286 -1.56748 -0.137861 -1.79291
5.62961 4.83143 -1.56873 -0.154023 -1.97837
5.63818 4.84 -1.57012 -0.171776 -2.16382
5.64675 4.84857 -1.57168 -0.191118 -2.34928
5.65532 4.85714 -1.5734 -0.212049 -2.53474
5.66389 4.86571 -1.57531 -0.232282 -2.18618
5.67247 4.87429 -1.57738 -0.249526 -1.83745
5.68104 4.88286 -1.57958 -0.263781 -1.48871
5.68961 4.89143 -1.58189 -0.275047 -1.13998
5.69818 4.9 -1.58429 -0.283324 -0.791241
5.70675 4.90857 -1.58674 -0.288611 -0.442506
5.71532 4.91714 -1.58923 -0.29091 -0.0937703
5.72389 4.92571 -1.59172 -0.290219 0.254965
5.73247 4.93429 -1.59419 -0.286539 0.603701
5.74104 4.94286 -1.59662 -0.27987 0.952436
5.74961 4.95143 -1.59898 -0.270211 1.30117
5.75818 4.96 -1.60125 -0.257564 1.64991
5.76675 4.96857 -1.60339 -0.241927 1.99864
5.77532 4.97714 -1.60538 -0.223301 2.34738
5.78389 4.98571 -1.60721 -0.201687 2.69611
5.79247 4.99429 -1.60883 -0.177082 3.04485
5.80104 5.00286 -1.61024 -0.149822 3.16088
5.80961 5.01143 -1.61141 -0.124225 2.81156
5.81818 5.02 -1.61237 -0.101623 2.46223
5.82675 5.02857 -1.61316 -0.0820157 2.11291
5.83532 5.03714 -1.61379 -0.0654021 1.76359
5.84389 5.04571 -1.61429 -0.0517827 1.41427
5.85247 5.05429 -1.61468 -0.0411575 1.06495
5.86104 5.06286 -1.615 -0.0335264 0.715626
5.86961 5.07143 -1.61527 -0.0288896 0.366305
5.87818 5.08 -1.61551 -0.0272469 0.0169829
5.88675 5.08857 -1.61574 -0.0285985 -0.332339
5.89532 5.09714 -1.616 -0.0329442 -0.68166
5.90389 5.10571 -1.61632 -0.0402841 -1.03098
5.91247 5.11429 -1.6167 -0.0506181 -1.3803
5.92104 5.12286 -1.61719 -0.0639464 -1.72963
5.92961 5.13143 -1.61781 -0.0802689 -2.07895
5.93818 5.14 -1.61858 -0.0995855 -2.42827
5.94675 5.14857 -1.61952 -0.12082 -2.4009
5.95532 5.15714 -1.62064 -0.140474 -2.18504
5.96389 5.16571 -1.62193 -0.158278 -1.96917
5.97247 5.17429 -1.62335 -0.174232 -1.7533
5.98104 5.18286 -1.62491 -0.188335 -1.53743
5.98961 5.19143 -1.62657 -0.200588 -1.32157
5.99818 5.2 -1.62834 -0.21099 -1.1057
6.00675 5.20857 -1.63019 -0.219542 -0.88983
6.01532 5.21714 -1.6321 -0.226244 -0.673963
6.02389 5.22571 -1.63406 -0.231096 -0.458095
6.03247 5.23429 -1.63605 -0.234097 -0.242228
6.04104 5.24286 -1.63807 -0.235248 -0.0263603
6.04961 5.25143 -1.64008 -0.234549 0.189507
6.05818 5.26 -1.64208 -0.232 0.405375
6.06675 5.26857 -1.64405 -0.2276 0.621242
6.07532 5.27714 -1.64598 -0.22135 0.83711
6.08389 5.28571 -1.64784 -0.21325 1.05288
6.09247 5.29429 -1.64964 -0.205598 0.732468
6.10104 5.30286 -1.65138 -0.200693 0.412055
6.10961 5.31143 -1.65308 -0.198534 0.0916423
6.11818 5.32 -1.65479 -0.199122 -0.22877
6.12675 5.32857 -1.65651 -0.202456 -0.549183
6.13532 5.33714 -1.65827 -0.208537 -0.869596
6.14389 5.34571 -1.66009 -0.217363 -1.19001
6.15247 5.35429 -1.662 -0.228937 -1.51042
6.16104 5.36286 -1.66402 -0.243256 -1.83083
6.16961 5.37143 -1.66618 -0.260322 -2.15125
6.17818 5.38 -1.66849 -0.280135 -2.47166
6.18675 5.38857 -1.67099 -0.302694 -2.79207
6.19532 5.39714 -1.67369 -0.327999 -3.11249
6.20389 5.40571 -1.67662 -0.356051 -3.4329
6.21247 5.41429 -1.6798 -0.386849 -3.75331
6.22104 5.42286 -1.68326 -0.420393 -4.07372
6.22961 5.43143 -1.68701 -0.456081 -3.97189
6.23818 5.44 -1.69106 -0.486069 -3.0254
6.24675 5.44857 -1.69532 -0.507945 -2.07892
6.25532 5.45714 -1.69974 -0.521708 -1.13244
6.26389 5.46571 -1.70424 -0.527358 -0.185958
6.27247 5.47429 -1.70876 -0.524896 0.760524
6.28104 5.48286 -1.71322 -0.51432 1.70701
6.28961 5.49143 -1.71755 -0.495633 2.65349
6.29818 5.5 -1.72169 -0.468832 3.59997
6.30675 5.50857 -1.72557 -0.433919 4.54645
6.31532 5.51714 -1.72911 -0.390893 5.49293
6.32389 5.52571 -1.73225 -0.339754 6.43942
6.33247 5.53429 -1.73491 -0.280503 7.3859
6.34104 5.54286 -1.73703 -0.213139 8.33238
6.34961 5.55143 -1.73854 -0.137662 9.27886
6.35818 5.56 -1.73937 -0.0540727 10.2253
6.36675 5.56857 -1.73944 0.0376294 11.1718
6.37532 5.57714 -1.73871 0.132463 10.3748
6.38389 5.58571 -1.73721 0.214237 8.70583
6.39247 5.59429 -1.73508 0.281706 7.0369
6.40104 5.60286 -1.73242 0.334869 5.36797
6.40961 5.61143 -1.72938 0.373728 3.69904
6.41818 5.62 -1.72606 0.398281 2.03011
6.42675 5.62857 -1.72259 0.40853 0.361182
6.43532 5.63714 -1.7191 0.404473 -1.30775
6.44389 5.64571 -1.7157 0.386111 -2.97668
6.45247 5.65429 -1.71252 0.353444 -4.6456
6.46104 5.66286 -1.70968 0.306472 -6.31453
6.46961 5.67143 -1.7073 0.245195 -7.98346
6.47818 5.68 -1.70552 0.169613 -9.65239
6.48675 5.68857 -1.70444 0.0797257 -11.3213
6.49532 5.69714 -1.70419 -0.0244667 -12.9902
6.50389 5.70571 -1.7049 -0.142964 -14.6592
6.51247 5.71429 -1.70668 -0.275767 -16.3281
6.52104 5.72286 -1.70971 -0.437341 -21.3733
6.52961 5.73143 -1.7143 -0.642167 -26.4194
6.53818 5.74 -1.72084 -0.890244 -31.4654
6.54675 5.74857 -1.72969 -1.18157 -36.5114
6.55532 5.75714 -1.74122 -1.51615 -41.5575
6.56389 5.76571 -1.7558 -1.89399 -46.6035
6.57247 5.77429 -1.77381 -2.31507 -51.6495
6.58104 5.78286 -1.79561 -2.77941 -56.6955
6.58961 5.79143 -1.82158 -3.28699 -61.7416
6.59818 5.8 -1.85209 -3.83783 -66.7876
6.60675 5.80857 -1.8875 -4.43193 -71.8336
6.61532 5.81714 -1.92818 -5.06927 -76.8797
6.62389 5.82571 -1.97452 -5.74986 -81.9257
6.63247 5.83429 -2.02688 -6.47371 -86.9717
6.64104 5.84286 -2.08562 -7.24081 -92.0178
6.64961 5.85143 -2.15113 -8.05116 -97.0638
6.65818 5.86 -2.22375 -8.89236 -93.4195
6.66675 5.86857 -2.30315 -9.60287 -72.3678
6.67532 5.87714 -2.38786 -10.1329 -51.3162
6.68389 5.88571 -2.47634 -10.4826 -30.2646
6.69247 5.89429 -2.56705 -10.6518 -9.21292
6.70104 5.90286 -2.65843 -10.6405 11.8387
6.70961 5.91143 -2.74894 -10.4488 32.8904
6.71818 5.92 -2.83703 -10.0767 53.942
6.72675 5.92857 -2.92117 -9.5241 74.9936
6.73532 5.93714 -2.99979 -8.79107 96.0453
6.74389 5.94571 -3.07136 -7.87761 117.097
6.75247 5.95429 -3.13432 -6.7837 138.149
6.76104 5.96286 -3.18713 -5.50935 159.2
6.76961 5.97143 -3.22825 -4.05455 180.252
6.77818 5.98 -3.25612 -2.41932 201.303
6.78675 5.98857 -3.26921 -0.603638 222.355
6.79532 5.99714 -3.26596 1.39248 243.407
6.80389 6.00571 -3.24499 3.47927 233.038
6.81247 6.01429 -3.20693 5.36499 206.962
6.82104 6.02286 -3.15366 7.02719 180.885
6.82961 6.03143 -3.0871 8.46588 154.809
6.83818 6.04 -3.00917 9.68106 128.732
6.84675 6.04857 -2.92178 10.6727 102.656
6.85532 6.05714 -2.82685 11.4409 76.5795
6.86389 6.06571 -2.72629 11.9855 50.5031
6.87247 6.07429 -2.62202 12.3066 24.4266
6.88104 6.08286 -2.51595 12.4043 -1.64986
6.88961 6.09143 -2.41001 12.2784 -27.7263
6.89818 6.1 -2.30611 11.9289 -53.8028
6.90675 6.10857 -2.20615 11.356 -79.8793
6.91532 6.11714 -2.11207 10.5596 -105.956
6.92389 6.12571 -2.02577 9.53964 -132.032
6.93247 6.13429 -1.94917 8.29618 -158.109
6.94104 6.14286 -1.88419 6.82921 -184.185
6.94961 6.15143 -1.83223 5.31807 -168.405
6.95818 6.16 -1.79264 3.94226 -152.618
6.96675 6.16857 -1.76426 2.70177 -136.83
6.97532 6.17714 -1.74593 1.59661 -121.042
6.98389 6.18571 -1.7365 0.626767 -105.254
6.99247 6.19429 -1.7348 -0.20775 -89.4664
7.00104 6.20286 -1.73968 -0.906942 -73.6786
7.00961 6.21143 -1.74996 -1.47081 -57.8908
7.01818 6.22 -1.7645 -1.89936 -42.103
7.02675 6.22857 -1.78214 -2.19258 -26.3152
7.03532 6.23714 -1.8017 -2.35047 -10.5274
7.04389 6.24571 -1.82204 -2.37305 5.26038
7.05247 6.25429 -1.842 -2.2603 21.0482
7.06104 6.26286 -1.86041 -2.01222 36.836
7.06961 6.27143 -1.87611 -1.62882 52.6238
7.07818 6.28 -1.88794 -1.1101 68.4115
7.08675 6.28857 -1.89476 -0.4682 75.7003
7.09532 6.29714 -1.89611 0.139105 66.0044
7.10389 6.30571 -1.89261 0.663303 56.3084
7.11247 6.31429 -1.88498 1.10439 46.6125
7.12104 6.32286 -1.87392 1.46237 36.9166
7.12961 6.33143 -1.86015 1.73725 27.2207
7.13818 6.34 -1.84438 1.92902 17.5248
7.14675 6.34857 -1.82732 2.03767 7.82884
7.15532 6.35714 -1.80968 2.06322 -1.86709
7.16389 6.36571 -1.79218 2.00567 -11.563
7.17247 6.37429 -1.77554 1.865 -21.2589
7.18104 6.38286 -1.76045 1.64123 -30.9549
7.18961 6.39143 -1.74764 1.33435 -40.6508
7.19818 6.4 -1.73781 0.944357 -50.3467
7.20675 6.40857 -1.73169 0.47126 -60.0426
7.21532 6.41714 -1.72997 -0.084945 -69.7385
7.22389 6.42571 -1.73338 -0.724258 -79.4345
7.23247 6.43429 -1.74255 -1.40731 -75.3522
7.24104 6.44286 -1.75725 -2.00617 -64.3796
7.24961 6.45143 -1.77667 -2.51096 -53.407
7.25818 6.46 -1.80002 -2.92171 -42.4344
7.26675 6.46857 -1.82649 -3.23841 -31.4617
7.27532 6.47714 -1.85527 -3.46106 -20.4891
7.28389 6.48571 -1.88555 -3.58965 -9.5165
7.29247 6.49429 -1.91654 -3.6242 1.45612
7.30104 6.50286 -1.94741 -3.56469 12.4287
7.30961 6.51143 -1.97738 -3.41113 23.4014
7.31818 6.52 -2.00562 -3.16352 34.374
7.32675 6.52857 -2.03134 -2.82186 45.3466
7.33532 6.53714 -2.05373 -2.38615 56.3192
7.34389 6.54571 -2.07198 -1.85639 67.2918
7.35247 6.55429 -2.08528 -1.23258 78.2645
7.36104 6.56286 -2.09284 -0.514716 89.2371
7.36961 6.57143 -2.09384 0.297199 100.21
7.37818 6.58 -2.0877 1.12549 93.0573
7.38675 6.58857 -2.07472 1.89247 85.9044
7.39532 6.59714 -2.05543 2.59814 78.7516
7.40389 6.60571 -2.03036 3.24249 71.5987
7.41247 6.61429 -2.00002 3.82554 64.4458
7.42104 6.62286 -1.96495 4.34728 57.293
7.42961 6.63143 -1.92567 4.80771 50.1401
7.43818 6.64 -1.88271 5.20682 42.9872
7.44675 6.64857 -1.83659 5.54463 35.8344
7.45532 6.65714 -1.78783 5.82113 28.6815
7.46389 6.66571 -1.73697 6.03631 21.5286
7.47247 6.67429 -1.68453 6.19019 14.3758
7.48104 6.68286 -1.63103 6.28276 7.22291
7.48961 6.69143 -1.577 6.31401 0.0700428
7.49818 6.7 -1.52296 6.28396 -7.08282
7.50675 6.70857 -1.46945 6.19259 -14.2357
7.51532 6.71714 -1.41698 6.03989 -21.4064
7.52389 6.72571 -1.36608 5.82552 -28.6129
7.53247 6.73429 -1.31729 5.54938 -35.8194
7.54104 6.74286 -1.27113 5.21148 -43.0259
7.54961 6.75143 -1.22813 4.8118 -50.2323
7.55818 6.76 -1.18882 4.35035 -57.4388
7.56675 6.76857 -1.15373 3.82713 -64.6453
7.57532 6.77714 -1.12339 3.24214 -71.8518
7.58389 6.78571 -1.09832 2.59539 -79.0583
7.59247 6.79429 -1.07907 1.88686 -86.2647
7.60104 6.80286 -1.06615 1.11656 -93.4712
7.60961 6.81143 -1.0601 0.284497 -100.678
7.61818 6.82 -1.06145 -0.60934 -107.884
7.62675 6.82857 -1.07073 -1.56495 -115.091
7.63532 6.83714 -1.08846 -2.58232 -122.297
7.64389 6.84571 -1.11517 -3.66147 -129.504
7.65247 6.85429 -1.1514 -4.80238 -136.71
7.66104 6.86286 -1.19765 -5.99136 -139.115
7.66961 6.87143 -1.25411 -7.18377 -139.115
7.67818 6.88 -1.3208 -8.37618 -139.115
7.68675 6.88857 -1.39771 -9.56859 -139.115
7.69532 6.89714 -1.48483 -10.761 -139.115
7.70389 6.90571 -1.58218 -11.9534 -139.115
7.71247 6.91429 -1.68975 -13.1458 -139.115
7.72104 6.92286 -1.80754 -14.3382 -139.115
7.72961 6.93143 -1.93555 -15.5307 -139.115
7.73818 6.94 -2.07378 -16.7231 -139.115
7.74675 6.94857 -2.22223 -17.9155 -139.115
7.75532 6.95714 -2.3809 -19.1079 -139.115
7.76389 6.96571 -2.54979 -20.3003 -139.115
7.77247 6.97429 -2.7289 -21.4927 -139.115
7.78104 6.98286 -2.91824 -22.6851 -139.115
7.78961 6.99143 -3.11779 -23.8775 -139.115
7.79818 7 -3.32757 -25.0699 -139.115


