Raw Data (#.=61)
log.afreq  log.sfreq  log.loss  storage   
==========================================
-0.773248 -1.57143 -0.902181 2.5437
-0.630391 -1.42857 -1.03389 2.5209
-0.487532 -1.28571 -1.04934 2.5029
-0.344674 -1.14285 -0.99137 2.4824
-0.20182 -1 -0.975357 2.4608
-0.0589614 -0.857141 -0.961452 2.4381
0.083893 -0.714285 -0.951817 2.4151
0.226752 -0.571428 -0.942181 2.3913
0.369609 -0.428571 -0.946089 2.3675
0.512468 -0.285712 -0.92934 2.3435
0.655326 -0.142855 -0.949443 2.3189
0.79818 0 -0.945249 2.296
0.941039 0.142859 -0.936185 2.2713
1.08389 0.285715 -0.966438 2.2482
1.22675 0.428572 -0.971705 2.2256
1.36961 0.571429 -0.989115 2.2037
1.51247 0.714288 -1.00381 2.1826
1.65533 0.857145 -1.02668 2.1623
1.79818 1 -1.04296 2.1431
1.94104 1.14286 -1.06255 2.1244
2.08389 1.28571 -1.08791 2.1069
2.22675 1.42857 -1.10739 2.0901
2.36961 1.57143 -1.1368 2.0743
2.51247 1.71429 -1.16517 2.0595
2.65533 1.85715 -1.189 2.0456
2.79818 2 -1.2045 2.0323
2.94104 2.14286 -1.23673 2.0196
3.08389 2.28571 -1.26953 2.008
3.22675 2.42857 -1.29462 1.997
3.36961 2.57143 -1.32816 1.9868
3.51247 2.71429 -1.36064 1.9773
3.65533 2.85715 -1.3889 1.9685
3.79818 3 -1.41997 1.9602
3.94104 3.14286 -1.45771 1.9526
4.08389 3.28571 -1.49879 1.9456
4.22675 3.42857 -1.54009 1.9393
4.36961 3.57143 -1.58016 1.9335
4.51247 3.71429 -1.60189 1.9282
4.65533 3.85715 -1.61818 1.923
4.79818 4 -1.63214 1.9181
4.94104 4.14286 -1.63831 1.9132
5.08389 4.28571 -1.65345 1.9085
5.22675 4.42857 -1.66973 1.9039
5.36961 4.57143 -1.70513 1.8996
5.51247 4.71429 -1.72959 1.8956
5.65533 4.85715 -1.7235 1.8917
5.79818 5 -1.757 1.8878
5.94104 5.14286 -1.80454 1.8844
6.08389 5.28571 -1.80275 1.8811
6.22675 5.42857 -1.84047 1.8779
6.36961 5.57143 -1.90479 1.8751
6.51247 5.71429 -1.83718 1.8724
6.65533 5.85715 -3.00701 1.8701
6.79818 6 -2.25244 1.8715
6.94104 6.14286 -2.0711 1.871
7.08389 6.28571 -2.05154 1.8689
7.22675 6.42857 -1.64736 1.8695
7.36961 6.57143 -1.92426 1.8754
7.51247 6.71429 -1.39615 1.8772
7.65533 6.85715 -1.14889 1.8924
7.79818 7 -3.52399 1.8998


Cubic Spline Interpolation (Global Range)
log.afreq  log.sfreq  f  df  d2f         
=========================================
-0.773248 -1.57143 -0.902181 -1.3373 5.81464
-0.764677 -1.56286 -0.91343 -1.28746 5.81464
-0.756105 -1.55429 -0.924252 -1.23762 5.81464
-0.747534 -1.54571 -0.934646 -1.18778 5.81464
-0.738962 -1.53714 -0.944613 -1.13794 5.81464
-0.730391 -1.52857 -0.954154 -1.0881 5.81464
-0.721819 -1.52 -0.963267 -1.03826 5.81464
-0.713248 -1.51143 -0.971952 -0.988417 5.81464
-0.704677 -1.50286 -0.980211 -0.938577 5.81464
-0.696105 -1.49429 -0.988042 -0.888737 5.81464
-0.687534 -1.48571 -0.995446 -0.838898 5.81464
-0.678962 -1.47714 -1.00242 -0.789058 5.81464
-0.670391 -1.46857 -1.00897 -0.739218 5.81464
-0.661819 -1.46 -1.0151 -0.689378 5.81464
-0.653248 -1.45143 -1.02079 -0.639538 5.81464
-0.644677 -1.44286 -1.02606 -0.589699 5.81464
-0.636105 -1.43429 -1.0309 -0.539859 5.81464
-0.627534 -1.42571 -1.03531 -0.490039 5.8005
-0.618962 -1.41714 -1.0393 -0.440503 5.75809
-0.610391 -1.40857 -1.04287 -0.391329 5.71567
-0.601819 -1.4 -1.04601 -0.34252 5.67326
-0.593248 -1.39143 -1.04874 -0.294073 5.63084
-0.584677 -1.38286 -1.05105 -0.245991 5.58843
-0.576105 -1.37429 -1.05296 -0.198272 5.54602
-0.567534 -1.36571 -1.05445 -0.150916 5.5036
-0.558962 -1.35714 -1.05555 -0.103924 5.46119
-0.550391 -1.34857 -1.05624 -0.0572959 5.41877
-0.541819 -1.34 -1.05653 -0.0110311 5.37636
-0.533248 -1.33143 -1.05643 0.0348702 5.33394
-0.524677 -1.32286 -1.05593 0.0804079 5.29153
-0.516105 -1.31429 -1.05505 0.125582 5.24911
-0.507534 -1.30571 -1.05378 0.170393 5.2067
-0.498962 -1.29714 -1.05213 0.21484 5.16429
-0.490391 -1.28857 -1.0501 0.258923 5.12187
-0.481819 -1.28 -1.04769 0.301608 4.71705
-0.473248 -1.27143 -1.04494 0.339528 4.13086
-0.464677 -1.26286 -1.04189 0.372423 3.54466
-0.456105 -1.25429 -1.03857 0.400293 2.95847
-0.447534 -1.24571 -1.03504 0.423139 2.37228
-0.438962 -1.23714 -1.03133 0.440961 1.78608
-0.430391 -1.22857 -1.02749 0.453758 1.19989
-0.421819 -1.22 -1.02357 0.461531 0.613698
-0.413248 -1.21143 -1.0196 0.464279 0.0275043
-0.404677 -1.20286 -1.01562 0.462002 -0.558689
-0.396105 -1.19429 -1.01169 0.454701 -1.14488
-0.387534 -1.18571 -1.00784 0.442376 -1.73108
-0.378962 -1.17714 -1.00412 0.425025 -2.31727
-0.370391 -1.16857 -1.00057 0.402651 -2.90346
-0.361819 -1.16 -0.997234 0.375252 -3.48965
-0.353248 -1.15143 -0.994152 0.342828 -4.07585
-0.344677 -1.14286 -0.991371 0.30538 -4.66204
-0.336105 -1.13429 -0.98892 0.266927 -4.31018
-0.327534 -1.12571 -0.986786 0.231491 -3.95804
-0.318962 -1.11714 -0.984943 0.199074 -3.60589
-0.310391 -1.10857 -0.983365 0.169676 -3.25375
-0.30182 -1.1 -0.982026 0.143296 -2.9016
-0.293248 -1.09143 -0.9809 0.119934 -2.54946
-0.284677 -1.08286 -0.979961 0.0995909 -2.19731
-0.276105 -1.07429 -0.979184 0.082266 -1.84517
-0.267534 -1.06571 -0.978542 0.0679595 -1.49302
-0.258962 -1.05714 -0.97801 0.0566714 -1.14088
-0.250391 -1.04857 -0.977562 0.0484016 -0.78873
-0.24182 -1.04 -0.977172 0.0431503 -0.436585
-0.233248 -1.03143 -0.976814 0.0409173 -0.0844394
-0.224677 -1.02286 -0.976462 0.0417027 0.267706
-0.216105 -1.01429 -0.97609 0.0455066 0.619852
-0.207534 -1.00571 -0.975673 0.0523288 0.971997
-0.198962 -0.997142 -0.975185 0.0619447 1.1669
-0.190391 -0.988571 -0.974612 0.0714347 1.04742
-0.18182 -0.979999 -0.973963 0.0799004 0.927933
-0.173248 -0.971428 -0.973246 0.0873421 0.808447
-0.164677 -0.962857 -0.972469 0.0937595 0.688961
-0.156105 -0.954285 -0.971641 0.0991528 0.569475
-0.147534 -0.945714 -0.970772 0.103522 0.449989
-0.138962 -0.937142 -0.96987 0.106867 0.330503
-0.130391 -0.928571 -0.968943 0.109188 0.211017
-0.12182 -0.919999 -0.968001 0.110484 0.0915309
-0.113248 -0.911428 -0.967052 0.110757 -0.0279551
-0.104677 -0.902857 -0.966105 0.110005 -0.147441
-0.0961052 -0.894285 -0.965169 0.108229 -0.266927
-0.0875338 -0.885714 -0.964252 0.105429 -0.386413
-0.0789624 -0.877142 -0.963364 0.101605 -0.505899
-0.0703909 -0.868571 -0.962514 0.0967567 -0.625385
-0.0618195 -0.859999 -0.961709 0.0908841 -0.744871
-0.0532481 -0.851428 -0.960958 0.0843819 -0.726268
-0.0446767 -0.842857 -0.96026 0.0785326 -0.638572
-0.0361052 -0.834285 -0.959609 0.073435 -0.550876
-0.0275338 -0.825714 -0.958999 0.069089 -0.463179
-0.0189624 -0.817142 -0.958423 0.0654947 -0.375483
-0.0103909 -0.808571 -0.957874 0.0626521 -0.287787
-0.00181951 -0.799999 -0.957347 0.0605612 -0.20009
0.00675192 -0.791428 -0.956834 0.059222 -0.112394
0.0153233 -0.782857 -0.956329 0.0586345 -0.0246976
0.0238948 -0.774285 -0.955826 0.0587986 0.0629988
0.0324662 -0.765714 -0.955319 0.0597145 0.150695
0.0410376 -0.757142 -0.954801 0.061382 0.238391
0.0496091 -0.748571 -0.954265 0.0638012 0.326088
0.0581805 -0.739999 -0.953705 0.0669721 0.413784
0.0667519 -0.731428 -0.953114 0.0708946 0.501481
0.0753233 -0.722857 -0.952487 0.0755689 0.589177
0.0838948 -0.714285 -0.951817 0.0809948 0.676823
0.0924662 -0.705714 -0.9511 0.0861277 0.520864
0.101038 -0.697142 -0.950344 0.0899239 0.364906
0.109609 -0.688571 -0.949562 0.0923833 0.208947
0.11818 -0.679999 -0.948764 0.0935059 0.0529889
0.126752 -0.671428 -0.947963 0.0932917 -0.10297
0.135323 -0.662857 -0.947169 0.0917407 -0.258928
0.143895 -0.654285 -0.946394 0.0888529 -0.414887
0.152466 -0.645714 -0.945649 0.0846283 -0.570845
0.161038 -0.637142 -0.944947 0.079067 -0.726804
0.169609 -0.628571 -0.944298 0.0721688 -0.882762
0.17818 -0.619999 -0.943714 0.0639339 -1.03872
0.186752 -0.611428 -0.943206 0.0543622 -1.19468
0.195323 -0.602857 -0.942785 0.0434537 -1.35064
0.203895 -0.594285 -0.942465 0.0312084 -1.5066
0.212466 -0.585714 -0.942254 0.0176263 -1.66255
0.221038 -0.577142 -0.942166 0.00270748 -1.81851
0.229609 -0.568571 -0.942212 -0.0133324 -1.82342
0.23818 -0.559999 -0.942389 -0.0276878 -1.52619
0.246752 -0.551428 -0.942679 -0.0394957 -1.22897
0.255323 -0.542857 -0.943059 -0.0487559 -0.931745
0.263895 -0.534285 -0.943507 -0.0554685 -0.634522
0.272466 -0.525714 -0.944003 -0.0596334 -0.337298
0.281038 -0.517142 -0.944522 -0.0612507 -0.0400746
0.289609 -0.508571 -0.945045 -0.0603204 0.257149
0.29818 -0.499999 -0.945549 -0.0568424 0.554372
0.306752 -0.491428 -0.946012 -0.0508169 0.851596
0.315323 -0.482857 -0.946413 -0.0422437 1.14882
0.323895 -0.474285 -0.946729 -0.0311228 1.44604
0.332466 -0.465714 -0.946939 -0.0174543 1.74327
0.341038 -0.457142 -0.947021 -0.00123825 2.04049
0.349609 -0.448571 -0.946953 0.0175255 2.33771
0.35818 -0.439999 -0.946714 0.0388368 2.63494
0.366752 -0.431428 -0.94628 0.0626958 2.93216
0.375323 -0.422857 -0.945634 0.0877179 2.74481
0.383895 -0.414285 -0.944787 0.109404 2.31518
0.392466 -0.405714 -0.943769 0.127407 1.88555
0.401038 -0.397142 -0.942613 0.141727 1.45592
0.409609 -0.388571 -0.94135 0.152365 1.02629
0.41818 -0.379999 -0.940012 0.159321 0.596657
0.426752 -0.371428 -0.938629 0.162594 0.167026
0.435323 -0.362857 -0.937235 0.162184 -0.262605
0.443895 -0.354285 -0.93586 0.158092 -0.692236
0.452466 -0.345714 -0.934535 0.150317 -1.12187
0.461038 -0.337142 -0.933293 0.13886 -1.5515
0.469609 -0.328571 -0.932165 0.12372 -1.98113
0.47818 -0.319999 -0.931183 0.104898 -2.41076
0.486752 -0.311428 -0.930378 0.0823928 -2.84039
0.495323 -0.302857 -0.929781 0.0562054 -3.27002
0.503895 -0.294285 -0.929425 0.0263353 -3.69965
0.512466 -0.285714 -0.92934 -0.00721725 -4.12928
0.521038 -0.277142 -0.929549 -0.0408689 -3.72258
0.529609 -0.268571 -0.930031 -0.0710329 -3.3157
0.53818 -0.259999 -0.930756 -0.0977095 -2.90882
0.546752 -0.251428 -0.931696 -0.120898 -2.50195
0.555323 -0.242857 -0.932819 -0.1406 -2.09507
0.563895 -0.234285 -0.934096 -0.156814 -1.68819
0.572466 -0.225714 -0.935497 -0.16954 -1.28131
0.581038 -0.217142 -0.936992 -0.178779 -0.874433
0.589609 -0.208571 -0.938552 -0.184531 -0.467554
0.59818 -0.199999 -0.940146 -0.186794 -0.060676
0.606752 -0.191428 -0.941744 -0.185571 0.346202
0.615323 -0.182857 -0.943317 -0.18086 0.753081
0.623895 -0.174285 -0.944835 -0.172661 1.15996
0.632466 -0.165714 -0.946267 -0.160975 1.56684
0.641038 -0.157142 -0.947584 -0.145801 1.97372
0.649609 -0.148571 -0.948757 -0.127139 2.38059
0.65818 -0.139999 -0.949754 -0.105241 2.61227
0.666752 -0.131428 -0.950562 -0.0833607 2.49304
0.675323 -0.122857 -0.951186 -0.0625028 2.37382
0.683895 -0.114285 -0.951636 -0.0426667 2.25459
0.692466 -0.105714 -0.95192 -0.0238527 2.13536
0.701038 -0.0971423 -0.952048 -0.00606051 2.01614
0.709609 -0.0885709 -0.952027 0.0107097 1.89691
0.71818 -0.0799994 -0.951867 0.026458 1.77768
0.726752 -0.071428 -0.951577 0.0411843 1.65846
0.735323 -0.0628566 -0.951164 0.0548887 1.53923
0.743895 -0.0542852 -0.950639 0.0675711 1.42001
0.752466 -0.0457137 -0.950009 0.0792316 1.30078
0.761038 -0.0371423 -0.949283 0.0898702 1.18155
0.769609 -0.0285709 -0.948471 0.0994868 1.06233
0.77818 -0.0199994 -0.947581 0.108082 0.943101
0.786752 -0.011428 -0.946621 0.115654 0.823874
0.795323 -0.00285659 -0.945601 0.122205 0.704648
0.803895 0.00571484 -0.94453 0.127442 0.483112
0.812466 0.0142863 -0.943423 0.130414 0.210434
0.821038 0.0228577 -0.942301 0.131049 -0.0622442
0.829609 0.0314291 -0.941183 0.129347 -0.334922
0.83818 0.0400006 -0.94009 0.125308 -0.607601
0.846752 0.048572 -0.939041 0.118931 -0.880279
0.855323 0.0571434 -0.938058 0.110217 -1.15296
0.863895 0.0657148 -0.937159 0.0991659 -1.42564
0.872466 0.0742863 -0.936364 0.0857776 -1.69831
0.881038 0.0828577 -0.935695 0.070052 -1.97099
0.889609 0.0914291 -0.93517 0.0519891 -2.24367
0.89818 0.100001 -0.93481 0.0315891 -2.51635
0.906752 0.108572 -0.934635 0.00885175 -2.78903
0.915323 0.117143 -0.934665 -0.0162228 -3.0617
0.923895 0.125715 -0.93492 -0.0436346 -3.33438
0.932466 0.134286 -0.93542 -0.0733836 -3.60706
0.941038 0.142858 -0.936185 -0.10547 -3.87974
0.949609 0.151429 -0.937226 -0.136881 -3.44937
0.95818 0.160001 -0.938521 -0.164602 -3.01888
0.966752 0.168572 -0.940037 -0.188633 -2.58839
0.975323 0.177143 -0.941744 -0.208974 -2.1579
0.983895 0.185715 -0.943609 -0.225626 -1.72741
0.992466 0.194286 -0.945601 -0.238587 -1.29693
1.00104 0.202858 -0.947689 -0.247859 -0.866439
1.00961 0.211429 -0.94984 -0.25344 -0.435951
1.01818 0.220001 -0.952023 -0.255332 -0.005463
1.02675 0.228572 -0.954206 -0.253534 0.425025
1.03532 0.237143 -0.956359 -0.248046 0.855513
1.04389 0.245715 -0.958448 -0.238868 1.286
1.05247 0.254286 -0.960443 -0.226 1.71649
1.06104 0.262858 -0.962312 -0.209443 2.14698
1.06961 0.271429 -0.964023 -0.189195 2.57746
1.07818 0.280001 -0.965545 -0.165257 3.00795
1.08675 0.288572 -0.966846 -0.137985 3.18983
1.09532 0.297143 -0.967915 -0.111994 2.87493
1.10389 0.305715 -0.968773 -0.088701 2.56003
1.11247 0.314286 -0.969443 -0.0681075 2.24513
1.12104 0.322858 -0.969949 -0.0502131 1.93023
1.12961 0.331429 -0.970312 -0.0350179 1.61533
1.13818 0.340001 -0.970557 -0.0225218 1.30043
1.14675 0.348572 -0.970706 -0.0127249 0.985526
1.15532 0.357143 -0.970782 -0.00562708 0.670626
1.16389 0.365715 -0.97081 -0.00122843 0.355726
1.17247 0.374286 -0.970811 0.000471079 0.0408258
1.18104 0.382858 -0.970809 -0.000528557 -0.274074
1.18961 0.391429 -0.970828 -0.00422734 -0.588974
1.19818 0.400001 -0.97089 -0.0106253 -0.903874
1.20675 0.408572 -0.971018 -0.0197223 -1.21877
1.21532 0.417143 -0.971235 -0.0315185 -1.53367
1.22389 0.425715 -0.971566 -0.0460139 -1.84857
1.23247 0.434286 -0.97203 -0.0622769 -1.83744
1.24104 0.442858 -0.972629 -0.0772799 -1.66327
1.24961 0.451429 -0.973351 -0.09079 -1.4891
1.25818 0.460001 -0.974182 -0.102807 -1.31493
1.26675 0.468572 -0.975109 -0.113332 -1.14076
1.27532 0.477143 -0.97612 -0.122363 -0.966592
1.28389 0.485715 -0.977202 -0.129902 -0.792423
1.29247 0.494286 -0.978343 -0.135948 -0.618254
1.30104 0.502858 -0.979529 -0.1405 -0.444085
1.30961 0.511429 -0.980747 -0.14356 -0.269916
1.31818 0.520001 -0.981985 -0.145128 -0.0957475
1.32675 0.528572 -0.983231 -0.145202 0.0784213
1.33532 0.537143 -0.98447 -0.143783 0.25259
1.34389 0.545715 -0.985691 -0.140872 0.426759
1.35247 0.554286 -0.986881 -0.136467 0.600928
1.36104 0.562858 -0.988026 -0.13057 0.775097
1.36961 0.571429 -0.989115 -0.12318 0.949265
1.37818 0.580001 -0.990137 -0.115556 0.829666
1.38675 0.588572 -0.991099 -0.108957 0.710067
1.39532 0.597143 -0.992008 -0.103383 0.590468
1.40389 0.605715 -0.992874 -0.0988348 0.470869
1.41247 0.614286 -0.993705 -0.0953114 0.35127
1.42104 0.622858 -0.994511 -0.0928131 0.23167
1.42961 0.631429 -0.995299 -0.0913399 0.112071
1.43818 0.640001 -0.99608 -0.0908919 -0.0075279
1.44675 0.648572 -0.996861 -0.0914689 -0.127127
1.45532 0.657143 -0.997651 -0.0930712 -0.246726
1.46389 0.665715 -0.998459 -0.0956985 -0.366325
1.47247 0.674286 -0.999294 -0.099351 -0.485925
1.48104 0.682858 -1.00017 -0.104029 -0.605524
1.48961 0.691429 -1.00108 -0.109731 -0.725123
1.49818 0.700001 -1.00205 -0.116459 -0.844722
1.50675 0.708572 -1.00308 -0.124212 -0.964321
1.51532 0.717143 -1.00418 -0.13288 -1.00677
1.52389 0.725715 -1.00536 -0.14103 -0.89476
1.53247 0.734286 -1.0066 -0.148219 -0.782753
1.54104 0.742858 -1.00789 -0.154448 -0.670745
1.54961 0.751429 -1.00924 -0.159718 -0.558737
1.55818 0.76 -1.01063 -0.164027 -0.446729
1.56675 0.768572 -1.01205 -0.167376 -0.334721
1.57532 0.777143 -1.0135 -0.169765 -0.222713
1.58389 0.785715 -1.01496 -0.171194 -0.110705
1.59247 0.794286 -1.01643 -0.171663 0.00130236
1.60104 0.802858 -1.0179 -0.171171 0.11331
1.60961 0.811429 -1.01936 -0.16972 0.225318
1.61818 0.82 -1.0208 -0.167309 0.337326
1.62675 0.828572 -1.02222 -0.163937 0.449334
1.63532 0.837143 -1.02361 -0.159606 0.561342
1.64389 0.845715 -1.02496 -0.154314 0.673349
1.65247 0.854286 -1.02625 -0.148063 0.785357
1.66104 0.862858 -1.02749 -0.141194 0.777402
1.66961 0.871429 -1.02868 -0.134822 0.709378
1.67818 0.88 -1.02981 -0.129033 0.641355
1.68675 0.888572 -1.03089 -0.123827 0.573332
1.69532 0.897143 -1.03193 -0.119204 0.505309
1.70389 0.905715 -1.03294 -0.115165 0.437286
1.71247 0.914286 -1.03391 -0.111708 0.369263
1.72104 0.922858 -1.03485 -0.108835 0.30124
1.72961 0.931429 -1.03578 -0.106544 0.233217
1.73818 0.94 -1.03668 -0.104837 0.165194
1.74675 0.948572 -1.03757 -0.103712 0.0971705
1.75532 0.957143 -1.03846 -0.103171 0.0291474
1.76389 0.965715 -1.03934 -0.103212 -0.0388757
1.77247 0.974286 -1.04023 -0.103837 -0.106899
1.78104 0.982858 -1.04113 -0.105045 -0.174922
1.78961 0.991429 -1.04203 -0.106836 -0.242945
1.79818 1 -1.04296 -0.10921 -0.310966
1.80675 1.00857 -1.04391 -0.111937 -0.325398
1.81532 1.01714 -1.04488 -0.114788 -0.339831
1.82389 1.02571 -1.04587 -0.117763 -0.354264
1.83247 1.03429 -1.0469 -0.120861 -0.368697
1.84104 1.04286 -1.04795 -0.124083 -0.38313
1.84961 1.05143 -1.04902 -0.127429 -0.397563
1.85818 1.06 -1.05013 -0.130899 -0.411996
1.86675 1.06857 -1.05127 -0.134492 -0.426428
1.87532 1.07714 -1.05244 -0.138209 -0.440861
1.88389 1.08571 -1.05364 -0.14205 -0.455294
1.89247 1.09429 -1.05487 -0.146014 -0.469727
1.90104 1.10286 -1.05614 -0.150102 -0.48416
1.90961 1.11143 -1.05745 -0.154314 -0.498593
1.91818 1.12 -1.05879 -0.158649 -0.513026
1.92675 1.12857 -1.06017 -0.163108 -0.527458
1.93532 1.13714 -1.06158 -0.167691 -0.541891
1.94389 1.14571 -1.06304 -0.172352 -0.524031
1.95247 1.15429 -1.06454 -0.17649 -0.441537
1.96104 1.16286 -1.06607 -0.179921 -0.359043
1.96961 1.17143 -1.06762 -0.182645 -0.276548
1.97818 1.18 -1.06919 -0.184662 -0.194054
1.98675 1.18857 -1.07078 -0.185972 -0.111559
1.99532 1.19714 -1.07238 -0.186574 -0.029065
2.00389 1.20571 -1.07398 -0.18647 0.0534293
2.01247 1.21429 -1.07558 -0.185658 0.135924
2.02104 1.22286 -1.07716 -0.18414 0.218418
2.02961 1.23143 -1.07873 -0.181914 0.300913
2.03818 1.24 -1.08028 -0.178981 0.383407
2.04675 1.24857 -1.0818 -0.175341 0.465901
2.05532 1.25714 -1.08328 -0.170995 0.548396
2.06389 1.26571 -1.08473 -0.16594 0.63089
2.07247 1.27429 -1.08612 -0.160179 0.713384
2.08104 1.28286 -1.08747 -0.153711 0.795879
2.08961 1.29143 -1.08876 -0.146903 0.749699
2.09818 1.3 -1.08999 -0.140951 0.639239
2.10675 1.30857 -1.09118 -0.135945 0.52878
2.11532 1.31714 -1.09232 -0.131886 0.41832
2.12389 1.32571 -1.09344 -0.128774 0.307861
2.13247 1.33429 -1.09453 -0.126608 0.197401
2.14104 1.34286 -1.09561 -0.12539 0.0869415
2.14961 1.35143 -1.09669 -0.125118 -0.0235181
2.15818 1.36 -1.09776 -0.125793 -0.133978
2.16675 1.36857 -1.09885 -0.127415 -0.244437
2.17532 1.37714 -1.09995 -0.129983 -0.354897
2.18389 1.38571 -1.10108 -0.133499 -0.465357
2.19247 1.39429 -1.10224 -0.137961 -0.575816
2.20104 1.40286 -1.10344 -0.14337 -0.686276
2.20961 1.41143 -1.1047 -0.149726 -0.796735
2.21818 1.42 -1.10601 -0.157028 -0.907195
2.22675 1.42857 -1.10739 -0.165277 -1.01765
2.23532 1.43714 -1.10885 -0.173654 -0.936773
2.24389 1.44571 -1.11037 -0.181336 -0.855889
2.25247 1.45429 -1.11195 -0.188326 -0.775004
2.26104 1.46286 -1.1136 -0.194622 -0.694119
2.26961 1.47143 -1.11529 -0.200225 -0.613234
2.27818 1.48 -1.11703 -0.205135 -0.532349
2.28675 1.48857 -1.1188 -0.209351 -0.451464
2.29532 1.49714 -1.12061 -0.212874 -0.370579
2.30389 1.50571 -1.12245 -0.215704 -0.289695
2.31247 1.51429 -1.12431 -0.21784 -0.20881
2.32104 1.52286 -1.12618 -0.219284 -0.127925
2.32961 1.53143 -1.12807 -0.220033 -0.04704
2.33818 1.54 -1.12995 -0.22009 0.0338449
2.34675 1.54857 -1.13184 -0.219453 0.11473
2.35532 1.55714 -1.13371 -0.218123 0.195615
2.36389 1.56571 -1.13557 -0.2161 0.276499
2.37247 1.57429 -1.13742 -0.213431 0.323881
2.38104 1.58286 -1.13923 -0.210739 0.304254
2.38961 1.59143 -1.14103 -0.208215 0.284627
2.39818 1.6 -1.1428 -0.20586 0.265
2.40675 1.60857 -1.14456 -0.203672 0.245373
2.41532 1.61714 -1.14629 -0.201653 0.225746
2.42389 1.62571 -1.14802 -0.199802 0.206119
2.43247 1.63429 -1.14972 -0.19812 0.186492
2.44104 1.64286 -1.15141 -0.196605 0.166865
2.44961 1.65143 -1.15309 -0.195259 0.147238
2.45818 1.66 -1.15476 -0.194081 0.127611
2.46675 1.66857 -1.15642 -0.193072 0.107984
2.47532 1.67714 -1.15807 -0.19223 0.0883574
2.48389 1.68571 -1.15971 -0.191557 0.0687304
2.49247 1.69429 -1.16135 -0.191052 0.0491035
2.50104 1.70286 -1.16299 -0.190715 0.0294766
2.50961 1.71143 -1.16462 -0.190547 0.00984962
2.51818 1.72 -1.16626 -0.190396 0.0427642
2.52675 1.72857 -1.16789 -0.189776 0.101976
2.53532 1.73714 -1.16951 -0.188648 0.161187
2.54389 1.74571 -1.17112 -0.187013 0.220399
2.55247 1.75429 -1.17271 -0.18487 0.27961
2.56104 1.76286 -1.17429 -0.182219 0.338821
2.56961 1.77143 -1.17584 -0.179061 0.398033
2.57818 1.78 -1.17736 -0.175396 0.457244
2.58675 1.78857 -1.17884 -0.171223 0.516456
2.59532 1.79714 -1.18029 -0.166542 0.575667
2.60389 1.80571 -1.18169 -0.161354 0.634879
2.61247 1.81429 -1.18305 -0.155659 0.69409
2.62104 1.82286 -1.18436 -0.149456 0.753302
2.62961 1.83143 -1.18561 -0.142745 0.812513
2.63818 1.84 -1.18681 -0.135527 0.871724
2.64675 1.84857 -1.18794 -0.127801 0.930936
2.65532 1.85714 -1.189 -0.119568 0.990147
2.66389 1.86571 -1.18999 -0.111725 0.839878
2.67247 1.87429 -1.19092 -0.10517 0.689542
2.68104 1.88286 -1.19179 -0.099904 0.539205
2.68961 1.89143 -1.19263 -0.0959266 0.388869
2.69818 1.9 -1.19344 -0.0932377 0.238532
2.70675 1.90857 -1.19423 -0.0918375 0.0881958
2.71532 1.91714 -1.19502 -0.0917258 -0.0621406
2.72389 1.92571 -1.19581 -0.0929027 -0.212477
2.73247 1.93429 -1.19662 -0.0953683 -0.362814
2.74104 1.94286 -1.19745 -0.0991224 -0.51315
2.74961 1.95143 -1.19832 -0.104165 -0.663487
2.75818 1.96 -1.19924 -0.110496 -0.813823
2.76675 1.96857 -1.20022 -0.118116 -0.96416
2.77532 1.97714 -1.20127 -0.127025 -1.1145
2.78389 1.98571 -1.2024 -0.137222 -1.26483
2.79247 1.99429 -1.20362 -0.148708 -1.41517
2.80104 2.00286 -1.20495 -0.161363 -1.48205
2.80961 2.01143 -1.20639 -0.173638 -1.38206
2.81818 2.02 -1.20793 -0.185055 -1.28206
2.82675 2.02857 -1.20956 -0.195616 -1.18207
2.83532 2.03714 -1.21128 -0.205319 -1.08207
2.84389 2.04571 -1.21307 -0.214166 -0.982078
2.85247 2.05429 -1.21495 -0.222155 -0.882083
2.86104 2.06286 -1.21688 -0.229287 -0.782088
2.86961 2.07143 -1.21887 -0.235562 -0.682094
2.87818 2.08 -1.22092 -0.24098 -0.582099
2.88675 2.08857 -1.223 -0.245541 -0.482104
2.89532 2.09714 -1.22512 -0.249245 -0.38211
2.90389 2.10571 -1.22727 -0.252091 -0.282115
2.91247 2.11429 -1.22944 -0.254081 -0.182121
2.92104 2.12286 -1.23163 -0.255213 -0.0821259
2.92961 2.13143 -1.23381 -0.255489 0.0178687
2.93818 2.14 -1.236 -0.254907 0.117863
2.94675 2.14857 -1.23818 -0.253591 0.174935
2.95532 2.15714 -1.24035 -0.251939 0.210529
2.96389 2.16571 -1.2425 -0.249982 0.246122
2.97247 2.17429 -1.24463 -0.24772 0.281716
2.98104 2.18286 -1.24675 -0.245152 0.317309
2.98961 2.19143 -1.24884 -0.24228 0.352903
2.99818 2.2 -1.2509 -0.239103 0.388497
3.00675 2.20857 -1.25293 -0.23562 0.42409
3.01532 2.21714 -1.25494 -0.231833 0.459684
3.02389 2.22571 -1.25691 -0.22774 0.495277
3.03247 2.23429 -1.25884 -0.223342 0.530871
3.04104 2.24286 -1.26073 -0.218639 0.566464
3.04961 2.25143 -1.26259 -0.213631 0.602058
3.05818 2.26 -1.2644 -0.208318 0.637652
3.06675 2.26857 -1.26616 -0.2027 0.673245
3.07532 2.27714 -1.26787 -0.196777 0.708839
3.08389 2.28571 -1.26953 -0.190549 0.744407
3.09247 2.29429 -1.27114 -0.184581 0.648032
3.10104 2.30286 -1.2727 -0.179439 0.551658
3.10961 2.31143 -1.27422 -0.175124 0.455283
3.11818 2.32 -1.2757 -0.171635 0.358909
3.12675 2.32857 -1.27716 -0.168971 0.262534
3.13532 2.33714 -1.2786 -0.167134 0.166159
3.14389 2.34571 -1.28003 -0.166123 0.0697849
3.15247 2.35429 -1.28145 -0.165938 -0.0265896
3.16104 2.36286 -1.28288 -0.166579 -0.122964
3.16961 2.37143 -1.28431 -0.168046 -0.219339
3.17818 2.38 -1.28576 -0.170339 -0.315713
3.18675 2.38857 -1.28723 -0.173458 -0.412088
3.19532 2.39714 -1.28873 -0.177403 -0.508462
3.20389 2.40571 -1.29027 -0.182174 -0.604837
3.21247 2.41429 -1.29186 -0.187772 -0.701212
3.22104 2.42286 -1.2935 -0.194195 -0.797586
3.22961 2.43143 -1.29519 -0.201368 -0.840244
3.23818 2.44 -1.29695 -0.208292 -0.775457
3.24675 2.44857 -1.29876 -0.214661 -0.71067
3.25532 2.45714 -1.30063 -0.220475 -0.645883
3.26389 2.46571 -1.30254 -0.225734 -0.581096
3.27247 2.47429 -1.30449 -0.230437 -0.516309
3.28104 2.48286 -1.30649 -0.234585 -0.451522
3.28961 2.49143 -1.30851 -0.238177 -0.386735
3.29818 2.5 -1.31057 -0.241214 -0.321948
3.30675 2.50857 -1.31265 -0.243696 -0.257161
3.31532 2.51714 -1.31474 -0.245623 -0.192374
3.32389 2.52571 -1.31686 -0.246994 -0.127587
3.33247 2.53429 -1.31898 -0.24781 -0.0627997
3.34104 2.54286 -1.3211 -0.248071 0.00198733
3.34961 2.55143 -1.32323 -0.247776 0.0667744
3.35818 2.56 -1.32535 -0.246926 0.131561
3.36675 2.56857 -1.32746 -0.245521 0.196348
3.37532 2.57714 -1.32956 -0.243674 0.2213
3.38389 2.58571 -1.33164 -0.241755 0.226332
3.39247 2.59429 -1.3337 -0.239794 0.231365
3.40104 2.60286 -1.33575 -0.237789 0.236398
3.40961 2.61143 -1.33778 -0.235741 0.24143
3.41818 2.62 -1.33979 -0.23365 0.246463
3.42675 2.62857 -1.34178 -0.231516 0.251496
3.43532 2.63714 -1.34376 -0.229339 0.256528
3.44389 2.64571 -1.34571 -0.227119 0.261561
3.45247 2.65429 -1.34765 -0.224855 0.266594
3.46104 2.66286 -1.34957 -0.222548 0.271626
3.46961 2.67143 -1.35147 -0.220199 0.276659
3.47818 2.68 -1.35334 -0.217806 0.281692
3.48675 2.68857 -1.3552 -0.21537 0.286725
3.49532 2.69714 -1.35703 -0.21289 0.291757
3.50389 2.70571 -1.35885 -0.210368 0.29679
3.51247 2.71429 -1.36064 -0.207803 0.301823
3.52104 2.72286 -1.36241 -0.20534 0.272766
3.52961 2.73143 -1.36416 -0.203127 0.243701
3.53818 2.74 -1.36589 -0.201162 0.214637
3.54675 2.74857 -1.36761 -0.199447 0.185572
3.55532 2.75714 -1.36931 -0.197981 0.156507
3.56389 2.76571 -1.37101 -0.196764 0.127443
3.57247 2.77429 -1.37269 -0.195796 0.0983782
3.58104 2.78286 -1.37436 -0.195078 0.0693136
3.58961 2.79143 -1.37603 -0.194608 0.040249
3.59818 2.8 -1.3777 -0.194388 0.0111844
3.60675 2.80857 -1.37937 -0.194416 -0.0178802
3.61532 2.81714 -1.38103 -0.194694 -0.0469448
3.62389 2.82571 -1.3827 -0.195221 -0.0760094
3.63247 2.83429 -1.38438 -0.195997 -0.105074
3.64104 2.84286 -1.38606 -0.197022 -0.134139
3.64961 2.85143 -1.38776 -0.198297 -0.163203
3.65818 2.86 -1.38946 -0.199813 -0.186967
3.66675 2.86857 -1.39118 -0.201472 -0.200114
3.67532 2.87714 -1.39292 -0.203243 -0.213261
3.68389 2.88571 -1.39467 -0.205127 -0.226407
3.69247 2.89429 -1.39644 -0.207124 -0.239554
3.70104 2.90286 -1.39822 -0.209234 -0.252701
3.70961 2.91143 -1.40002 -0.211456 -0.265848
3.71818 2.92 -1.40185 -0.213792 -0.278994
3.72675 2.92857 -1.40369 -0.216239 -0.292141
3.73532 2.93714 -1.40555 -0.2188 -0.305288
3.74389 2.94571 -1.40744 -0.221473 -0.318435
3.75247 2.95429 -1.40935 -0.224259 -0.331582
3.76104 2.96286 -1.41128 -0.227157 -0.344728
3.76961 2.97143 -1.41324 -0.230168 -0.357875
3.77818 2.98 -1.41523 -0.233292 -0.371022
3.78675 2.98857 -1.41724 -0.236529 -0.384169
3.79532 2.99714 -1.41929 -0.239878 -0.397315
3.80389 3.00571 -1.42136 -0.243288 -0.392397
3.81247 3.01429 -1.42346 -0.246592 -0.378448
3.82104 3.02286 -1.42558 -0.249776 -0.364499
3.82961 3.03143 -1.42774 -0.25284 -0.35055
3.83818 3.04 -1.42992 -0.255785 -0.336601
3.84675 3.04857 -1.43212 -0.258611 -0.322651
3.85532 3.05714 -1.43435 -0.261316 -0.308702
3.86389 3.06571 -1.4366 -0.263903 -0.294753
3.87247 3.07429 -1.43887 -0.266369 -0.280804
3.88104 3.08286 -1.44117 -0.268716 -0.266855
3.88961 3.09143 -1.44348 -0.270944 -0.252906
3.89818 3.1 -1.44581 -0.273052 -0.238956
3.90675 3.10857 -1.44816 -0.27504 -0.225007
3.91532 3.11714 -1.45053 -0.276909 -0.211058
3.92389 3.12571 -1.45291 -0.278658 -0.197109
3.93247 3.13429 -1.4553 -0.280288 -0.18316
3.94104 3.14286 -1.45771 -0.281798 -0.169211
3.94961 3.15143 -1.46013 -0.28318 -0.153218
3.95818 3.16 -1.46257 -0.284425 -0.137224
3.96675 3.16857 -1.46501 -0.285533 -0.121231
3.97532 3.17714 -1.46746 -0.286503 -0.105238
3.98389 3.18571 -1.46992 -0.287337 -0.0892448
3.99247 3.19429 -1.47239 -0.288033 -0.0732515
4.00104 3.20286 -1.47486 -0.288592 -0.0572583
4.00961 3.21143 -1.47733 -0.289015 -0.041265
4.01818 3.22 -1.47981 -0.2893 -0.0252718
4.02675 3.22857 -1.48229 -0.289448 -0.00927858
4.03532 3.23714 -1.48477 -0.289459 0.00671466
4.04389 3.24571 -1.48725 -0.289333 0.0227079
4.05247 3.25429 -1.48973 -0.28907 0.0387011
4.06104 3.26286 -1.49221 -0.288669 0.0546944
4.06961 3.27143 -1.49468 -0.288132 0.0706876
4.07818 3.28 -1.49715 -0.287457 0.0866808
4.08675 3.28857 -1.49961 -0.286665 0.089689
4.09532 3.29714 -1.50206 -0.285994 0.0667493
4.10389 3.30571 -1.50451 -0.28552 0.0438095
4.11247 3.31429 -1.50696 -0.285243 0.0208697
4.12104 3.32286 -1.5094 -0.285162 -0.00207003
4.12961 3.33143 -1.51185 -0.285279 -0.0250098
4.13818 3.34 -1.51429 -0.285591 -0.0479496
4.14675 3.34857 -1.51674 -0.286101 -0.0708893
4.15532 3.35714 -1.5192 -0.286806 -0.0938291
4.16389 3.36571 -1.52166 -0.287709 -0.116769
4.17247 3.37429 -1.52413 -0.288808 -0.139709
4.18104 3.38286 -1.52661 -0.290104 -0.162648
4.18961 3.39143 -1.5291 -0.291596 -0.185588
4.19818 3.4 -1.53161 -0.293286 -0.208528
4.20675 3.40857 -1.53413 -0.295171 -0.231468
4.21532 3.41714 -1.53667 -0.297254 -0.254407
4.22389 3.42571 -1.53923 -0.299533 -0.277347
4.23247 3.43429 -1.54181 -0.301771 -0.217469
4.24104 3.44286 -1.5444 -0.303201 -0.116176
4.24961 3.45143 -1.547 -0.303763 -0.0148839
4.25818 3.46 -1.5496 -0.303457 0.0864087
4.26675 3.46857 -1.5522 -0.302282 0.187701
4.27532 3.47714 -1.55478 -0.300239 0.288994
4.28389 3.48571 -1.55735 -0.297328 0.390286
4.29247 3.49429 -1.55988 -0.293548 0.491579
4.30104 3.50286 -1.56238 -0.288901 0.592872
4.30961 3.51143 -1.56483 -0.283385 0.694164
4.31818 3.52 -1.56723 -0.277001 0.795457
4.32675 3.52857 -1.56957 -0.269748 0.896749
4.33532 3.53714 -1.57185 -0.261628 0.998042
4.34389 3.54571 -1.57406 -0.252639 1.09933
4.35247 3.55429 -1.57618 -0.242782 1.20063
4.36104 3.56286 -1.57822 -0.232057 1.30192
4.36961 3.57143 -1.58016 -0.220463 1.40321
4.37818 3.58 -1.582 -0.20878 1.32282
4.38675 3.58857 -1.58374 -0.197786 1.24242
4.39532 3.59714 -1.58539 -0.187482 1.16203
4.40389 3.60571 -1.58695 -0.177866 1.08163
4.41247 3.61429 -1.58844 -0.168939 1.00124
4.42104 3.62286 -1.58985 -0.160702 0.920844
4.42961 3.63143 -1.5912 -0.153153 0.840449
4.43818 3.64 -1.59248 -0.146294 0.760054
4.44675 3.64857 -1.59371 -0.140124 0.679659
4.45532 3.65714 -1.59488 -0.134643 0.599264
4.46389 3.66571 -1.59602 -0.129851 0.518869
4.47247 3.67429 -1.59711 -0.125748 0.438474
4.48104 3.68286 -1.59817 -0.122334 0.358079
4.48961 3.69143 -1.59921 -0.119609 0.277684
4.49818 3.7 -1.60023 -0.117574 0.197289
4.50675 3.70857 -1.60123 -0.116227 0.116894
4.51532 3.71714 -1.60222 -0.115535 0.0609093
4.52389 3.72571 -1.60321 -0.115044 0.0537959
4.53247 3.73429 -1.60419 -0.114613 0.0466824
4.54104 3.74286 -1.60517 -0.114243 0.039569
4.54961 3.75143 -1.60615 -0.113935 0.0324555
4.55818 3.76 -1.60713 -0.113687 0.025342
4.56675 3.76857 -1.6081 -0.1135 0.0182286
4.57532 3.77714 -1.60907 -0.113374 0.0111151
4.58389 3.78571 -1.61004 -0.11331 0.00400166
4.59247 3.79429 -1.61102 -0.113306 -0.0031118
4.60104 3.80286 -1.61199 -0.113363 -0.0102253
4.60961 3.81143 -1.61296 -0.113481 -0.0173387
4.61818 3.82 -1.61393 -0.11366 -0.0244522
4.62675 3.82857 -1.61491 -0.1139 -0.0315656
4.63532 3.83714 -1.61589 -0.114201 -0.0386791
4.64389 3.84571 -1.61687 -0.114563 -0.0457926
4.65247 3.85429 -1.61785 -0.114986 -0.052906
4.66104 3.86286 -1.61884 -0.115354 -0.0194339
4.66961 3.87143 -1.61983 -0.11529 0.0343613
4.67818 3.88 -1.62081 -0.114765 0.0881564
4.68675 3.88857 -1.62179 -0.113779 0.141952
4.69532 3.89714 -1.62276 -0.112332 0.195747
4.70389 3.90571 -1.62372 -0.110424 0.249542
4.71247 3.91429 -1.62465 -0.108054 0.303337
4.72104 3.92286 -1.62557 -0.105223 0.357132
4.72961 3.93143 -1.62646 -0.101932 0.410927
4.73818 3.94 -1.62731 -0.098179 0.464722
4.74675 3.94857 -1.62814 -0.0939651 0.518518
4.75532 3.95714 -1.62892 -0.0892901 0.572313
4.76389 3.96571 -1.62967 -0.084154 0.626108
4.77247 3.97429 -1.63036 -0.0785568 0.679903
4.78104 3.98286 -1.63101 -0.0724985 0.733698
4.78961 3.99143 -1.63161 -0.0659792 0.787493
4.79818 4 -1.63214 -0.0589987 0.841283
4.80675 4.00857 -1.63262 -0.0522655 0.72978
4.81532 4.01714 -1.63304 -0.0464881 0.618277
4.82389 4.02571 -1.63342 -0.0416665 0.506775
4.83247 4.03429 -1.63376 -0.0378006 0.395272
4.84104 4.04286 -1.63407 -0.0348904 0.28377
4.84961 4.05143 -1.63436 -0.032936 0.172267
4.85818 4.06 -1.63464 -0.0319372 0.0607646
4.86675 4.06857 -1.63491 -0.0318943 -0.0507379
4.87532 4.07714 -1.63519 -0.032807 -0.16224
4.88389 4.08571 -1.63547 -0.0346755 -0.273743
4.89247 4.09429 -1.63578 -0.0374998 -0.385246
4.90104 4.10286 -1.63612 -0.0412797 -0.496748
4.90961 4.11143 -1.63649 -0.0460155 -0.608251
4.91818 4.12 -1.63691 -0.0517069 -0.719753
4.92675 4.12857 -1.63738 -0.0583541 -0.831256
4.93532 4.13714 -1.63791 -0.065957 -0.942758
4.94389 4.14571 -1.63852 -0.0744168 -0.985021
4.95247 4.15429 -1.63919 -0.082447 -0.888689
4.96104 4.16286 -1.63993 -0.0896515 -0.792357
4.96961 4.17143 -1.64072 -0.0960302 -0.696025
4.97818 4.18 -1.64157 -0.101583 -0.599694
4.98675 4.18857 -1.64246 -0.106311 -0.503362
4.99532 4.19714 -1.64339 -0.110212 -0.40703
5.00389 4.20571 -1.64435 -0.113288 -0.310698
5.01247 4.21429 -1.64533 -0.115539 -0.214367
5.02104 4.22286 -1.64633 -0.116963 -0.118035
5.02961 4.23143 -1.64733 -0.117562 -0.021703
5.03818 4.24 -1.64834 -0.117335 0.0746288
5.04675 4.24857 -1.64934 -0.116283 0.170961
5.05532 4.25714 -1.65033 -0.114405 0.267292
5.06389 4.26571 -1.6513 -0.111701 0.363624
5.07247 4.27429 -1.65224 -0.108171 0.459956
5.08104 4.28286 -1.65315 -0.103816 0.556288
5.08961 4.29143 -1.65402 -0.0990767 0.497918
5.09818 4.3 -1.65485 -0.0953902 0.362263
5.10675 4.30857 -1.65566 -0.0928665 0.226607
5.11532 4.31714 -1.65645 -0.0915055 0.0909519
5.12389 4.32571 -1.65723 -0.0913073 -0.0447035
5.13247 4.33429 -1.65802 -0.0922719 -0.180359
5.14104 4.34286 -1.65882 -0.0943992 -0.316014
5.14961 4.35143 -1.65964 -0.0976893 -0.45167
5.15818 4.36 -1.6605 -0.102142 -0.587325
5.16675 4.36857 -1.66139 -0.107758 -0.722981
5.17532 4.37714 -1.66235 -0.114536 -0.858636
5.18389 4.38571 -1.66336 -0.122477 -0.994292
5.19247 4.39429 -1.66445 -0.131581 -1.12995
5.20104 4.40286 -1.66562 -0.141848 -1.2656
5.20961 4.41143 -1.66688 -0.153277 -1.40126
5.21818 4.42 -1.66825 -0.165869 -1.53691
5.22675 4.42857 -1.66973 -0.179624 -1.67257
5.23532 4.43714 -1.67133 -0.193407 -1.54332
5.24389 4.44571 -1.67304 -0.206081 -1.41406
5.25247 4.45429 -1.67486 -0.217648 -1.2848
5.26104 4.46286 -1.67677 -0.228106 -1.15553
5.26961 4.47143 -1.67877 -0.237457 -1.02627
5.27818 4.48 -1.68084 -0.245699 -0.897013
5.28675 4.48857 -1.68298 -0.252834 -0.767752
5.29532 4.49714 -1.68517 -0.258861 -0.638492
5.30389 4.50571 -1.68741 -0.26378 -0.509231
5.31247 4.51429 -1.68969 -0.267591 -0.37997
5.32104 4.52286 -1.69199 -0.270293 -0.250709
5.32961 4.53143 -1.69432 -0.271888 -0.121449
5.33818 4.54 -1.69665 -0.272375 0.00781226
5.34675 4.54857 -1.69899 -0.271754 0.137073
5.35532 4.55714 -1.70131 -0.270026 0.266334
5.36389 4.56571 -1.70361 -0.267189 0.395595
5.37247 4.57429 -1.70589 -0.263235 0.531388
5.38104 4.58286 -1.70812 -0.258042 0.680247
5.38961 4.59143 -1.71031 -0.251573 0.829106
5.39818 4.6 -1.71243 -0.243829 0.977965
5.40675 4.60857 -1.71448 -0.234808 1.12682
5.41532 4.61714 -1.71645 -0.224512 1.27568
5.42389 4.62571 -1.71833 -0.212939 1.42454
5.43247 4.63429 -1.7201 -0.200091 1.5734
5.44104 4.64286 -1.72175 -0.185967 1.72226
5.44961 4.65143 -1.72328 -0.170567 1.87112
5.45818 4.66 -1.72467 -0.15389 2.01998
5.46675 4.66857 -1.72592 -0.135938 2.16884
5.47532 4.67714 -1.727 -0.11671 2.3177
5.48389 4.68571 -1.72791 -0.0962065 2.46655
5.49247 4.69429 -1.72865 -0.0744266 2.61541
5.50104 4.70286 -1.72919 -0.0513708 2.76427
5.50961 4.71143 -1.72952 -0.0270391 2.91313
5.51818 4.72 -1.72965 -0.00243617 2.71021
5.52675 4.72857 -1.72957 0.01917 2.33122
5.53532 4.73714 -1.72933 0.0375276 1.95223
5.54389 4.74571 -1.72894 0.0526368 1.57324
5.55247 4.75429 -1.72844 0.0644975 1.19425
5.56104 4.76286 -1.72784 0.0731097 0.815259
5.56961 4.77143 -1.72719 0.0784734 0.436268
5.57818 4.78 -1.72651 0.0805886 0.0572776
5.58675 4.78857 -1.72582 0.0794553 -0.321713
5.59532 4.79714 -1.72515 0.0750735 -0.700704
5.60389 4.80571 -1.72454 0.0674432 -1.07969
5.61247 4.81429 -1.72401 0.0565644 -1.45869
5.62104 4.82286 -1.72358 0.0424372 -1.83768
5.62961 4.83143 -1.72329 0.0250614 -2.21667
5.63818 4.84 -1.72316 0.00443714 -2.59566
5.64675 4.84857 -1.72322 -0.0194356 -2.97465
5.65532 4.85714 -1.7235 -0.0465568 -3.35364
5.66389 4.86571 -1.72402 -0.0747459 -3.22364
5.67247 4.87429 -1.72478 -0.101819 -3.09347
5.68104 4.88286 -1.72577 -0.127777 -2.9633
5.68961 4.89143 -1.72697 -0.152619 -2.83313
5.69818 4.9 -1.72838 -0.176345 -2.70296
5.70675 4.90857 -1.72999 -0.198955 -2.57279
5.71532 4.91714 -1.73179 -0.22045 -2.44261
5.72389 4.92571 -1.73376 -0.240828 -2.31244
5.73247 4.93429 -1.73591 -0.260091 -2.18227
5.74104 4.94286 -1.73822 -0.278239 -2.0521
5.74961 4.95143 -1.74068 -0.29527 -1.92193
5.75818 4.96 -1.74328 -0.311186 -1.79176
5.76675 4.96857 -1.74601 -0.325986 -1.66159
5.77532 4.97714 -1.74886 -0.339671 -1.53142
5.78389 4.98571 -1.75183 -0.352239 -1.40125
5.79247 4.99429 -1.7549 -0.363692 -1.27108
5.80104 5.00286 -1.75806 -0.373944 -1.08138
5.80961 5.01143 -1.7613 -0.38189 -0.77264
5.81818 5.02 -1.7646 -0.387189 -0.463902
5.82675 5.02857 -1.76793 -0.389842 -0.155164
5.83532 5.03714 -1.77128 -0.389849 0.153575
5.84389 5.04571 -1.77461 -0.38721 0.462313
5.85247 5.05429 -1.77791 -0.381924 0.771052
5.86104 5.06286 -1.78115 -0.373992 1.07979
5.86961 5.07143 -1.78431 -0.363413 1.38853
5.87818 5.08 -1.78737 -0.350188 1.69727
5.88675 5.08857 -1.79031 -0.334317 2.00601
5.89532 5.09714 -1.79309 -0.3158 2.31474
5.90389 5.10571 -1.79571 -0.294636 2.62348
5.91247 5.11429 -1.79814 -0.270826 2.93222
5.92104 5.12286 -1.80035 -0.244369 3.24096
5.92961 5.13143 -1.80232 -0.215266 3.5497
5.93818 5.14 -1.80403 -0.183517 3.85844
5.94675 5.14857 -1.80546 -0.15018 3.79669
5.95532 5.15714 -1.80661 -0.118696 3.54955
5.96389 5.16571 -1.8075 -0.0893306 3.30241
5.97247 5.17429 -1.80815 -0.0620834 3.05527
5.98104 5.18286 -1.80857 -0.0369545 2.80813
5.98961 5.19143 -1.80879 -0.013944 2.56099
5.99818 5.2 -1.80882 0.00694817 2.31385
6.00675 5.20857 -1.80867 0.025722 2.06671
6.01532 5.21714 -1.80838 0.0423775 1.81957
6.02389 5.22571 -1.80795 0.0569146 1.57243
6.03247 5.23429 -1.80741 0.0693334 1.32529
6.04104 5.24286 -1.80677 0.0796339 1.07815
6.04961 5.25143 -1.80605 0.087816 0.831009
6.05818 5.26 -1.80527 0.0938797 0.583869
6.06675 5.26857 -1.80445 0.0978252 0.336728
6.07532 5.27714 -1.8036 0.0996522 0.0895882
6.08389 5.28571 -1.80275 0.099361 -0.157667
6.09247 5.29429 -1.80191 0.094206 -1.04516
6.10104 5.30286 -1.80115 0.0814439 -1.93265
6.10961 5.31143 -1.80054 0.0610748 -2.82015
6.11818 5.32 -1.80013 0.0330985 -3.70764
6.12675 5.32857 -1.79999 -0.00248479 -4.59513
6.13532 5.33714 -1.80019 -0.0456752 -5.48263
6.14389 5.34571 -1.8008 -0.0964727 -6.37012
6.15247 5.35429 -1.80187 -0.154877 -7.25761
6.16104 5.36286 -1.80347 -0.220889 -8.14511
6.16961 5.37143 -1.80568 -0.294508 -9.0326
6.17818 5.38 -1.80854 -0.375734 -9.92009
6.18675 5.38857 -1.81214 -0.464566 -10.8076
6.19532 5.39714 -1.81653 -0.561006 -11.6951
6.20389 5.40571 -1.82178 -0.665054 -12.5826
6.21247 5.41429 -1.82795 -0.776708 -13.4701
6.22104 5.42286 -1.83511 -0.895969 -14.3576
6.22961 5.43143 -1.84333 -1.0205 -13.6077
6.23818 5.44 -1.85253 -1.11988 -9.58245
6.24675 5.44857 -1.86243 -1.18477 -5.55723
6.25532 5.45714 -1.87274 -1.21515 -1.53202
6.26389 5.46571 -1.88316 -1.21103 2.4932
6.27247 5.47429 -1.8934 -1.17241 6.51841
6.28104 5.48286 -1.90316 -1.09929 10.5436
6.28961 5.49143 -1.91215 -0.991663 14.5688
6.29818 5.5 -1.92006 -0.849536 18.5941
6.30675 5.50857 -1.92661 -0.672908 22.6193
6.31532 5.51714 -1.9315 -0.461777 26.6445
6.32389 5.52571 -1.93443 -0.216145 30.6697
6.33247 5.53429 -1.93511 0.0639892 34.6949
6.34104 5.54286 -1.93323 0.378625 38.7201
6.34961 5.55143 -1.92852 0.727763 42.7454
6.35818 5.56 -1.92066 1.1114 46.7706
6.36675 5.56857 -1.90937 1.52954 50.7958
6.37532 5.57714 -1.8944 1.95087 43.8598
6.38389 5.58571 -1.87622 2.2736 31.4428
6.39247 5.59429 -1.85573 2.48989 19.0257
6.40104 5.60286 -1.83384 2.59975 6.60863
6.40961 5.61143 -1.81147 2.60318 -5.80844
6.41818 5.62 -1.78952 2.50018 -18.2255
6.42675 5.62857 -1.76891 2.29074 -30.6426
6.43532 5.63714 -1.75055 1.97488 -43.0596
6.44389 5.64571 -1.73536 1.55258 -55.4767
6.45247 5.65429 -1.72424 1.02385 -67.8938
6.46104 5.66286 -1.71811 0.388685 -80.3109
6.46961 5.67143 -1.71788 -0.35291 -92.7279
6.47818 5.68 -1.72447 -1.20094 -105.145
6.48675 5.68857 -1.73877 -2.1554 -117.562
6.49532 5.69714 -1.76172 -3.21629 -129.979
6.50389 5.70571 -1.79421 -4.38361 -142.396
6.51247 5.71429 -1.83717 -5.65736 -154.813
6.52104 5.72286 -1.89109 -6.89231 -133.333
6.52961 5.73143 -1.9548 -7.94307 -111.844
6.53818 5.74 -2.02673 -8.80964 -90.3556
6.54675 5.74857 -2.10529 -9.49202 -68.867
6.55532 5.75714 -2.18892 -9.99022 -47.3785
6.56389 5.76571 -2.27603 -10.3042 -25.8899
6.57247 5.77429 -2.36504 -10.434 -4.40132
6.58104 5.78286 -2.45437 -10.3797 17.0873
6.58961 5.79143 -2.54245 -10.1411 38.5758
6.59818 5.8 -2.62769 -9.71838 60.0644
6.60675 5.80857 -2.70852 -9.11144 81.553
6.61532 5.81714 -2.78336 -8.32032 103.042
6.62389 5.82571 -2.85063 -7.34502 124.53
6.63247 5.83429 -2.90875 -6.18552 146.019
6.64104 5.84286 -2.95614 -4.84184 167.507
6.64961 5.85143 -2.99123 -3.31397 188.996
6.65818 5.86 -3.01245 -1.62056 197.414
6.66675 5.86857 -3.0193 -0.00457247 179.651
6.67532 5.87714 -3.01296 1.45916 161.887
6.68389 5.88571 -2.99472 2.77064 144.124
6.69247 5.89429 -2.9659 3.92986 126.361
6.70104 5.90286 -2.92779 4.93683 108.598
6.70961 5.91143 -2.8817 5.79154 90.8346
6.71818 5.92 -2.82894 6.49399 73.0714
6.72675 5.92857 -2.77081 7.04419 55.3082
6.73532 5.93714 -2.70862 7.44213 37.545
6.74389 5.94571 -2.64367 7.68782 19.7818
6.75247 5.95429 -2.57726 7.78125 2.01857
6.76104 5.96286 -2.51071 7.72242 -15.7446
6.76961 5.97143 -2.44531 7.51134 -33.5078
6.77818 5.98 -2.38238 7.148 -51.2711
6.78675 5.98857 -2.32321 6.63241 -69.0343
6.79532 5.99714 -2.26911 5.96456 -86.7975
6.80389 6.00571 -2.22131 5.18877 -89.0489
6.81247 6.01429 -2.18004 4.44908 -83.5454
6.82104 6.02286 -2.14491 3.75657 -78.0418
6.82961 6.03143 -2.11551 3.11122 -72.5383
6.83818 6.04 -2.09144 2.51305 -67.0348
6.84675 6.04857 -2.07229 1.96206 -61.5312
6.85532 6.05714 -2.05767 1.45823 -56.0277
6.86389 6.06571 -2.04716 1.00158 -50.5242
6.87247 6.07429 -2.04036 0.592104 -45.0207
6.88104 6.08286 -2.03687 0.229799 -39.5171
6.88961 6.09143 -2.03629 -0.0853326 -34.0136
6.89818 6.1 -2.0382 -0.353291 -28.5101
6.90675 6.10857 -2.04221 -0.574077 -23.0065
6.91532 6.11714 -2.04791 -0.747689 -17.503
6.92389 6.12571 -2.05489 -0.874128 -11.9995
6.93247 6.13429 -2.06276 -0.953395 -6.49596
6.94104 6.14286 -2.0711 -0.985488 -0.992436
6.94961 6.15143 -2.07955 -0.981103 2.01506
6.95818 6.16 -2.08785 -0.950944 5.02208
6.96675 6.16857 -2.09578 -0.89501 8.02911
6.97532 6.17714 -2.10312 -0.813302 11.0361
6.98389 6.18571 -2.10964 -0.705819 14.0432
6.99247 6.19429 -2.11514 -0.572562 17.0502
7.00104 6.20286 -2.11939 -0.413531 20.0572
7.00961 6.21143 -2.12216 -0.228725 23.0642
7.01818 6.22 -2.12323 -0.0181442 26.0712
7.02675 6.22857 -2.12239 0.218211 29.0783
7.03532 6.23714 -2.11942 0.48034 32.0853
7.04389 6.24571 -2.11409 0.768244 35.0923
7.05247 6.25429 -2.10618 1.08192 38.0993
7.06104 6.26286 -2.09547 1.42138 41.1064
7.06961 6.27143 -2.08174 1.7866 44.1134
7.07818 6.28 -2.06476 2.1776 47.1204
7.08675 6.28857 -2.04434 2.58919 46.4922
7.09532 6.29714 -2.02053 2.95386 38.5992
7.10389 6.30571 -1.99389 3.25089 30.7062
7.11247 6.31429 -1.965 3.48025 22.8132
7.12104 6.32286 -1.93442 3.64197 14.9203
7.12961 6.33143 -1.90276 3.73603 7.02728
7.13818 6.34 -1.87057 3.76244 -0.865697
7.14675 6.34857 -1.83845 3.72119 -8.75867
7.15532 6.35714 -1.80697 3.61229 -16.6517
7.16389 6.36571 -1.77672 3.43573 -24.5446
7.17247 6.37429 -1.74827 3.19152 -32.4376
7.18104 6.38286 -1.7222 2.87966 -40.3306
7.18961 6.39143 -1.69909 2.50014 -48.2236
7.19818 6.4 -1.67953 2.05297 -56.1165
7.20675 6.40857 -1.66409 1.53814 -64.0095
7.21532 6.41714 -1.65336 0.955664 -71.9025
7.22389 6.42571 -1.6479 0.30553 -79.7955
7.23247 6.43429 -1.64825 -0.378625 -75.9162
7.24104 6.44286 -1.65416 -0.98748 -66.1498
7.24961 6.45143 -1.66494 -1.51262 -56.3833
7.25818 6.46 -1.67986 -1.95405 -46.6168
7.26675 6.46857 -1.6982 -2.31177 -36.8504
7.27532 6.47714 -1.71925 -2.58577 -27.0839
7.28389 6.48571 -1.74229 -2.77606 -17.3175
7.29247 6.49429 -1.7666 -2.88264 -7.55099
7.30104 6.50286 -1.79146 -2.90551 2.21547
7.30961 6.51143 -1.81617 -2.84466 11.9819
7.31818 6.52 -1.83999 -2.7001 21.7484
7.32675 6.52857 -1.86222 -2.47183 31.5149
7.33532 6.53714 -1.88213 -2.15985 41.2813
7.34389 6.54571 -1.899 -1.76415 51.0478
7.35247 6.55429 -1.91213 -1.28474 60.8142
7.36104 6.56286 -1.92079 -0.721624 70.5807
7.36961 6.57143 -1.92426 -0.0747899 80.3472
7.37818 6.58 -1.92201 0.592653 75.3891
7.38675 6.58857 -1.91422 1.21759 70.4307
7.39532 6.59714 -1.90126 1.80004 65.4723
7.40389 6.60571 -1.88349 2.33998 60.5138
7.41247 6.61429 -1.86127 2.83742 55.5554
7.42104 6.62286 -1.83497 3.29235 50.597
7.42961 6.63143 -1.80495 3.70479 45.6385
7.43818 6.64 -1.77158 4.07473 40.6801
7.44675 6.64857 -1.73522 4.40217 35.7217
7.45532 6.65714 -1.69623 4.6871 30.7633
7.46389 6.66571 -1.65499 4.92954 25.8048
7.47247 6.67429 -1.61185 5.12947 20.8464
7.48104 6.68286 -1.56717 5.2869 15.888
7.48961 6.69143 -1.52134 5.40184 10.9295
7.49818 6.7 -1.47469 5.47427 5.97112
7.50675 6.70857 -1.42761 5.5042 1.01269
7.51532 6.71714 -1.38046 5.48966 -5.32083
7.52389 6.72571 -1.33371 5.40511 -14.4075
7.53247 6.73429 -1.28802 5.24268 -23.4942
7.54104 6.74286 -1.24406 5.00236 -32.5809
7.54961 6.75143 -1.20249 4.68415 -41.6676
7.55818 6.76 -1.16398 4.28805 -50.7543
7.56675 6.76857 -1.1292 3.81407 -59.8411
7.57532 6.77714 -1.09882 3.26221 -68.9278
7.58389 6.78571 -1.0735 2.63245 -78.0145
7.59247 6.79429 -1.05392 1.92482 -87.1012
7.60104 6.80286 -1.04073 1.13929 -96.1879
7.60961 6.81143 -1.03461 0.275881 -105.275
7.61818 6.82 -1.03622 -0.665415 -114.361
7.62675 6.82857 -1.04624 -1.6846 -123.448
7.63532 6.83714 -1.06532 -2.78167 -132.535
7.64389 6.84571 -1.09415 -3.95662 -141.621
7.65247 6.85429 -1.13337 -5.20946 -150.708
7.66104 6.86286 -1.18364 -6.5229 -153.74
7.66961 6.87143 -1.2452 -7.84067 -153.74
7.67818 6.88 -1.31805 -9.15844 -153.74
7.68675 6.88857 -1.4022 -10.4762 -153.74
7.69532 6.89714 -1.49764 -11.794 -153.74
7.70389 6.90571 -1.60438 -13.1118 -153.74
7.71247 6.91429 -1.72242 -14.4295 -153.74
7.72104 6.92286 -1.85175 -15.7473 -153.74
7.72961 6.93143 -1.99237 -17.0651 -153.74
7.73818 6.94 -2.14429 -18.3828 -153.74
7.74675 6.94857 -2.30751 -19.7006 -153.74
7.75532 6.95714 -2.48202 -21.0184 -153.74
7.76389 6.96571 -2.66782 -22.3362 -153.74
7.77247 6.97429 -2.86492 -23.6539 -153.74
7.78104 6.98286 -3.07332 -24.9717 -153.74
7.78961 6.99143 -3.29301 -26.2895 -153.74
7.79818 7 -3.52399 -27.6073 -153.74


