Raw Data (#.=61)
log.afreq  log.sfreq  log.loss  storage   
==========================================
-0.773248 -1.57143 3.20294 1813.3
-0.630391 -1.42857 3.10916 1511.6
-0.487532 -1.28571 3.01231 1271.1
-0.344674 -1.14285 2.91507 1077.2
-0.20182 -1 2.81112 924.49
-0.0589614 -0.857141 2.73301 801.31
0.083893 -0.714285 2.67408 695.36
0.226752 -0.571428 2.61945 602.67
0.369609 -0.428571 2.59009 518.99
0.512468 -0.285712 2.57004 439.02
0.655326 -0.142855 2.54208 363.76
0.79818 0 2.51036 293.2
0.941039 0.142859 2.46605 228.6
1.08389 0.285715 2.40182 171.33
1.22675 0.428572 2.31406 123.37
1.36961 0.571429 2.20187 85.067
1.51247 0.714288 2.05195 56.673
1.65533 0.857145 1.88575 37.121
1.79818 1 1.70415 23.811
1.94104 1.14286 1.48743 15.483
2.08389 1.28571 1.27387 10.39
2.22675 1.42857 1.0463 7.3164
2.36961 1.57143 0.808281 5.5234
2.51247 1.71429 0.568247 4.4859
2.65533 1.85715 0.311086 3.8984
2.79818 2 0.0559213 3.5767
2.94104 2.14286 -0.192162 3.3931
3.08389 2.28571 -0.459633 3.2937
3.22675 2.42857 -0.660295 3.2361
3.36961 2.57143 -0.907791 3.1998
3.51247 2.71429 -1.17059 3.1816
3.65533 2.85715 -1.29776 3.1688
3.79818 3 -1.49736 3.1606
3.94104 3.14286 -1.58858 3.1546
4.08389 3.28571 -1.67397 3.1497
4.22675 3.42857 -1.73505 3.1456
4.36961 3.57143 -1.77123 3.1419
4.51247 3.71429 -1.84963 3.1386
4.65533 3.85715 -1.85688 3.1358
4.79818 4 -1.87485 3.1328
4.94104 4.14286 -1.88729 3.1302
5.08389 4.28571 -1.82293 3.1272
5.22675 4.42857 -1.80346 3.124
5.36961 4.57143 -1.74336 3.1205
5.51247 4.71429 -1.65056 3.1163
5.65533 4.85715 -1.52234 3.1109
5.79818 5 -1.40413 3.1036
5.94104 5.14286 -1.26491 3.094
6.08389 5.28571 -1.11342 3.0803
6.22675 5.42857 -0.974468 3.0613
6.36961 5.57143 -0.83478 3.0351
6.51247 5.71429 -0.70875 2.9994
6.65533 5.85715 -0.603616 2.9529
6.79818 6 -0.536434 2.8959
6.94104 6.14286 -0.454318 2.8298
7.08389 6.28571 -0.401161 2.7498
7.22675 6.42857 -0.42197 2.668
7.36961 6.57143 -0.412347 2.5894
7.51247 6.71429 -0.473933 2.5101
7.65533 6.85715 -0.562129 2.4495
7.79818 7 -0.514762 2.3888


Cubic Spline Interpolation (Global Range)
log.afreq  log.sfreq  f  df  d2f         
=========================================
-0.773248 -1.57143 3.20294 -0.63938 -0.239032
-0.764677 -1.56286 3.19745 -0.641429 -0.239032
-0.756105 -1.55429 3.19195 -0.643478 -0.239032
-0.747534 -1.54571 3.18642 -0.645526 -0.239032
-0.738962 -1.53714 3.18088 -0.647575 -0.239032
-0.730391 -1.52857 3.17532 -0.649624 -0.239032
-0.721819 -1.52 3.16974 -0.651673 -0.239032
-0.713248 -1.51143 3.16415 -0.653722 -0.239032
-0.704677 -1.50286 3.15854 -0.655771 -0.239032
-0.696105 -1.49429 3.15291 -0.65782 -0.239032
-0.687534 -1.48571 3.14726 -0.659868 -0.239032
-0.678962 -1.47714 3.1416 -0.661917 -0.239032
-0.670391 -1.46857 3.13591 -0.663966 -0.239032
-0.661819 -1.46 3.13021 -0.666015 -0.239032
-0.653248 -1.45143 3.1245 -0.668064 -0.239032
-0.644677 -1.44286 3.11876 -0.670113 -0.239032
-0.636105 -1.43429 3.11301 -0.672161 -0.239032
-0.627534 -1.42571 3.10724 -0.674195 -0.228421
-0.618962 -1.41714 3.10145 -0.676017 -0.196589
-0.610391 -1.40857 3.09565 -0.677565 -0.164757
-0.601819 -1.4 3.08984 -0.678841 -0.132925
-0.593248 -1.39143 3.08401 -0.679844 -0.101093
-0.584677 -1.38286 3.07818 -0.680574 -0.0692609
-0.576105 -1.37429 3.07235 -0.681031 -0.0374289
-0.567534 -1.36571 3.06651 -0.681216 -0.00559688
-0.558962 -1.35714 3.06067 -0.681127 0.0262351
-0.550391 -1.34857 3.05483 -0.680766 0.0580671
-0.541819 -1.34 3.049 -0.680132 0.0898991
-0.533248 -1.33143 3.04317 -0.679225 0.121731
-0.524677 -1.32286 3.03736 -0.678045 0.153563
-0.516105 -1.31429 3.03155 -0.676592 0.185395
-0.507534 -1.30571 3.02576 -0.674867 0.217227
-0.498962 -1.29714 3.01998 -0.672868 0.249059
-0.490391 -1.28857 3.01423 -0.670597 0.280891
-0.481819 -1.28 3.00849 -0.668266 0.238226
-0.473248 -1.27143 3.00277 -0.666567 0.158277
-0.464677 -1.26286 2.99706 -0.665553 0.0783281
-0.456105 -1.25429 2.99136 -0.665224 -0.00162072
-0.447534 -1.24571 2.98565 -0.66558 -0.0815695
-0.438962 -1.23714 2.97994 -0.666622 -0.161518
-0.430391 -1.22857 2.97422 -0.668349 -0.241467
-0.421819 -1.22 2.96848 -0.670762 -0.321416
-0.413248 -1.21143 2.96272 -0.673859 -0.401365
-0.404677 -1.20286 2.95693 -0.677642 -0.481314
-0.396105 -1.19429 2.9511 -0.68211 -0.561262
-0.387534 -1.18571 2.94524 -0.687264 -0.641211
-0.378962 -1.17714 2.93932 -0.693103 -0.72116
-0.370391 -1.16857 2.93335 -0.699627 -0.801109
-0.361819 -1.16 2.92732 -0.706836 -0.881058
-0.353248 -1.15143 2.92123 -0.71473 -0.961006
-0.344677 -1.14286 2.91507 -0.72331 -1.04096
-0.336105 -1.13429 2.90883 -0.731477 -0.864589
-0.327534 -1.12571 2.90253 -0.738132 -0.688143
-0.318962 -1.11714 2.89618 -0.743274 -0.511697
-0.310391 -1.10857 2.8898 -0.746904 -0.335252
-0.30182 -1.1 2.88338 -0.749021 -0.158806
-0.293248 -1.09143 2.87696 -0.749626 0.0176394
-0.284677 -1.08286 2.87054 -0.748719 0.194085
-0.276105 -1.07429 2.86413 -0.746299 0.370531
-0.267534 -1.06571 2.85775 -0.742367 0.546976
-0.258962 -1.05714 2.85141 -0.736922 0.723422
-0.250391 -1.04857 2.84512 -0.729965 0.899867
-0.24182 -1.04 2.8389 -0.721496 1.07631
-0.233248 -1.03143 2.83276 -0.711514 1.25276
-0.224677 -1.02286 2.82671 -0.70002 1.4292
-0.216105 -1.01429 2.82076 -0.687013 1.60565
-0.207534 -1.00571 2.81493 -0.672495 1.7821
-0.198962 -0.997142 2.80924 -0.656572 1.88248
-0.190391 -0.988571 2.80368 -0.640658 1.83078
-0.18182 -0.979999 2.79825 -0.625187 1.77907
-0.173248 -0.971428 2.79296 -0.61016 1.72737
-0.164677 -0.962857 2.78779 -0.595575 1.67567
-0.156105 -0.954285 2.78275 -0.581434 1.62396
-0.147534 -0.945714 2.77782 -0.567736 1.57226
-0.138962 -0.937142 2.77301 -0.554481 1.52056
-0.130391 -0.928571 2.76832 -0.541669 1.46885
-0.12182 -0.919999 2.76373 -0.529301 1.41715
-0.113248 -0.911428 2.75924 -0.517375 1.36545
-0.104677 -0.902857 2.75486 -0.505893 1.31375
-0.0961052 -0.894285 2.75057 -0.494854 1.26204
-0.0875338 -0.885714 2.74637 -0.484258 1.21034
-0.0789624 -0.877142 2.74226 -0.474105 1.15864
-0.0703909 -0.868571 2.73824 -0.464395 1.10693
-0.0618195 -0.859999 2.7343 -0.455129 1.05523
-0.0532481 -0.851428 2.73044 -0.446373 0.980096
-0.0446767 -0.842857 2.72665 -0.438344 0.893238
-0.0361052 -0.834285 2.72292 -0.43106 0.806379
-0.0275338 -0.825714 2.71926 -0.424521 0.719521
-0.0189624 -0.817142 2.71564 -0.418725 0.632663
-0.0103909 -0.808571 2.71208 -0.413675 0.545804
-0.00181951 -0.799999 2.70855 -0.409369 0.458946
0.00675192 -0.791428 2.70506 -0.405807 0.372087
0.0153233 -0.782857 2.70159 -0.40299 0.285229
0.0238948 -0.774285 2.69815 -0.400918 0.19837
0.0324662 -0.765714 2.69471 -0.39959 0.111512
0.0410376 -0.757142 2.69129 -0.399006 0.0246532
0.0496091 -0.748571 2.68787 -0.399167 -0.0622052
0.0581805 -0.739999 2.68445 -0.400072 -0.149064
0.0667519 -0.731428 2.68101 -0.401722 -0.235922
0.0753233 -0.722857 2.67756 -0.404117 -0.322781
0.0838948 -0.714285 2.67408 -0.407256 -0.409593
0.0924662 -0.705714 2.67058 -0.410182 -0.273295
0.101038 -0.697142 2.66705 -0.411941 -0.136997
0.109609 -0.688571 2.66352 -0.412531 -0.000698685
0.11818 -0.679999 2.65999 -0.411953 0.135599
0.126752 -0.671428 2.65646 -0.410206 0.271898
0.135323 -0.662857 2.65296 -0.407292 0.408196
0.143895 -0.654285 2.64948 -0.403209 0.544494
0.152466 -0.645714 2.64605 -0.397957 0.680792
0.161038 -0.637142 2.64266 -0.391538 0.81709
0.169609 -0.628571 2.63934 -0.38395 0.953388
0.17818 -0.619999 2.63608 -0.375194 1.08969
0.186752 -0.611428 2.63291 -0.36527 1.22598
0.195323 -0.602857 2.62983 -0.354177 1.36228
0.203895 -0.594285 2.62684 -0.341916 1.49858
0.212466 -0.585714 2.62397 -0.328487 1.63488
0.221038 -0.577142 2.62121 -0.31389 1.77118
0.229609 -0.568571 2.61859 -0.298231 1.83266
0.23818 -0.559999 2.6161 -0.282901 1.74449
0.246752 -0.551428 2.61374 -0.268326 1.65633
0.255323 -0.542857 2.6115 -0.254506 1.56816
0.263895 -0.534285 2.60937 -0.241443 1.48
0.272466 -0.525714 2.60736 -0.229135 1.39183
0.281038 -0.517142 2.60544 -0.217583 1.30367
0.289609 -0.508571 2.60363 -0.206786 1.2155
0.29818 -0.499999 2.6019 -0.196746 1.12734
0.306752 -0.491428 2.60025 -0.187461 1.03917
0.315323 -0.482857 2.59868 -0.178931 0.951006
0.323895 -0.474285 2.59718 -0.171158 0.862841
0.332466 -0.465714 2.59574 -0.16414 0.774676
0.341038 -0.457142 2.59436 -0.157878 0.686511
0.349609 -0.448571 2.59304 -0.152371 0.598346
0.35818 -0.439999 2.59175 -0.14762 0.510181
0.366752 -0.431428 2.5905 -0.143625 0.422016
0.375323 -0.422857 2.58929 -0.140342 0.349004
0.383895 -0.414285 2.5881 -0.137631 0.283569
0.392466 -0.405714 2.58693 -0.135481 0.218133
0.401038 -0.397142 2.58577 -0.133892 0.152698
0.409609 -0.388571 2.58463 -0.132864 0.0872629
0.41818 -0.379999 2.58349 -0.132396 0.0218276
0.426752 -0.371428 2.58236 -0.132489 -0.0436077
0.435323 -0.362857 2.58122 -0.133144 -0.109043
0.443895 -0.354285 2.58007 -0.134359 -0.174478
0.452466 -0.345714 2.57891 -0.136135 -0.239913
0.461038 -0.337142 2.57774 -0.138471 -0.305349
0.469609 -0.328571 2.57654 -0.141369 -0.370784
0.47818 -0.319999 2.57531 -0.144828 -0.436219
0.486752 -0.311428 2.57405 -0.148847 -0.501655
0.495323 -0.302857 2.57276 -0.153428 -0.56709
0.503895 -0.294285 2.57142 -0.158569 -0.632525
0.512466 -0.285714 2.57004 -0.164271 -0.69796
0.521038 -0.277142 2.56861 -0.170055 -0.651647
0.529609 -0.268571 2.56713 -0.175442 -0.60531
0.53818 -0.259999 2.5656 -0.180432 -0.558974
0.546752 -0.251428 2.56403 -0.185024 -0.512637
0.555323 -0.242857 2.56243 -0.18922 -0.4663
0.563895 -0.234285 2.56079 -0.193018 -0.419963
0.572466 -0.225714 2.55912 -0.196419 -0.373626
0.581038 -0.217142 2.55742 -0.199423 -0.327289
0.589609 -0.208571 2.5557 -0.20203 -0.280953
0.59818 -0.199999 2.55396 -0.204239 -0.234616
0.606752 -0.191428 2.5522 -0.206052 -0.188279
0.615323 -0.182857 2.55043 -0.207467 -0.141942
0.623895 -0.174285 2.54865 -0.208485 -0.0956053
0.632466 -0.165714 2.54686 -0.209106 -0.0492684
0.641038 -0.157142 2.54506 -0.20933 -0.0029316
0.649609 -0.148571 2.54327 -0.209156 0.0434052
0.65818 -0.139999 2.54148 -0.20863 0.0588042
0.666752 -0.131428 2.53969 -0.208325 0.0122402
0.675323 -0.122857 2.53791 -0.20842 -0.0343239
0.683895 -0.114285 2.53612 -0.208914 -0.0808879
0.692466 -0.105714 2.53433 -0.209807 -0.127452
0.701038 -0.0971423 2.53252 -0.211099 -0.174016
0.709609 -0.0885709 2.53071 -0.21279 -0.22058
0.71818 -0.0799994 2.52887 -0.21488 -0.267144
0.726752 -0.071428 2.52702 -0.217369 -0.313708
0.735323 -0.0628566 2.52515 -0.220258 -0.360272
0.743895 -0.0542852 2.52324 -0.223545 -0.406836
0.752466 -0.0457137 2.52131 -0.227232 -0.4534
0.761038 -0.0371423 2.51935 -0.231318 -0.499964
0.769609 -0.0285709 2.51735 -0.235803 -0.546528
0.77818 -0.0199994 2.5153 -0.240687 -0.593092
0.786752 -0.011428 2.51322 -0.24597 -0.639656
0.795323 -0.00285659 2.51109 -0.251653 -0.68622
0.803895 0.00571484 2.5089 -0.257676 -0.712525
0.812466 0.0142863 2.50667 -0.263853 -0.728703
0.821038 0.0228577 2.50438 -0.270168 -0.744882
0.829609 0.0314291 2.50204 -0.276622 -0.76106
0.83818 0.0400006 2.49964 -0.283215 -0.777238
0.846752 0.048572 2.49718 -0.289946 -0.793416
0.855323 0.0571434 2.49467 -0.296816 -0.809595
0.863895 0.0657148 2.49209 -0.303825 -0.825773
0.872466 0.0742863 2.48946 -0.310972 -0.841951
0.881038 0.0828577 2.48676 -0.318258 -0.858129
0.889609 0.0914291 2.484 -0.325683 -0.874308
0.89818 0.100001 2.48118 -0.333247 -0.890486
0.906752 0.108572 2.47829 -0.340949 -0.906664
0.915323 0.117143 2.47533 -0.348789 -0.922842
0.923895 0.125715 2.47231 -0.356769 -0.939021
0.932466 0.134286 2.46922 -0.364887 -0.955199
0.941038 0.142858 2.46605 -0.373144 -0.971377
0.949609 0.151429 2.46282 -0.381546 -0.989214
0.95818 0.160001 2.45951 -0.390102 -1.00705
0.966752 0.168572 2.45613 -0.39881 -1.02489
0.975323 0.177143 2.45267 -0.407671 -1.04273
0.983895 0.185715 2.44914 -0.416685 -1.06057
0.992466 0.194286 2.44553 -0.425852 -1.0784
1.00104 0.202858 2.44184 -0.435172 -1.09624
1.00961 0.211429 2.43807 -0.444645 -1.11408
1.01818 0.220001 2.43422 -0.454271 -1.13192
1.02675 0.228572 2.43028 -0.464049 -1.14975
1.03532 0.237143 2.42626 -0.473981 -1.16759
1.04389 0.245715 2.42216 -0.484065 -1.18543
1.05247 0.254286 2.41796 -0.494302 -1.20327
1.06104 0.262858 2.41368 -0.504693 -1.2211
1.06961 0.271429 2.40931 -0.515236 -1.23894
1.07818 0.280001 2.40485 -0.525932 -1.25678
1.08675 0.288572 2.40029 -0.53676 -1.26073
1.09532 0.297143 2.39565 -0.547465 -1.23692
1.10389 0.305715 2.39091 -0.557965 -1.21312
1.11247 0.314286 2.38608 -0.568261 -1.18932
1.12104 0.322858 2.38117 -0.578353 -1.16551
1.12961 0.331429 2.37617 -0.588241 -1.14171
1.13818 0.340001 2.37109 -0.597925 -1.11791
1.14675 0.348572 2.36592 -0.607405 -1.0941
1.15532 0.357143 2.36067 -0.616681 -1.0703
1.16389 0.365715 2.35535 -0.625753 -1.04649
1.17247 0.374286 2.34995 -0.634621 -1.02269
1.18104 0.382858 2.34447 -0.643285 -0.998888
1.18961 0.391429 2.33892 -0.651745 -0.975084
1.19818 0.400001 2.3333 -0.660001 -0.95128
1.20675 0.408572 2.32761 -0.668053 -0.927476
1.21532 0.417143 2.32185 -0.675901 -0.903673
1.22389 0.425715 2.31602 -0.683544 -0.879869
1.23247 0.434286 2.31013 -0.691207 -0.934121
1.24104 0.442858 2.30417 -0.699614 -1.0274
1.24961 0.451429 2.29813 -0.70882 -1.12069
1.25818 0.460001 2.29201 -0.718825 -1.21397
1.26675 0.468572 2.28581 -0.729631 -1.30725
1.27532 0.477143 2.2795 -0.741235 -1.40053
1.28389 0.485715 2.2731 -0.75364 -1.49382
1.29247 0.494286 2.26658 -0.766844 -1.5871
1.30104 0.502858 2.25995 -0.780847 -1.68038
1.30961 0.511429 2.25319 -0.79565 -1.77366
1.31818 0.520001 2.24631 -0.811253 -1.86695
1.32675 0.528572 2.23928 -0.827655 -1.96023
1.33532 0.537143 2.23212 -0.844857 -2.05351
1.34389 0.545715 2.2248 -0.862858 -2.1468
1.35247 0.554286 2.21732 -0.881659 -2.24008
1.36104 0.562858 2.20968 -0.901259 -2.33336
1.36961 0.571429 2.20187 -0.921659 -2.42664
1.37818 0.580001 2.19388 -0.941967 -2.31189
1.38675 0.588572 2.18573 -0.961292 -2.19713
1.39532 0.597143 2.17741 -0.979633 -2.08238
1.40389 0.605715 2.16893 -0.99699 -1.96762
1.41247 0.614286 2.16032 -1.01336 -1.85287
1.42104 0.622858 2.15157 -1.02875 -1.73811
1.42961 0.631429 2.14269 -1.04316 -1.62336
1.43818 0.640001 2.13369 -1.05658 -1.5086
1.44675 0.648572 2.12458 -1.06902 -1.39385
1.45532 0.657143 2.11536 -1.08048 -1.27909
1.46389 0.665715 2.10606 -1.09095 -1.16434
1.47247 0.674286 2.09666 -1.10044 -1.04958
1.48104 0.682858 2.08719 -1.10894 -0.934825
1.48961 0.691429 2.07766 -1.11646 -0.82007
1.49818 0.700001 2.06806 -1.123 -0.705315
1.50675 0.708572 2.05841 -1.12855 -0.590559
1.51532 0.717143 2.04871 -1.13317 -0.509776
1.52389 0.725715 2.03898 -1.13749 -0.497002
1.53247 0.734286 2.02921 -1.14169 -0.484228
1.54104 0.742858 2.01941 -1.14579 -0.471455
1.54961 0.751429 2.00957 -1.14977 -0.458681
1.55818 0.76 1.9997 -1.15365 -0.445907
1.56675 0.768572 1.9898 -1.15742 -0.433133
1.57532 0.777143 1.97986 -1.16108 -0.420359
1.58389 0.785715 1.96989 -1.16462 -0.407586
1.59247 0.794286 1.95989 -1.16806 -0.394812
1.60104 0.802858 1.94987 -1.17139 -0.382038
1.60961 0.811429 1.93981 -1.17461 -0.369264
1.61818 0.82 1.92973 -1.17772 -0.35649
1.62675 0.828572 1.91962 -1.18072 -0.343717
1.63532 0.837143 1.90949 -1.18362 -0.330943
1.64389 0.845715 1.89933 -1.1864 -0.318169
1.65247 0.854286 1.88915 -1.18907 -0.305395
1.66104 0.862858 1.87895 -1.19194 -0.401594
1.66961 0.871429 1.86872 -1.19603 -0.552358
1.67818 0.88 1.85844 -1.20141 -0.703122
1.68675 0.888572 1.84812 -1.20809 -0.853886
1.69532 0.897143 1.83773 -1.21605 -1.00465
1.70389 0.905715 1.82727 -1.22531 -1.15541
1.71247 0.914286 1.81672 -1.23586 -1.30618
1.72104 0.922858 1.80608 -1.2477 -1.45694
1.72961 0.931429 1.79533 -1.26083 -1.6077
1.73818 0.94 1.78446 -1.27526 -1.75847
1.74675 0.948572 1.77346 -1.29098 -1.90923
1.75532 0.957143 1.76232 -1.30799 -2.06
1.76389 0.965715 1.75104 -1.32629 -2.21076
1.77247 0.974286 1.73958 -1.34589 -2.36152
1.78104 0.982858 1.72796 -1.36678 -2.51229
1.78961 0.991429 1.71615 -1.38896 -2.66305
1.79818 1 1.70415 -1.41243 -2.81379
1.80675 1.00857 1.69194 -1.43551 -2.57085
1.81532 1.01714 1.67954 -1.4565 -2.3279
1.82389 1.02571 1.66698 -1.47541 -2.08495
1.83247 1.03429 1.65426 -1.49224 -1.84201
1.84104 1.04286 1.6414 -1.50699 -1.59906
1.84961 1.05143 1.62843 -1.51965 -1.35611
1.85818 1.06 1.61536 -1.53024 -1.11317
1.86675 1.06857 1.6022 -1.53874 -0.87022
1.87532 1.07714 1.58898 -1.54516 -0.627273
1.88389 1.08571 1.57572 -1.54949 -0.384326
1.89247 1.09429 1.56243 -1.55174 -0.141379
1.90104 1.10286 1.54912 -1.55191 0.101568
1.90961 1.11143 1.53583 -1.55 0.344515
1.91818 1.12 1.52256 -1.54601 0.587462
1.92675 1.12857 1.50933 -1.53993 0.830409
1.93532 1.13714 1.49616 -1.53177 1.07336
1.94389 1.14571 1.48308 -1.52172 1.18666
1.95247 1.15429 1.47008 -1.51217 1.04049
1.96104 1.16286 1.45715 -1.50388 0.894319
1.96961 1.17143 1.44429 -1.49684 0.748148
1.97818 1.18 1.43149 -1.49105 0.601976
1.98675 1.18857 1.41873 -1.48652 0.455805
1.99532 1.19714 1.406 -1.48324 0.309634
2.00389 1.20571 1.3933 -1.48121 0.163462
2.01247 1.21429 1.3806 -1.48044 0.0172908
2.02104 1.22286 1.36791 -1.48092 -0.128881
2.02961 1.23143 1.35521 -1.48265 -0.275052
2.03818 1.24 1.34249 -1.48563 -0.421223
2.04675 1.24857 1.32974 -1.48987 -0.567395
2.05532 1.25714 1.31695 -1.49536 -0.713566
2.06389 1.26571 1.3041 -1.5021 -0.859737
2.07247 1.27429 1.2912 -1.5101 -1.00591
2.08104 1.28286 1.27821 -1.51935 -1.15208
2.08961 1.29143 1.26515 -1.52949 -1.17478
2.09818 1.3 1.25199 -1.5394 -1.13579
2.10675 1.30857 1.23876 -1.54896 -1.0968
2.11532 1.31714 1.22544 -1.5582 -1.05782
2.12389 1.32571 1.21205 -1.5671 -1.01883
2.13247 1.33429 1.19858 -1.57566 -0.979845
2.14104 1.34286 1.18504 -1.5839 -0.940859
2.14961 1.35143 1.17143 -1.59179 -0.901872
2.15818 1.36 1.15775 -1.59936 -0.862886
2.16675 1.36857 1.14401 -1.60659 -0.8239
2.17532 1.37714 1.13021 -1.61348 -0.784913
2.18389 1.38571 1.11635 -1.62004 -0.745927
2.19247 1.39429 1.10244 -1.62627 -0.706941
2.20104 1.40286 1.08847 -1.63216 -0.667954
2.20961 1.41143 1.07446 -1.63772 -0.628968
2.21818 1.42 1.0604 -1.64294 -0.589982
2.22675 1.42857 1.0463 -1.64783 -0.550996
2.23532 1.43714 1.03215 -1.65233 -0.497849
2.24389 1.44571 1.01797 -1.65637 -0.444703
2.25247 1.45429 1.00376 -1.65995 -0.391557
2.26104 1.46286 0.989516 -1.66308 -0.33841
2.26961 1.47143 0.975249 -1.66575 -0.285264
2.27818 1.48 0.960962 -1.66797 -0.232117
2.28675 1.48857 0.946657 -1.66973 -0.178971
2.29532 1.49714 0.932339 -1.67104 -0.125825
2.30389 1.50571 0.918012 -1.67189 -0.0726782
2.31247 1.51429 0.903679 -1.67228 -0.0195318
2.32104 1.52286 0.889345 -1.67222 0.0336146
2.32961 1.53143 0.875014 -1.67171 0.086761
2.33818 1.54 0.860689 -1.67074 0.139907
2.34675 1.54857 0.846374 -1.66931 0.193054
2.35532 1.55714 0.832073 -1.66743 0.2462
2.36389 1.56571 0.817791 -1.66509 0.299347
2.37247 1.57429 0.80353 -1.66237 0.300463
2.38104 1.58286 0.789291 -1.66024 0.197518
2.38961 1.59143 0.775066 -1.65898 0.0945724
2.39818 1.6 0.760849 -1.65861 -0.00837286
2.40675 1.60857 0.746631 -1.65913 -0.111318
2.41532 1.61714 0.732404 -1.66052 -0.214263
2.42389 1.62571 0.718162 -1.6628 -0.317209
2.43247 1.63429 0.703896 -1.66596 -0.420154
2.44104 1.64286 0.6896 -1.67 -0.523099
2.44961 1.65143 0.675265 -1.67493 -0.626044
2.45818 1.66 0.660885 -1.68073 -0.72899
2.46675 1.66857 0.64645 -1.68742 -0.831935
2.47532 1.67714 0.631955 -1.695 -0.93488
2.48389 1.68571 0.617391 -1.70345 -1.03783
2.49247 1.69429 0.60275 -1.71279 -1.14077
2.50104 1.70286 0.588026 -1.72301 -1.24372
2.50961 1.71143 0.57321 -1.73411 -1.34666
2.51818 1.72 0.558297 -1.74572 -1.31964
2.52675 1.72857 0.543286 -1.75664 -1.22757
2.53532 1.73714 0.528185 -1.76677 -1.13551
2.54389 1.74571 0.513001 -1.7761 -1.04344
2.55247 1.75429 0.49774 -1.78465 -0.951372
2.56104 1.76286 0.482409 -1.79241 -0.859305
2.56961 1.77143 0.467015 -1.79938 -0.767238
2.57818 1.78 0.451565 -1.80557 -0.675171
2.58675 1.78857 0.436065 -1.81096 -0.583103
2.59532 1.79714 0.420522 -1.81556 -0.491036
2.60389 1.80571 0.404943 -1.81938 -0.398969
2.61247 1.81429 0.389335 -1.8224 -0.306902
2.62104 1.82286 0.373704 -1.82464 -0.214834
2.62961 1.83143 0.358058 -1.82608 -0.122767
2.63818 1.84 0.342402 -1.82674 -0.0306999
2.64675 1.84857 0.326744 -1.82661 0.0613674
2.65532 1.85714 0.311091 -1.82569 0.153435
2.66389 1.86571 0.295449 -1.82407 0.225349
2.67247 1.87429 0.279823 -1.82183 0.297257
2.68104 1.88286 0.264219 -1.81897 0.369165
2.68961 1.89143 0.248642 -1.8155 0.441073
2.69818 1.9 0.233098 -1.81141 0.512981
2.70675 1.90857 0.217592 -1.8067 0.584889
2.71532 1.91714 0.202128 -1.80138 0.656797
2.72389 1.92571 0.186712 -1.79544 0.728705
2.73247 1.93429 0.171351 -1.78889 0.800613
2.74104 1.94286 0.156047 -1.78172 0.872521
2.74961 1.95143 0.140809 -1.77393 0.944429
2.75818 1.96 0.125639 -1.76553 1.01634
2.76675 1.96857 0.110544 -1.75651 1.08825
2.77532 1.97714 0.0955291 -1.74687 1.16015
2.78389 1.98571 0.0805994 -1.73662 1.23206
2.79247 1.99429 0.0657602 -1.72575 1.30397
2.80104 2.00286 0.0510167 -1.71444 1.25533
2.80961 2.01143 0.0363641 -1.70492 0.96564
2.81818 2.02 0.0217824 -1.69789 0.675952
2.82675 2.02857 0.00725033 -1.69333 0.386263
2.83532 2.03714 -0.00725332 -1.69126 0.0965739
2.84389 2.04571 -0.0217499 -1.69168 -0.193115
2.85247 2.05429 -0.0362606 -1.69458 -0.482804
2.86104 2.06286 -0.0508068 -1.69996 -0.772493
2.86961 2.07143 -0.0654098 -1.70782 -1.06218
2.87818 2.08 -0.0800908 -1.71816 -1.35187
2.88675 2.08857 -0.0948711 -1.73099 -1.64156
2.89532 2.09714 -0.109772 -1.74631 -1.93125
2.90389 2.10571 -0.124815 -1.7641 -2.22094
2.91247 2.11429 -0.140021 -1.78438 -2.51063
2.92104 2.12286 -0.155411 -1.80714 -2.80031
2.92961 2.13143 -0.171008 -1.83238 -3.09
2.93818 2.14 -0.186831 -1.86011 -3.37969
2.94675 2.14857 -0.202899 -1.88859 -3.06333
2.95532 2.15714 -0.219192 -1.91219 -2.4437
2.96389 2.16571 -0.235664 -1.93048 -1.82407
2.97247 2.17429 -0.252271 -1.94346 -1.20444
2.98104 2.18286 -0.268965 -1.95113 -0.584805
2.98961 2.19143 -0.285703 -1.95349 0.0348248
2.99818 2.2 -0.302439 -1.95053 0.654455
3.00675 2.20857 -0.319126 -1.94227 1.27408
3.01532 2.21714 -0.335719 -1.92869 1.89371
3.02389 2.22571 -0.352174 -1.9098 2.51334
3.03247 2.23429 -0.368444 -1.88561 3.13298
3.04104 2.24286 -0.384483 -1.8561 3.75261
3.04961 2.25143 -0.400247 -1.82127 4.37224
3.05818 2.26 -0.41569 -1.78114 4.99187
3.06675 2.26857 -0.430766 -1.7357 5.6115
3.07532 2.27714 -0.44543 -1.68495 6.23113
3.08389 2.28571 -0.459636 -1.62888 6.85051
3.09247 2.29429 -0.473354 -1.57302 6.18257
3.10104 2.30286 -0.486618 -1.52289 5.51463
3.10961 2.31143 -0.499477 -1.47849 4.8467
3.11818 2.32 -0.51198 -1.43981 4.17876
3.12675 2.32857 -0.524176 -1.40685 3.51082
3.13532 2.33714 -0.536114 -1.37962 2.84288
3.14389 2.34571 -0.547843 -1.35812 2.17495
3.15247 2.35429 -0.559412 -1.34234 1.50701
3.16104 2.36286 -0.570871 -1.33228 0.839074
3.16961 2.37143 -0.582268 -1.32795 0.171137
3.17818 2.38 -0.593652 -1.32935 -0.4968
3.18675 2.38857 -0.605073 -1.33647 -1.16474
3.19532 2.39714 -0.616579 -1.34932 -1.83267
3.20389 2.40571 -0.62822 -1.36789 -2.50061
3.21247 2.41429 -0.640045 -1.39218 -3.16855
3.22104 2.42286 -0.652103 -1.4222 -3.83648
3.22961 2.43143 -0.664442 -1.45761 -4.26603
3.23818 2.44 -0.677092 -1.49397 -4.21873
3.24675 2.44857 -0.690052 -1.52993 -4.17143
3.25532 2.45714 -0.703318 -1.56548 -4.12413
3.26389 2.46571 -0.716887 -1.60063 -4.07684
3.27247 2.47429 -0.730756 -1.63537 -4.02954
3.28104 2.48286 -0.744921 -1.66971 -3.98224
3.28961 2.49143 -0.759379 -1.70364 -3.93494
3.29818 2.5 -0.774125 -1.73717 -3.88764
3.30675 2.50857 -0.789158 -1.77029 -3.84035
3.31532 2.51714 -0.804472 -1.803 -3.79305
3.32389 2.52571 -0.820065 -1.83531 -3.74575
3.33247 2.53429 -0.835933 -1.86721 -3.69845
3.34104 2.54286 -0.852073 -1.89871 -3.65116
3.34961 2.55143 -0.868481 -1.9298 -3.60386
3.35818 2.56 -0.885154 -1.96049 -3.55656
3.36675 2.56857 -0.902089 -1.99077 -3.50926
3.37532 2.57714 -0.919277 -2.01877 -2.80343
3.38389 2.58571 -0.936671 -2.03836 -1.76832
3.39247 2.59429 -0.954195 -2.04908 -0.733212
3.40104 2.60286 -0.971773 -2.05093 0.301897
3.40961 2.61143 -0.989329 -2.04391 1.33701
3.41818 2.62 -1.00679 -2.02801 2.37212
3.42675 2.62857 -1.02407 -2.00324 3.40722
3.43532 2.63714 -1.0411 -1.9696 4.44233
3.44389 2.64571 -1.05781 -1.92709 5.47744
3.45247 2.65429 -1.07411 -1.8757 6.51255
3.46104 2.66286 -1.08994 -1.81544 7.54766
3.46961 2.67143 -1.10521 -1.74631 8.58277
3.47818 2.68 -1.11985 -1.66831 9.61788
3.48675 2.68857 -1.13378 -1.58144 10.653
3.49532 2.69714 -1.14693 -1.48569 11.6881
3.50389 2.70571 -1.15923 -1.38107 12.7232
3.51247 2.71429 -1.17058 -1.26758 13.7583
3.52104 2.72286 -1.18096 -1.15618 12.2333
3.52961 2.73143 -1.19044 -1.05786 10.7078
3.53818 2.74 -1.19913 -0.972619 9.18222
3.54675 2.74857 -1.20715 -0.900453 7.65667
3.55532 2.75714 -1.21461 -0.841362 6.13111
3.56389 2.76571 -1.22161 -0.795348 4.60555
3.57247 2.77429 -1.22828 -0.76241 3.07999
3.58104 2.78286 -1.23472 -0.742548 1.55444
3.58961 2.79143 -1.24105 -0.735763 0.0288797
3.59818 2.8 -1.24737 -0.742053 -1.49668
3.60675 2.80857 -1.25381 -0.76142 -3.02223
3.61532 2.81714 -1.26046 -0.793863 -4.54779
3.62389 2.82571 -1.26745 -0.839382 -6.07335
3.63247 2.83429 -1.27489 -0.897977 -7.59891
3.64104 2.84286 -1.28288 -0.969649 -9.12446
3.64961 2.85143 -1.29155 -1.0544 -10.65
3.65818 2.86 -1.30099 -1.15083 -11.2023
3.66675 2.86857 -1.31125 -1.24086 -9.80532
3.67532 2.87714 -1.32223 -1.31892 -8.40831
3.68389 2.88571 -1.33383 -1.38501 -7.01129
3.69247 2.89429 -1.34594 -1.43912 -5.61427
3.70104 2.90286 -1.35847 -1.48125 -4.21726
3.70961 2.91143 -1.3713 -1.51141 -2.82024
3.71818 2.92 -1.38434 -1.5296 -1.42323
3.72675 2.92857 -1.39749 -1.53581 -0.0262095
3.73532 2.93714 -1.41064 -1.53005 1.37081
3.74389 2.94571 -1.42368 -1.51231 2.76782
3.75247 2.95429 -1.43653 -1.4826 4.16484
3.76104 2.96286 -1.44906 -1.44091 5.56185
3.76961 2.97143 -1.46119 -1.38725 6.95887
3.77818 2.98 -1.47281 -1.32162 8.35589
3.78675 2.98857 -1.48382 -1.24401 9.7529
3.79532 2.99714 -1.4941 -1.15443 11.1499
3.80389 3.00571 -1.50358 -1.05719 11.0336
3.81247 3.01429 -1.51225 -0.966359 10.1608
3.82104 3.02286 -1.52017 -0.883006 9.28804
3.82961 3.03143 -1.52741 -0.807135 8.41524
3.83818 3.04 -1.53403 -0.738745 7.54244
3.84675 3.04857 -1.54009 -0.677836 6.66964
3.85532 3.05714 -1.54567 -0.624408 5.79684
3.86389 3.06571 -1.55082 -0.578462 4.92405
3.87247 3.07429 -1.5556 -0.539996 4.05125
3.88104 3.08286 -1.56009 -0.509012 3.17845
3.88961 3.09143 -1.56435 -0.485509 2.30565
3.89818 3.1 -1.56844 -0.469486 1.43285
3.90675 3.10857 -1.57242 -0.460945 0.560054
3.91532 3.11714 -1.57636 -0.459885 -0.312744
3.92389 3.12571 -1.58033 -0.466307 -1.18554
3.93247 3.13429 -1.58438 -0.480209 -2.05834
3.94104 3.14286 -1.58858 -0.501593 -2.93114
3.94961 3.15143 -1.59298 -0.525495 -2.64595
3.95818 3.16 -1.59758 -0.546952 -2.36055
3.96675 3.16857 -1.60235 -0.565962 -2.07515
3.97532 3.17714 -1.60728 -0.582526 -1.78975
3.98389 3.18571 -1.61233 -0.596643 -1.50435
3.99247 3.19429 -1.6175 -0.608314 -1.21895
4.00104 3.20286 -1.62275 -0.61754 -0.933555
4.00961 3.21143 -1.62808 -0.624318 -0.648157
4.01818 3.22 -1.63345 -0.628651 -0.362759
4.02675 3.22857 -1.63885 -0.630537 -0.0773601
4.03532 3.23714 -1.64425 -0.629977 0.208038
4.04389 3.24571 -1.64964 -0.626971 0.493437
4.05247 3.25429 -1.65499 -0.621518 0.778835
4.06104 3.26286 -1.66029 -0.613619 1.06423
4.06961 3.27143 -1.6655 -0.603274 1.34963
4.07818 3.28 -1.67062 -0.590483 1.63503
4.08675 3.28857 -1.67562 -0.575354 1.84426
4.09532 3.29714 -1.68048 -0.559301 1.9013
4.10389 3.30571 -1.68521 -0.54276 1.95833
4.11247 3.31429 -1.68979 -0.52573 2.01537
4.12104 3.32286 -1.69422 -0.508211 2.0724
4.12961 3.33143 -1.6985 -0.490203 2.12944
4.13818 3.34 -1.70262 -0.471706 2.18647
4.14675 3.34857 -1.70658 -0.452721 2.24351
4.15532 3.35714 -1.71038 -0.433246 2.30054
4.16389 3.36571 -1.71401 -0.413283 2.35758
4.17247 3.37429 -1.71746 -0.392831 2.41461
4.18104 3.38286 -1.72074 -0.37189 2.47164
4.18961 3.39143 -1.72384 -0.35046 2.52868
4.19818 3.4 -1.72675 -0.328541 2.58571
4.20675 3.40857 -1.72947 -0.306133 2.64275
4.21532 3.41714 -1.73199 -0.283236 2.69978
4.22389 3.42571 -1.73432 -0.259851 2.75682
4.23247 3.43429 -1.73645 -0.237043 2.44062
4.24104 3.44286 -1.7384 -0.218278 1.93778
4.24961 3.45143 -1.7402 -0.203824 1.43495
4.25818 3.46 -1.7419 -0.193679 0.932109
4.26675 3.46857 -1.74354 -0.187845 0.429272
4.27532 3.47714 -1.74514 -0.18632 -0.0735645
4.28389 3.48571 -1.74674 -0.189106 -0.576402
4.29247 3.49429 -1.74839 -0.196202 -1.07924
4.30104 3.50286 -1.75012 -0.207607 -1.58208
4.30961 3.51143 -1.75196 -0.223323 -2.08491
4.31818 3.52 -1.75396 -0.243349 -2.58775
4.32675 3.52857 -1.75615 -0.267684 -3.09059
4.33532 3.53714 -1.75856 -0.29633 -3.59342
4.34389 3.54571 -1.76124 -0.329286 -4.09626
4.35247 3.55429 -1.76422 -0.366552 -4.5991
4.36104 3.56286 -1.76753 -0.408128 -5.10193
4.36961 3.57143 -1.77123 -0.454013 -5.60477
4.37818 3.58 -1.77531 -0.498755 -4.83488
4.38675 3.58857 -1.77976 -0.536897 -4.06498
4.39532 3.59714 -1.7845 -0.56844 -3.29507
4.40389 3.60571 -1.78948 -0.593384 -2.52517
4.41247 3.61429 -1.79465 -0.611729 -1.75526
4.42104 3.62286 -1.79995 -0.623474 -0.98536
4.42961 3.63143 -1.80532 -0.628621 -0.215456
4.43818 3.64 -1.81071 -0.627168 0.554449
4.44675 3.64857 -1.81605 -0.619116 1.32435
4.45532 3.65714 -1.8213 -0.604465 2.09426
4.46389 3.66571 -1.8264 -0.583214 2.86416
4.47247 3.67429 -1.83128 -0.555365 3.63407
4.48104 3.68286 -1.8359 -0.520916 4.40397
4.48961 3.69143 -1.84019 -0.479868 5.17388
4.49818 3.7 -1.84411 -0.432221 5.94378
4.50675 3.70857 -1.84758 -0.377975 6.71368
4.51532 3.71714 -1.85057 -0.31777 7.03508
4.52389 3.72571 -1.85304 -0.25994 6.45851
4.53247 3.73429 -1.85504 -0.207052 5.88195
4.54104 3.74286 -1.8566 -0.159106 5.30539
4.54961 3.75143 -1.85778 -0.116103 4.72883
4.55818 3.76 -1.85861 -0.0780408 4.15226
4.56675 3.76857 -1.85913 -0.044921 3.5757
4.57532 3.77714 -1.85939 -0.0167431 2.99914
4.58389 3.78571 -1.85943 0.00649283 2.42258
4.59247 3.79429 -1.8593 0.0247868 1.84601
4.60104 3.80286 -1.85902 0.0381388 1.26945
4.60961 3.81143 -1.85866 0.0465488 0.69289
4.61818 3.82 -1.85824 0.0500169 0.116328
4.62675 3.82857 -1.85781 0.048543 -0.460235
4.63532 3.83714 -1.85742 0.0421272 -1.0368
4.64389 3.84571 -1.8571 0.0307694 -1.61336
4.65247 3.85429 -1.85691 0.0144696 -2.18992
4.66104 3.86286 -1.85687 -0.00550047 -2.32117
4.66961 3.87143 -1.857 -0.0250031 -2.22944
4.67818 3.88 -1.85729 -0.0437194 -2.1377
4.68675 3.88857 -1.85775 -0.0616494 -2.04597
4.69532 3.89714 -1.85835 -0.0787931 -1.95423
4.70389 3.90571 -1.8591 -0.0951505 -1.8625
4.71247 3.91429 -1.85998 -0.110722 -1.77076
4.72104 3.92286 -1.86099 -0.125506 -1.67902
4.72961 3.93143 -1.86213 -0.139505 -1.58729
4.73818 3.94 -1.86338 -0.152717 -1.49555
4.74675 3.94857 -1.86474 -0.165143 -1.40382
4.75532 3.95714 -1.86621 -0.176782 -1.31208
4.76389 3.96571 -1.86777 -0.187636 -1.22035
4.77247 3.97429 -1.86942 -0.197703 -1.12861
4.78104 3.98286 -1.87116 -0.206983 -1.03688
4.78961 3.99143 -1.87297 -0.215478 -0.94514
4.79818 4 -1.87485 -0.223186 -0.85339
4.80675 4.00857 -1.87679 -0.228372 -0.356834
4.81532 4.01714 -1.87875 -0.229303 0.139722
4.82389 4.02571 -1.88071 -0.225977 0.636278
4.83247 4.03429 -1.88261 -0.218395 1.13283
4.84104 4.04286 -1.88444 -0.206557 1.62939
4.84961 4.05143 -1.88614 -0.190463 2.12595
4.85818 4.06 -1.88769 -0.170112 2.6225
4.86675 4.06857 -1.88905 -0.145506 3.11906
4.87532 4.07714 -1.89017 -0.116643 3.61561
4.88389 4.08571 -1.89103 -0.0835238 4.11217
4.89247 4.09429 -1.89159 -0.0461485 4.60873
4.90104 4.10286 -1.89181 -0.00451708 5.10528
4.90961 4.11143 -1.89166 0.0413706 5.60184
4.91818 4.12 -1.89109 0.0915144 6.09839
4.92675 4.12857 -1.89008 0.145914 6.59495
4.93532 4.13714 -1.88858 0.204571 7.09151
4.94389 4.14571 -1.88656 0.266857 7.14918
4.95247 4.15429 -1.88402 0.324617 6.32837
4.96104 4.16286 -1.88101 0.375343 5.50756
4.96961 4.17143 -1.87761 0.419033 4.68674
4.97818 4.18 -1.87385 0.455687 3.86593
4.98675 4.18857 -1.86981 0.485306 3.04512
4.99532 4.19714 -1.86555 0.507889 2.22431
5.00389 4.20571 -1.86113 0.523437 1.4035
5.01247 4.21429 -1.8566 0.531949 0.582687
5.02104 4.22286 -1.85203 0.533426 -0.238124
5.02961 4.23143 -1.84747 0.527867 -1.05894
5.03818 4.24 -1.843 0.515273 -1.87975
5.04675 4.24857 -1.83866 0.495643 -2.70056
5.05532 4.25714 -1.83452 0.468977 -3.52137
5.06389 4.26571 -1.83064 0.435276 -4.34218
5.07247 4.27429 -1.82708 0.39454 -5.16299
5.08104 4.28286 -1.8239 0.346768 -5.9838
5.08961 4.29143 -1.82115 0.294744 -5.83048
5.09818 4.3 -1.81883 0.247512 -5.19049
5.10675 4.30857 -1.81689 0.205765 -4.55049
5.11532 4.31714 -1.81529 0.169503 -3.9105
5.12389 4.32571 -1.81397 0.138727 -3.27051
5.13247 4.33429 -1.81289 0.113437 -2.63052
5.14104 4.34286 -1.81201 0.0936329 -1.99053
5.14961 4.35143 -1.81127 0.079314 -1.35054
5.15818 4.36 -1.81063 0.0704809 -0.710544
5.16675 4.36857 -1.81005 0.0671333 -0.070552
5.17532 4.37714 -1.80947 0.0692714 0.56944
5.18389 4.38571 -1.80885 0.0768951 1.20943
5.19247 4.39429 -1.80813 0.0900045 1.84942
5.20104 4.40286 -1.80729 0.1086 2.48941
5.20961 4.41143 -1.80626 0.13268 3.12941
5.21818 4.42 -1.805 0.162246 3.7694
5.22675 4.42857 -1.80346 0.197298 4.40939
5.23532 4.43714 -1.80161 0.234105 4.17873
5.24389 4.44571 -1.79945 0.268934 3.94804
5.25247 4.45429 -1.79701 0.301785 3.71735
5.26104 4.46286 -1.79428 0.33266 3.48666
5.26961 4.47143 -1.79131 0.361557 3.25598
5.27818 4.48 -1.78809 0.388477 3.02529
5.28675 4.48857 -1.78465 0.413419 2.7946
5.29532 4.49714 -1.78101 0.436384 2.56391
5.30389 4.50571 -1.77718 0.457372 2.33322
5.31247 4.51429 -1.77318 0.476382 2.10253
5.32104 4.52286 -1.76902 0.493415 1.87185
5.32961 4.53143 -1.76472 0.508471 1.64116
5.33818 4.54 -1.76031 0.521549 1.41047
5.34675 4.54857 -1.75579 0.53265 1.17978
5.35532 4.55714 -1.75118 0.541774 0.949092
5.36389 4.56571 -1.74651 0.54892 0.718403
5.37247 4.57429 -1.74178 0.554267 0.612211
5.38104 4.58286 -1.737 0.560127 0.75503
5.38961 4.59143 -1.73217 0.567211 0.897849
5.39818 4.6 -1.72727 0.575519 1.04067
5.40675 4.60857 -1.7223 0.585051 1.18349
5.41532 4.61714 -1.71724 0.595807 1.32631
5.42389 4.62571 -1.71208 0.607787 1.46912
5.43247 4.63429 -1.70682 0.620992 1.61194
5.44104 4.64286 -1.70144 0.635421 1.75476
5.44961 4.65143 -1.69592 0.651074 1.89758
5.45818 4.66 -1.69027 0.667951 2.0404
5.46675 4.66857 -1.68447 0.686052 2.18322
5.47532 4.67714 -1.67851 0.705377 2.32604
5.48389 4.68571 -1.67237 0.725927 2.46886
5.49247 4.69429 -1.66606 0.747701 2.61168
5.50104 4.70286 -1.65955 0.770698 2.75449
5.50961 4.71143 -1.65284 0.79492 2.89731
5.51818 4.72 -1.64592 0.819538 2.74998
5.52675 4.72857 -1.6388 0.841855 2.45741
5.53532 4.73714 -1.6315 0.861665 2.16484
5.54389 4.74571 -1.62404 0.878967 1.87227
5.55247 4.75429 -1.61644 0.893761 1.5797
5.56104 4.76286 -1.60872 0.906047 1.28714
5.56961 4.77143 -1.60091 0.915826 0.994567
5.57818 4.78 -1.59303 0.923097 0.701999
5.58675 4.78857 -1.58509 0.92786 0.409431
5.59532 4.79714 -1.57713 0.930116 0.116863
5.60389 4.80571 -1.56916 0.929864 -0.175705
5.61247 4.81429 -1.5612 0.927104 -0.468273
5.62104 4.82286 -1.55327 0.921836 -0.760842
5.62961 4.83143 -1.5454 0.914061 -1.05341
5.63818 4.84 -1.53761 0.903778 -1.34598
5.64675 4.84857 -1.52991 0.890987 -1.63855
5.65532 4.85714 -1.52234 0.875688 -1.93111
5.66389 4.86571 -1.5149 0.860104 -1.70517
5.67247 4.87429 -1.50759 0.846457 -1.47905
5.68104 4.88286 -1.50039 0.834748 -1.25294
5.68961 4.89143 -1.49328 0.824978 -1.02682
5.69818 4.9 -1.48624 0.817146 -0.800704
5.70675 4.90857 -1.47926 0.811252 -0.574587
5.71532 4.91714 -1.47233 0.807296 -0.34847
5.72389 4.92571 -1.46542 0.805278 -0.122353
5.73247 4.93429 -1.45852 0.805198 0.103764
5.74104 4.94286 -1.45161 0.807057 0.32988
5.74961 4.95143 -1.44468 0.810853 0.555997
5.75818 4.96 -1.4377 0.816588 0.782114
5.76675 4.96857 -1.43067 0.824261 1.00823
5.77532 4.97714 -1.42357 0.833872 1.23435
5.78389 4.98571 -1.41637 0.845421 1.46046
5.79247 4.99429 -1.40907 0.858909 1.68658
5.80104 5.00286 -1.40164 0.874196 1.81577
5.80961 5.01143 -1.39408 0.889482 1.75115
5.81818 5.02 -1.38639 0.904215 1.68652
5.82675 5.02857 -1.37858 0.918394 1.6219
5.83532 5.03714 -1.37065 0.932019 1.55727
5.84389 5.04571 -1.36261 0.94509 1.49265
5.85247 5.05429 -1.35445 0.957607 1.42802
5.86104 5.06286 -1.34619 0.969571 1.36339
5.86961 5.07143 -1.33783 0.98098 1.29877
5.87818 5.08 -1.32938 0.991835 1.23414
5.88675 5.08857 -1.32083 1.00214 1.16952
5.89532 5.09714 -1.3122 1.01188 1.10489
5.90389 5.10571 -1.30349 1.02108 1.04026
5.91247 5.11429 -1.2947 1.02972 0.975639
5.92104 5.12286 -1.28584 1.0378 0.911013
5.92961 5.13143 -1.27691 1.04533 0.846388
5.93818 5.14 -1.26792 1.05231 0.781762
5.94675 5.14857 -1.25887 1.05863 0.67899
5.95532 5.15714 -1.24977 1.06392 0.557129
5.96389 5.16571 -1.24063 1.06818 0.435268
5.97247 5.17429 -1.23146 1.07139 0.313406
5.98104 5.18286 -1.22227 1.07355 0.191545
5.98961 5.19143 -1.21306 1.07467 0.0696843
5.99818 5.2 -1.20385 1.07475 -0.0521768
6.00675 5.20857 -1.19464 1.07378 -0.174038
6.01532 5.21714 -1.18545 1.07176 -0.295899
6.02389 5.22571 -1.17627 1.0687 -0.41776
6.03247 5.23429 -1.16713 1.0646 -0.539621
6.04104 5.24286 -1.15802 1.05945 -0.661482
6.04961 5.25143 -1.14897 1.05326 -0.783343
6.05818 5.26 -1.13997 1.04602 -0.905204
6.06675 5.26857 -1.13104 1.03774 -1.02707
6.07532 5.27714 -1.12218 1.02842 -1.14893
6.08389 5.28571 -1.11341 1.01805 -1.27075
6.09247 5.29429 -1.10473 1.00764 -1.1565
6.10104 5.30286 -1.09614 0.998221 -1.04225
6.10961 5.31143 -1.08762 0.989777 -0.928001
6.11818 5.32 -1.07917 0.982313 -0.813753
6.12675 5.32857 -1.07077 0.975827 -0.699505
6.13532 5.33714 -1.06244 0.970321 -0.585257
6.14389 5.34571 -1.05414 0.965794 -0.471009
6.15247 5.35429 -1.04588 0.962247 -0.35676
6.16104 5.36286 -1.03764 0.959678 -0.242512
6.16961 5.37143 -1.02942 0.958089 -0.128264
6.17818 5.38 -1.02121 0.95748 -0.0140162
6.18675 5.38857 -1.013 0.957849 0.100232
6.19532 5.39714 -1.00479 0.959198 0.21448
6.20389 5.40571 -0.996558 0.961526 0.328728
6.21247 5.41429 -0.988303 0.964833 0.442976
6.22104 5.42286 -0.980016 0.96912 0.557224
6.22961 5.43143 -0.971687 0.974283 0.599842
6.23818 5.44 -0.963315 0.978993 0.499175
6.24675 5.44857 -0.954907 0.98284 0.398509
6.25532 5.45714 -0.946469 0.985825 0.297842
6.26389 5.46571 -0.938009 0.987946 0.197175
6.27247 5.47429 -0.929535 0.989205 0.0965084
6.28104 5.48286 -0.921054 0.989601 -0.0041583
6.28961 5.49143 -0.912573 0.989134 -0.104825
6.29818 5.5 -0.9041 0.987804 -0.205492
6.30675 5.50857 -0.895642 0.985611 -0.306158
6.31532 5.51714 -0.887206 0.982555 -0.406825
6.32389 5.52571 -0.878801 0.978637 -0.507492
6.33247 5.53429 -0.870432 0.973855 -0.608159
6.34104 5.54286 -0.862108 0.968211 -0.708825
6.34961 5.55143 -0.853837 0.961704 -0.809492
6.35818 5.56 -0.845624 0.954334 -0.910159
6.36675 5.56857 -0.837479 0.946101 -1.01083
6.37532 5.57714 -0.829408 0.937263 -1.02148
6.38389 5.58571 -0.821411 0.928655 -0.987127
6.39247 5.59429 -0.813487 0.920341 -0.952772
6.40104 5.60286 -0.805633 0.912321 -0.918418
6.40961 5.61143 -0.797846 0.904597 -0.884064
6.41818 5.62 -0.790125 0.897166 -0.84971
6.42675 5.62857 -0.782465 0.89003 -0.815355
6.43532 5.63714 -0.774866 0.883189 -0.781001
6.44389 5.64571 -0.767324 0.876641 -0.746647
6.45247 5.65429 -0.759837 0.870389 -0.712292
6.46104 5.66286 -0.752402 0.864431 -0.677938
6.46961 5.67143 -0.745018 0.858767 -0.643584
6.47818 5.68 -0.73768 0.853398 -0.609229
6.48675 5.68857 -0.730387 0.848323 -0.574875
6.49532 5.69714 -0.723136 0.843543 -0.540521
6.50389 5.70571 -0.715925 0.839057 -0.506167
6.51247 5.71429 -0.708752 0.834866 -0.471812
6.52104 5.72286 -0.701615 0.830118 -0.636144
6.52961 5.73143 -0.694525 0.82396 -0.800524
6.53818 5.74 -0.687494 0.816394 -0.964903
6.54675 5.74857 -0.680534 0.807419 -1.12928
6.55532 5.75714 -0.673657 0.797035 -1.29366
6.56389 5.76571 -0.666874 0.785242 -1.45804
6.57247 5.77429 -0.660199 0.77204 -1.62242
6.58104 5.78286 -0.653643 0.757429 -1.7868
6.58961 5.79143 -0.647219 0.741409 -1.95118
6.59818 5.8 -0.640938 0.72398 -2.11556
6.60675 5.80857 -0.634812 0.705143 -2.27994
6.61532 5.81714 -0.628853 0.684896 -2.44432
6.62389 5.82571 -0.623075 0.66324 -2.6087
6.63247 5.83429 -0.617488 0.640175 -2.77308
6.64104 5.84286 -0.612104 0.615702 -2.93746
6.64961 5.85143 -0.606937 0.589819 -3.10184
6.65818 5.86 -0.601997 0.562759 -3.10415
6.66675 5.86857 -0.597283 0.537533 -2.78183
6.67532 5.87714 -0.592774 0.51507 -2.45951
6.68389 5.88571 -0.588446 0.49537 -2.13719
6.69247 5.89429 -0.584274 0.478433 -1.81487
6.70104 5.90286 -0.580236 0.464258 -1.49255
6.70961 5.91143 -0.576308 0.452846 -1.17023
6.71818 5.92 -0.572465 0.444197 -0.847912
6.72675 5.92857 -0.568685 0.43831 -0.525592
6.73532 5.93714 -0.564943 0.435187 -0.203273
6.74389 5.94571 -0.561217 0.434826 0.119046
6.75247 5.95429 -0.557481 0.437227 0.441365
6.76104 5.96286 -0.553714 0.442392 0.763685
6.76961 5.97143 -0.54989 0.450319 1.086
6.77818 5.98 -0.545986 0.461009 1.40832
6.78675 5.98857 -0.541979 0.474462 1.73064
6.79532 5.99714 -0.537844 0.490677 2.05296
6.80389 6.00571 -0.533561 0.508676 2.03236
6.81247 6.01429 -0.529129 0.525273 1.84033
6.82104 6.02286 -0.524561 0.540224 1.64829
6.82961 6.03143 -0.519872 0.553529 1.45625
6.83818 6.04 -0.515077 0.565188 1.26422
6.84675 6.04857 -0.510188 0.575202 1.07218
6.85532 6.05714 -0.505221 0.583569 0.880141
6.86389 6.06571 -0.500189 0.59029 0.688104
6.87247 6.07429 -0.495106 0.595365 0.496067
6.88104 6.08286 -0.489987 0.598794 0.30403
6.88961 6.09143 -0.484846 0.600577 0.111993
6.89818 6.1 -0.479696 0.600714 -0.080044
6.90675 6.10857 -0.474553 0.599204 -0.272081
6.91532 6.11714 -0.469429 0.596049 -0.464118
6.92389 6.12571 -0.464339 0.591248 -0.656155
6.93247 6.13429 -0.459298 0.584801 -0.848192
6.94104 6.14286 -0.454319 0.576708 -1.04023
6.94961 6.15143 -0.449418 0.566384 -1.36856
6.95818 6.16 -0.444618 0.553247 -1.69692
6.96675 6.16857 -0.439942 0.537294 -2.02528
6.97532 6.17714 -0.435415 0.518528 -2.35364
6.98389 6.18571 -0.431061 0.496946 -2.682
6.99247 6.19429 -0.426904 0.47255 -3.01036
7.00104 6.20286 -0.422968 0.44534 -3.33872
7.00961 6.21143 -0.419277 0.415315 -3.66708
7.01818 6.22 -0.415856 0.382476 -3.99544
7.02675 6.22857 -0.412729 0.346822 -4.3238
7.03532 6.23714 -0.409919 0.308353 -4.65216
7.04389 6.24571 -0.407451 0.267071 -4.98052
7.05247 6.25429 -0.405349 0.222973 -5.30888
7.06104 6.26286 -0.403636 0.176061 -5.63724
7.06961 6.27143 -0.402338 0.126335 -5.9656
7.07818 6.28 -0.401479 0.0737937 -6.29396
7.08675 6.28857 -0.401081 0.0189339 -6.27553
7.09532 6.29714 -0.40114 -0.0318072 -5.56407
7.10389 6.30571 -0.401609 -0.0764502 -4.85261
7.11247 6.31429 -0.402434 -0.114995 -4.14115
7.12104 6.32286 -0.403563 -0.147441 -3.42969
7.12961 6.33143 -0.404944 -0.173789 -2.71823
7.13818 6.34 -0.406524 -0.194039 -2.00677
7.14675 6.34857 -0.408253 -0.208191 -1.29531
7.15532 6.35714 -0.410076 -0.216245 -0.583845
7.16389 6.36571 -0.411942 -0.2182 0.127615
7.17247 6.37429 -0.413799 -0.214057 0.839076
7.18104 6.38286 -0.415594 -0.203816 1.55054
7.18961 6.39143 -0.417276 -0.187476 2.262
7.19818 6.4 -0.418791 -0.165039 2.97346
7.20675 6.40857 -0.420088 -0.136503 3.68492
7.21532 6.41714 -0.421114 -0.101869 4.39638
7.22389 6.42571 -0.421816 -0.0611363 5.10784
7.23247 6.43429 -0.422149 -0.016948 4.89443
7.24104 6.44286 -0.422123 0.0221074 4.21851
7.24961 6.45143 -0.421787 0.0553692 3.54258
7.25818 6.46 -0.42119 0.0828374 2.86666
7.26675 6.46857 -0.420383 0.104512 2.19073
7.27532 6.47714 -0.419415 0.120393 1.5148
7.28389 6.48571 -0.418336 0.13048 0.838877
7.29247 6.49429 -0.417195 0.134774 0.162951
7.30104 6.50286 -0.416042 0.133273 -0.512975
7.30961 6.51143 -0.414927 0.12598 -1.1889
7.31818 6.52 -0.413899 0.112892 -1.86483
7.32675 6.52857 -0.413008 0.0940112 -2.54075
7.33532 6.53714 -0.412304 0.0693365 -3.21668
7.34389 6.54571 -0.411836 0.0388681 -3.8926
7.35247 6.55429 -0.411654 0.00260612 -4.56853
7.36104 6.56286 -0.411808 -0.0394495 -5.24446
7.36961 6.57143 -0.412347 -0.0872989 -5.92038
7.37818 6.58 -0.41331 -0.137191 -5.72109
7.38675 6.58857 -0.414694 -0.185375 -5.52178
7.39532 6.59714 -0.416483 -0.23185 -5.32246
7.40389 6.60571 -0.418664 -0.276617 -5.12315
7.41247 6.61429 -0.42122 -0.319675 -4.92383
7.42104 6.62286 -0.424139 -0.361026 -4.72452
7.42961 6.63143 -0.427405 -0.400667 -4.52521
7.43818 6.64 -0.431003 -0.4386 -4.32589
7.44675 6.64857 -0.434919 -0.474825 -4.12658
7.45532 6.65714 -0.439138 -0.509342 -3.92726
7.46389 6.66571 -0.443645 -0.54215 -3.72795
7.47247 6.67429 -0.448427 -0.573249 -3.52864
7.48104 6.68286 -0.453467 -0.602641 -3.32932
7.48961 6.69143 -0.458753 -0.630324 -3.13001
7.49818 6.7 -0.464268 -0.656298 -2.93069
7.50675 6.70857 -0.469999 -0.680564 -2.73138
7.51532 6.71714 -0.47593 -0.7029 -2.37683
7.52389 6.72571 -0.482034 -0.720421 -1.71147
7.53247 6.73429 -0.488264 -0.73224 -1.04611
7.54104 6.74286 -0.49457 -0.738355 -0.380754
7.54961 6.75143 -0.500905 -0.738767 0.284604
7.55818 6.76 -0.507219 -0.733476 0.949963
7.56675 6.76857 -0.513462 -0.722482 1.61532
7.57532 6.77714 -0.519588 -0.705784 2.28068
7.58389 6.78571 -0.525545 -0.683384 2.94604
7.59247 6.79429 -0.531286 -0.655281 3.6114
7.60104 6.80286 -0.536762 -0.621475 4.27675
7.60961 6.81143 -0.541924 -0.581965 4.94211
7.61818 6.82 -0.546723 -0.536753 5.60747
7.62675 6.82857 -0.551109 -0.485837 6.27283
7.63532 6.83714 -0.555035 -0.429218 6.93819
7.64389 6.84571 -0.558451 -0.366897 7.60355
7.65247 6.85429 -0.561308 -0.298872 8.26891
7.66104 6.86286 -0.563561 -0.22641 8.49092
7.66961 6.87143 -0.565189 -0.153631 8.49092
7.67818 6.88 -0.566194 -0.0808515 8.49092
7.68675 6.88857 -0.566575 -0.00807218 8.49092
7.69532 6.89714 -0.566333 0.0647071 8.49092
7.70389 6.90571 -0.565466 0.137486 8.49092
7.71247 6.91429 -0.563976 0.210266 8.49092
7.72104 6.92286 -0.561862 0.283045 8.49092
7.72961 6.93143 -0.559124 0.355824 8.49092
7.73818 6.94 -0.555762 0.428604 8.49092
7.74675 6.94857 -0.551776 0.501383 8.49092
7.75532 6.95714 -0.547167 0.574162 8.49092
7.76389 6.96571 -0.541933 0.646942 8.49092
7.77247 6.97429 -0.536076 0.719721 8.49092
7.78104 6.98286 -0.529595 0.7925 8.49092
7.78961 6.99143 -0.52249 0.86528 8.49092
7.79818 7 -0.514762 0.938059 8.49092


