Raw Data (#.=61)
log.afreq  log.sfreq  log.loss  storage   
==========================================
-0.773248 -1.57143 -1.28817 2.6214
-0.630391 -1.42857 -1.1005 2.6077
-0.487532 -1.28571 -1.10736 2.5902
-0.344674 -1.14285 -1.10706 2.5749
-0.20182 -1 -1.016 2.5562
-0.0589614 -0.857141 -1.00291 2.5356
0.083893 -0.714285 -0.972441 2.5143
0.226752 -0.571428 -0.967902 2.4914
0.369609 -0.428571 -0.957448 2.4691
0.512468 -0.285712 -0.909971 2.4445
0.655326 -0.142855 -0.932841 2.4189
0.79818 0 -0.913372 2.3948
0.941039 0.142859 -0.901005 2.3679
1.08389 0.285715 -0.913983 2.3427
1.22675 0.428572 -0.904584 2.3164
1.36961 0.571429 -0.924353 2.2911
1.51247 0.714288 -0.926364 2.2662
1.65533 0.857145 -0.940213 2.2417
1.79818 1 -0.958067 2.2182
1.94104 1.14286 -0.972427 2.1955
2.08389 1.28571 -0.98892 2.1736
2.22675 1.42857 -1.01013 2.1526
2.36961 1.57143 -1.03355 2.1327
2.51247 1.71429 -1.05608 2.1138
2.65533 1.85715 -1.08048 2.0959
2.79818 2 -1.10609 2.079
2.94104 2.14286 -1.13369 2.0631
3.08389 2.28571 -1.16178 2.0482
3.22675 2.42857 -1.17818 2.0341
3.36961 2.57143 -1.21394 2.0206
3.51247 2.71429 -1.25194 2.0085
3.65533 2.85715 -1.27528 1.997
3.79818 3 -1.31511 1.9864
3.94104 3.14286 -1.34127 1.9766
4.08389 3.28571 -1.38207 1.9674
4.22675 3.42857 -1.42318 1.9592
4.36961 3.57143 -1.46991 1.9516
4.51247 3.71429 -1.50099 1.9449
4.65533 3.85715 -1.51659 1.9383
4.79818 4 -1.54305 1.9322
4.94104 4.14286 -1.5474 1.9262
5.08389 4.28571 -1.56871 1.9204
5.22675 4.42857 -1.59264 1.9149
5.36961 4.57143 -1.61802 1.9097
5.51247 4.71429 -1.643 1.9048
5.65533 4.85715 -1.64924 1.9001
5.79818 5 -1.68245 1.8955
5.94104 5.14286 -1.71878 1.8914
6.08389 5.28571 -1.72508 1.8874
6.22675 5.42857 -1.76188 1.8836
6.36961 5.57143 -1.821 1.8802
6.51247 5.71429 -1.77354 1.877
6.65533 5.85715 -2.45885 1.8742
6.79818 6 -2.45198 1.8751
6.94104 6.14286 -1.97261 1.8742
7.08389 6.28571 -1.95585 1.8716
7.22675 6.42857 -1.68723 1.8718
7.36961 6.57143 -1.97729 1.8773
7.51247 6.71429 -1.40872 1.8789
7.65533 6.85715 -1.16537 1.8937
7.79818 7 -2.36226 1.9004


Cubic Spline Interpolation (Global Range)
log.afreq  log.sfreq  f  df  d2f         
=========================================
-0.773248 -1.57143 -1.28817 2.14932 -11.699
-0.764677 -1.56286 -1.27018 2.04905 -11.699
-0.756105 -1.55429 -1.25304 1.94877 -11.699
-0.747534 -1.54571 -1.23677 1.84849 -11.699
-0.738962 -1.53714 -1.22135 1.74821 -11.699
-0.730391 -1.52857 -1.2068 1.64794 -11.699
-0.721819 -1.52 -1.1931 1.54766 -11.699
-0.713248 -1.51143 -1.18027 1.44738 -11.699
-0.704677 -1.50286 -1.16829 1.3471 -11.699
-0.696105 -1.49429 -1.15717 1.24683 -11.699
-0.687534 -1.48571 -1.14692 1.14655 -11.699
-0.678962 -1.47714 -1.13752 1.04627 -11.699
-0.670391 -1.46857 -1.12898 0.945993 -11.699
-0.661819 -1.46 -1.1213 0.845715 -11.699
-0.653248 -1.45143 -1.11448 0.745438 -11.699
-0.644677 -1.44286 -1.10852 0.64516 -11.699
-0.636105 -1.43429 -1.10342 0.544883 -11.699
-0.627534 -1.42571 -1.09918 0.444977 -11.4389
-0.618962 -1.41714 -1.09578 0.350273 -10.6587
-0.610391 -1.40857 -1.09316 0.262257 -9.87844
-0.601819 -1.4 -1.09126 0.180928 -9.09818
-0.593248 -1.39143 -1.09004 0.106288 -8.31793
-0.584677 -1.38286 -1.08942 0.0383351 -7.53767
-0.576105 -1.37429 -1.08936 -0.0229296 -6.75742
-0.567534 -1.36571 -1.0898 -0.0775064 -5.97716
-0.558962 -1.35714 -1.09067 -0.125395 -5.19691
-0.550391 -1.34857 -1.09193 -0.166596 -4.41665
-0.541819 -1.34 -1.09351 -0.201109 -3.6364
-0.533248 -1.33143 -1.09536 -0.228934 -2.85614
-0.524677 -1.32286 -1.09741 -0.250072 -2.07589
-0.516105 -1.31429 -1.09962 -0.264521 -1.29563
-0.507534 -1.30571 -1.10193 -0.272283 -0.515378
-0.498962 -1.29714 -1.10427 -0.273356 0.264877
-0.490391 -1.28857 -1.1066 -0.267742 1.04513
-0.481819 -1.28 -1.10884 -0.256094 1.59627
-0.473248 -1.27143 -1.11098 -0.240541 2.03274
-0.464677 -1.26286 -1.11296 -0.221247 2.46921
-0.456105 -1.25429 -1.11476 -0.198212 2.90568
-0.447534 -1.24571 -1.11634 -0.171435 3.34215
-0.438962 -1.23714 -1.11769 -0.140918 3.77863
-0.430391 -1.22857 -1.11875 -0.106659 4.2151
-0.421819 -1.22 -1.1195 -0.0686589 4.65157
-0.413248 -1.21143 -1.11992 -0.0269178 5.08804
-0.404677 -1.20286 -1.11995 0.0185646 5.52451
-0.396105 -1.19429 -1.11959 0.0677881 5.96098
-0.387534 -1.18571 -1.11878 0.120753 6.39745
-0.378962 -1.17714 -1.11751 0.177459 6.83392
-0.370391 -1.16857 -1.11573 0.237906 7.2704
-0.361819 -1.16 -1.11342 0.302094 7.70687
-0.353248 -1.15143 -1.11054 0.370024 8.14334
-0.344677 -1.14286 -1.10706 0.441694 8.57981
-0.336105 -1.13429 -1.10297 0.510734 7.52905
-0.327534 -1.12571 -1.09833 0.570764 6.47784
-0.318962 -1.11714 -1.09322 0.621783 5.42663
-0.310391 -1.10857 -1.0877 0.663792 4.37542
-0.30182 -1.1 -1.08186 0.69679 3.32421
-0.293248 -1.09143 -1.07578 0.720778 2.27299
-0.284677 -1.08286 -1.06953 0.735756 1.22178
-0.276105 -1.07429 -1.06319 0.741723 0.170569
-0.267534 -1.06571 -1.05684 0.73868 -0.880643
-0.258962 -1.05714 -1.05056 0.726626 -1.93186
-0.250391 -1.04857 -1.04441 0.705562 -2.98307
-0.24182 -1.04 -1.03849 0.675488 -4.03428
-0.233248 -1.03143 -1.03286 0.636403 -5.08549
-0.224677 -1.02286 -1.0276 0.588308 -6.1367
-0.216105 -1.01429 -1.0228 0.531202 -7.18792
-0.207534 -1.00571 -1.01852 0.465086 -8.23913
-0.198962 -0.997142 -1.01485 0.390838 -8.67591
-0.190391 -0.988571 -1.01181 0.319866 -7.88415
-0.18182 -0.979999 -1.00935 0.255681 -7.09239
-0.173248 -0.971428 -1.00741 0.198283 -6.30063
-0.164677 -0.962857 -1.00593 0.14767 -5.50887
-0.156105 -0.954285 -1.00486 0.103845 -4.71711
-0.147534 -0.945714 -1.00413 0.0668058 -3.92535
-0.138962 -0.937142 -1.00369 0.0365532 -3.13359
-0.130391 -0.928571 -1.00348 0.0130871 -2.34183
-0.12182 -0.919999 -1.00345 -0.00359242 -1.55007
-0.113248 -0.911428 -1.00353 -0.0134854 -0.758306
-0.104677 -0.902857 -1.00366 -0.0165919 0.0334545
-0.0961052 -0.894285 -1.00379 -0.0129119 0.825215
-0.0875338 -0.885714 -1.00386 -0.00244541 1.61698
-0.0789624 -0.877142 -1.00381 0.0148076 2.40874
-0.0703909 -0.868571 -1.00359 0.0388472 3.2005
-0.0618195 -0.859999 -1.00313 0.0696733 3.99226
-0.0532481 -0.851428 -1.00238 0.104952 3.9671
-0.0446767 -0.842857 -1.00134 0.137097 3.5332
-0.0361052 -0.834285 -1.00004 0.165522 3.0993
-0.0275338 -0.825714 -0.998512 0.190227 2.6654
-0.0189624 -0.817142 -0.996789 0.211214 2.2315
-0.0103909 -0.808571 -0.994902 0.228482 1.79759
-0.00181951 -0.799999 -0.992883 0.24203 1.36369
0.00675192 -0.791428 -0.990763 0.251859 0.929789
0.0153233 -0.782857 -0.988576 0.257969 0.495886
0.0238948 -0.774285 -0.986351 0.26036 0.0619842
0.0324662 -0.765714 -0.984123 0.259032 -0.371918
0.0410376 -0.757142 -0.981922 0.253984 -0.80582
0.0496091 -0.748571 -0.979779 0.245218 -1.23972
0.0581805 -0.739999 -0.977728 0.232732 -1.67362
0.0667519 -0.731428 -0.9758 0.216527 -2.10753
0.0753233 -0.722857 -0.974027 0.196603 -2.54143
0.0838948 -0.714285 -0.972441 0.17296 -2.9752
0.0924662 -0.705714 -0.971065 0.148228 -2.79546
0.101038 -0.697142 -0.969895 0.125037 -2.61572
0.109609 -0.688571 -0.968917 0.103387 -2.43598
0.11818 -0.679999 -0.968118 0.0832778 -2.25624
0.126752 -0.671428 -0.967485 0.0647089 -2.0765
0.135323 -0.662857 -0.967005 0.0476806 -1.89676
0.143895 -0.654285 -0.966664 0.032193 -1.71702
0.152466 -0.645714 -0.966449 0.0182461 -1.53728
0.161038 -0.637142 -0.966346 0.00583973 -1.35754
0.169609 -0.628571 -0.966344 -0.00502597 -1.17779
0.17818 -0.619999 -0.966428 -0.014351 -0.998054
0.186752 -0.611428 -0.966586 -0.0221355 -0.818313
0.195323 -0.602857 -0.966803 -0.0283793 -0.638572
0.203895 -0.594285 -0.967068 -0.0330824 -0.458831
0.212466 -0.585714 -0.967366 -0.0362449 -0.27909
0.221038 -0.577142 -0.967685 -0.0378668 -0.0993486
0.229609 -0.568571 -0.968011 -0.0379019 0.112716
0.23818 -0.559999 -0.968328 -0.0357498 0.389431
0.246752 -0.551428 -0.968617 -0.0312259 0.666146
0.255323 -0.542857 -0.968856 -0.0243302 0.942861
0.263895 -0.534285 -0.969027 -0.0150626 1.21958
0.272466 -0.525714 -0.969108 -0.00342315 1.49629
0.281038 -0.517142 -0.969079 0.0105881 1.77301
0.289609 -0.508571 -0.96892 0.0269712 2.04972
0.29818 -0.499999 -0.96861 0.0457262 2.32644
0.306752 -0.491428 -0.968129 0.066853 2.60315
0.315323 -0.482857 -0.967457 0.0903516 2.87987
0.323895 -0.474285 -0.966573 0.116222 3.15658
0.332466 -0.465714 -0.965458 0.144464 3.4333
0.341038 -0.457142 -0.96409 0.175079 3.71001
0.349609 -0.448571 -0.96245 0.208065 3.98673
0.35818 -0.439999 -0.960516 0.243422 4.26344
0.366752 -0.431428 -0.95827 0.281152 4.54016
0.375323 -0.422857 -0.955694 0.319321 4.14048
0.383895 -0.414285 -0.952813 0.351649 3.40262
0.392466 -0.405714 -0.949683 0.377652 2.66475
0.401038 -0.397142 -0.946358 0.39733 1.92689
0.409609 -0.388571 -0.94289 0.410684 1.18903
0.41818 -0.379999 -0.939335 0.417714 0.451165
0.426752 -0.371428 -0.935747 0.418418 -0.286698
0.435323 -0.362857 -0.93218 0.412799 -1.02456
0.443895 -0.354285 -0.928689 0.400854 -1.76242
0.452466 -0.345714 -0.925327 0.382586 -2.50029
0.461038 -0.337142 -0.922148 0.357992 -3.23815
0.469609 -0.328571 -0.919208 0.327075 -3.97601
0.47818 -0.319999 -0.916559 0.289832 -4.71388
0.486752 -0.311428 -0.914257 0.246265 -5.45174
0.495323 -0.302857 -0.912356 0.196374 -6.1896
0.503895 -0.294285 -0.910909 0.140158 -6.92746
0.512466 -0.285714 -0.909971 0.0776173 -7.66533
0.521038 -0.277142 -0.909578 0.015258 -6.88485
0.529609 -0.268571 -0.90969 -0.0404086 -6.10405
0.53818 -0.259999 -0.910251 -0.0893828 -5.32325
0.546752 -0.251428 -0.911204 -0.131664 -4.54245
0.555323 -0.242857 -0.912489 -0.167253 -3.76164
0.563895 -0.234285 -0.914052 -0.19615 -2.98084
0.572466 -0.225714 -0.915833 -0.218353 -2.20004
0.581038 -0.217142 -0.917776 -0.233865 -1.41924
0.589609 -0.208571 -0.919823 -0.242683 -0.63844
0.59818 -0.199999 -0.921917 -0.244809 0.142361
0.606752 -0.191428 -0.924001 -0.240243 0.923162
0.615323 -0.182857 -0.926016 -0.228984 1.70396
0.623895 -0.174285 -0.927907 -0.211032 2.48476
0.632466 -0.165714 -0.929615 -0.186388 3.26556
0.641038 -0.157142 -0.931083 -0.155051 4.04637
0.649609 -0.148571 -0.932254 -0.117021 4.82717
0.65818 -0.139999 -0.93307 -0.0728595 5.21554
0.666752 -0.131428 -0.933508 -0.0298589 4.81795
0.675323 -0.122857 -0.933592 0.00973395 4.42037
0.683895 -0.114285 -0.933351 0.0459189 4.02278
0.692466 -0.105714 -0.932815 0.0786959 3.62519
0.701038 -0.0971423 -0.932012 0.108065 3.22761
0.709609 -0.0885709 -0.930972 0.134026 2.83002
0.71818 -0.0799994 -0.929724 0.15658 2.43243
0.726752 -0.071428 -0.928297 0.175725 2.03485
0.735323 -0.0628566 -0.926721 0.191463 1.63726
0.743895 -0.0542852 -0.925025 0.203792 1.23967
0.752466 -0.0457137 -0.923237 0.212714 0.842086
0.761038 -0.0371423 -0.921388 0.218228 0.444499
0.769609 -0.0285709 -0.919506 0.220334 0.0469124
0.77818 -0.0199994 -0.917621 0.219032 -0.350674
0.786752 -0.011428 -0.915761 0.214323 -0.748261
0.795323 -0.00285659 -0.913956 0.206205 -1.14585
0.803895 0.00571484 -0.912234 0.195318 -1.32013
0.812466 0.0142863 -0.91061 0.183734 -1.38278
0.821038 0.0228577 -0.909086 0.171613 -1.44543
0.829609 0.0314291 -0.907669 0.158955 -1.50808
0.83818 0.0400006 -0.906363 0.14576 -1.57073
0.846752 0.048572 -0.905172 0.132028 -1.63338
0.855323 0.0571434 -0.904101 0.117759 -1.69603
0.863895 0.0657148 -0.903155 0.102953 -1.75869
0.872466 0.0742863 -0.902338 0.0876103 -1.82134
0.881038 0.0828577 -0.901654 0.0717303 -1.88399
0.889609 0.0914291 -0.90111 0.0553134 -1.94664
0.89818 0.100001 -0.900708 0.0383594 -2.00929
0.906752 0.108572 -0.900454 0.0208684 -2.07194
0.915323 0.117143 -0.900352 0.00284034 -2.13459
0.923895 0.125715 -0.900406 -0.0157247 -2.19725
0.932466 0.134286 -0.900623 -0.0348267 -2.2599
0.941038 0.142858 -0.901005 -0.0544658 -2.32255
0.949609 0.151429 -0.901553 -0.0729751 -1.99622
0.95818 0.160001 -0.902248 -0.0886867 -1.66983
0.966752 0.168572 -0.903065 -0.101601 -1.34344
0.975323 0.177143 -0.903982 -0.111717 -1.01705
0.983895 0.185715 -0.904973 -0.119036 -0.690658
0.992466 0.194286 -0.906014 -0.123557 -0.364267
1.00104 0.202858 -0.907083 -0.12528 -0.0378766
1.00961 0.211429 -0.908154 -0.124206 0.288514
1.01818 0.220001 -0.909204 -0.120335 0.614905
1.02675 0.228572 -0.910209 -0.113665 0.941296
1.03532 0.237143 -0.911145 -0.104198 1.26769
1.04389 0.245715 -0.911987 -0.0919333 1.59408
1.05247 0.254286 -0.912713 -0.076871 1.92047
1.06104 0.262858 -0.913297 -0.059011 2.24686
1.06961 0.271429 -0.913716 -0.0383534 2.57325
1.07818 0.280001 -0.913946 -0.0148981 2.89964
1.08675 0.288572 -0.913964 0.0110079 2.9834
1.09532 0.297143 -0.913765 0.0348611 2.58235
1.10389 0.305715 -0.913376 0.0552767 2.18129
1.11247 0.314286 -0.912827 0.0722547 1.78024
1.12104 0.322858 -0.912147 0.0857951 1.37918
1.12961 0.331429 -0.911366 0.0958978 0.978124
1.13818 0.340001 -0.910513 0.102563 0.577069
1.14675 0.348572 -0.909618 0.10579 0.176013
1.15532 0.357143 -0.908709 0.10558 -0.225043
1.16389 0.365715 -0.907818 0.101933 -0.626099
1.17247 0.374286 -0.906972 0.0948472 -1.02715
1.18104 0.382858 -0.906201 0.0843242 -1.42821
1.18961 0.391429 -0.905536 0.0703636 -1.82927
1.19818 0.400001 -0.905005 0.0529653 -2.23032
1.20675 0.408572 -0.904638 0.0321295 -2.63138
1.21532 0.417143 -0.904464 0.00785601 -3.03243
1.22389 0.425715 -0.904513 -0.0198551 -3.43349
1.23247 0.434286 -0.904812 -0.0495378 -3.32145
1.24104 0.442858 -0.905354 -0.0764277 -2.95284
1.24961 0.451429 -0.906113 -0.100158 -2.58424
1.25818 0.460001 -0.907062 -0.120729 -2.21563
1.26675 0.468572 -0.908173 -0.13814 -1.84703
1.27532 0.477143 -0.909421 -0.152392 -1.47842
1.28389 0.485715 -0.910777 -0.163485 -1.10982
1.29247 0.494286 -0.912214 -0.171418 -0.741211
1.30104 0.502858 -0.913706 -0.176191 -0.372606
1.30961 0.511429 -0.915226 -0.177805 -0.00400093
1.31818 0.520001 -0.916745 -0.17626 0.364604
1.32675 0.528572 -0.918238 -0.171555 0.73321
1.33532 0.537143 -0.919677 -0.16369 1.10181
1.34389 0.545715 -0.921035 -0.152667 1.47042
1.35247 0.554286 -0.922285 -0.138483 1.83903
1.36104 0.562858 -0.9234 -0.12114 2.20763
1.36961 0.571429 -0.924353 -0.100638 2.57624
1.37818 0.580001 -0.925124 -0.0796086 2.33065
1.38675 0.588572 -0.925724 -0.0606842 2.08506
1.39532 0.597143 -0.92617 -0.0438647 1.83947
1.40389 0.605715 -0.926482 -0.0291503 1.59389
1.41247 0.614286 -0.926676 -0.016541 1.3483
1.42104 0.622858 -0.926771 -0.00603666 1.10271
1.42961 0.631429 -0.926786 0.00236263 0.857123
1.43818 0.640001 -0.926737 0.00865687 0.611535
1.44675 0.648572 -0.926643 0.0128461 0.365948
1.45532 0.657143 -0.926523 0.0149303 0.12036
1.46389 0.665715 -0.926393 0.0149094 -0.125227
1.47247 0.674286 -0.926273 0.0127835 -0.370815
1.48104 0.682858 -0.92618 0.00855257 -0.616403
1.48961 0.691429 -0.926132 0.00221661 -0.86199
1.49818 0.700001 -0.926148 -0.0062244 -1.10758
1.50675 0.708572 -0.926245 -0.0167704 -1.35317
1.51532 0.717143 -0.926441 -0.0292611 -1.4864
1.52389 0.725715 -0.926746 -0.0416087 -1.39471
1.53247 0.734286 -0.927152 -0.0531705 -1.30302
1.54104 0.742858 -0.927655 -0.0639463 -1.21134
1.54961 0.751429 -0.928246 -0.0739362 -1.11965
1.55818 0.76 -0.92892 -0.0831402 -1.02796
1.56675 0.768572 -0.929669 -0.0915583 -0.93627
1.57532 0.777143 -0.930488 -0.0991906 -0.844581
1.58389 0.785715 -0.931368 -0.106037 -0.752893
1.59247 0.794286 -0.932303 -0.112097 -0.661205
1.60104 0.802858 -0.933287 -0.117372 -0.569516
1.60961 0.811429 -0.934313 -0.12186 -0.477828
1.61818 0.82 -0.935374 -0.125563 -0.386139
1.62675 0.828572 -0.936463 -0.12848 -0.294451
1.63532 0.837143 -0.937574 -0.130611 -0.202762
1.64389 0.845715 -0.9387 -0.131956 -0.111074
1.65247 0.854286 -0.939834 -0.132515 -0.0193856
1.66104 0.862858 -0.94097 -0.13243 0.0225338
1.66961 0.871429 -0.942104 -0.132164 0.0395333
1.67818 0.88 -0.943235 -0.131753 0.0565328
1.68675 0.888572 -0.944362 -0.131195 0.0735322
1.69532 0.897143 -0.945484 -0.130492 0.0905317
1.70389 0.905715 -0.946599 -0.129643 0.107531
1.71247 0.914286 -0.947706 -0.128649 0.124531
1.72104 0.922858 -0.948804 -0.127508 0.14153
1.72961 0.931429 -0.949891 -0.126222 0.158529
1.73818 0.94 -0.950967 -0.124791 0.175529
1.74675 0.948572 -0.95203 -0.123213 0.192528
1.75532 0.957143 -0.953079 -0.12149 0.209528
1.76389 0.965715 -0.954112 -0.119621 0.226527
1.77247 0.974286 -0.955129 -0.117607 0.243527
1.78104 0.982858 -0.956128 -0.115447 0.260526
1.78961 0.991429 -0.957108 -0.113141 0.277526
1.79818 1 -0.958067 -0.110689 0.294523
1.80675 1.00857 -0.959005 -0.108282 0.267138
1.81532 1.01714 -0.959924 -0.10611 0.239754
1.82389 1.02571 -0.960825 -0.104172 0.21237
1.83247 1.03429 -0.96171 -0.102469 0.184985
1.84104 1.04286 -0.962582 -0.101001 0.157601
1.84961 1.05143 -0.963443 -0.0997673 0.130216
1.85818 1.06 -0.964293 -0.0987685 0.102832
1.86675 1.06857 -0.965136 -0.0980045 0.0754473
1.87532 1.07714 -0.965974 -0.0974751 0.0480629
1.88389 1.08571 -0.966808 -0.0971805 0.0206784
1.89247 1.09429 -0.967641 -0.0971207 -0.00670604
1.90104 1.10286 -0.968474 -0.0972955 -0.0340905
1.90961 1.11143 -0.969309 -0.0977051 -0.0614749
1.91818 1.12 -0.970149 -0.0983494 -0.0888594
1.92675 1.12857 -0.970996 -0.0992284 -0.116244
1.93532 1.13714 -0.971851 -0.100342 -0.143628
1.94389 1.14571 -0.972717 -0.101681 -0.164135
1.95247 1.15429 -0.973594 -0.103117 -0.170877
1.96104 1.16286 -0.974485 -0.10461 -0.177618
1.96961 1.17143 -0.975388 -0.106161 -0.184359
1.97818 1.18 -0.976305 -0.107771 -0.191101
1.98675 1.18857 -0.977236 -0.109437 -0.197842
1.99532 1.19714 -0.978181 -0.111162 -0.204584
2.00389 1.20571 -0.979141 -0.112945 -0.211325
2.01247 1.21429 -0.980117 -0.114785 -0.218067
2.02104 1.22286 -0.981109 -0.116683 -0.224808
2.02961 1.23143 -0.982118 -0.118639 -0.231549
2.03818 1.24 -0.983143 -0.120652 -0.238291
2.04675 1.24857 -0.984186 -0.122724 -0.245032
2.05532 1.25714 -0.985247 -0.124853 -0.251774
2.06389 1.26571 -0.986327 -0.12704 -0.258515
2.07247 1.27429 -0.987425 -0.129284 -0.265257
2.08104 1.28286 -0.988543 -0.131587 -0.271998
2.08961 1.29143 -0.989681 -0.133918 -0.268394
2.09818 1.3 -0.990839 -0.136181 -0.259623
2.10675 1.30857 -0.992015 -0.138368 -0.250851
2.11532 1.31714 -0.99321 -0.140481 -0.242079
2.12389 1.32571 -0.994423 -0.142518 -0.233307
2.13247 1.33429 -0.995653 -0.144481 -0.224536
2.14104 1.34286 -0.9969 -0.146368 -0.215764
2.14961 1.35143 -0.998162 -0.148179 -0.206992
2.15818 1.36 -0.99944 -0.149916 -0.198221
2.16675 1.36857 -1.00073 -0.151577 -0.189449
2.17532 1.37714 -1.00204 -0.153164 -0.180677
2.18389 1.38571 -1.00336 -0.154675 -0.171905
2.19247 1.39429 -1.00469 -0.156111 -0.163134
2.20104 1.40286 -1.00603 -0.157471 -0.154362
2.20961 1.41143 -1.00739 -0.158757 -0.14559
2.21818 1.42 -1.00875 -0.159967 -0.136819
2.22675 1.42857 -1.01013 -0.161102 -0.128047
2.23532 1.43714 -1.01152 -0.162132 -0.112115
2.24389 1.44571 -1.01291 -0.163024 -0.0961824
2.25247 1.45429 -1.01431 -0.16378 -0.0802501
2.26104 1.46286 -1.01572 -0.1644 -0.0643178
2.26961 1.47143 -1.01713 -0.164883 -0.0483855
2.27818 1.48 -1.01854 -0.165229 -0.0324532
2.28675 1.48857 -1.01996 -0.165439 -0.0165208
2.29532 1.49714 -1.02138 -0.165513 -0.000588533
2.30389 1.50571 -1.0228 -0.165449 0.0153438
2.31247 1.51429 -1.02422 -0.16525 0.0312761
2.32104 1.52286 -1.02563 -0.164913 0.0472084
2.32961 1.53143 -1.02704 -0.16444 0.0631407
2.33818 1.54 -1.02845 -0.163831 0.079073
2.34675 1.54857 -1.02985 -0.163085 0.0950054
2.35532 1.55714 -1.03124 -0.162202 0.110938
2.36389 1.56571 -1.03263 -0.161183 0.12687
2.37247 1.57429 -1.03401 -0.160043 0.131497
2.38104 1.58286 -1.03537 -0.158993 0.113515
2.38961 1.59143 -1.03673 -0.158097 0.0955317
2.39818 1.6 -1.03808 -0.157356 0.0775489
2.40675 1.60857 -1.03943 -0.156768 0.0595661
2.41532 1.61714 -1.04077 -0.156335 0.0415833
2.42389 1.62571 -1.04211 -0.156055 0.0236005
2.43247 1.63429 -1.04345 -0.15593 0.00561767
2.44104 1.64286 -1.04478 -0.155959 -0.0123651
2.44961 1.65143 -1.04612 -0.156142 -0.030348
2.45818 1.66 -1.04746 -0.156479 -0.0483308
2.46675 1.66857 -1.04881 -0.15697 -0.0663136
2.47532 1.67714 -1.05015 -0.157616 -0.0842964
2.48389 1.68571 -1.05151 -0.158416 -0.102279
2.49247 1.69429 -1.05287 -0.159369 -0.120262
2.50104 1.70286 -1.05424 -0.160477 -0.138245
2.50961 1.71143 -1.05562 -0.161739 -0.156228
2.51818 1.72 -1.05701 -0.163107 -0.157216
2.52675 1.72857 -1.05842 -0.164422 -0.149699
2.53532 1.73714 -1.05983 -0.165673 -0.142181
2.54389 1.74571 -1.06126 -0.16686 -0.134664
2.55247 1.75429 -1.06269 -0.167982 -0.127147
2.56104 1.76286 -1.06414 -0.169039 -0.119629
2.56961 1.77143 -1.06559 -0.170032 -0.112112
2.57818 1.78 -1.06705 -0.170961 -0.104595
2.58675 1.78857 -1.06852 -0.171825 -0.0970774
2.59532 1.79714 -1.07 -0.172625 -0.0895601
2.60389 1.80571 -1.07148 -0.173361 -0.0820428
2.61247 1.81429 -1.07297 -0.174032 -0.0745254
2.62104 1.82286 -1.07446 -0.174638 -0.0670081
2.62961 1.83143 -1.07596 -0.17518 -0.0594908
2.63818 1.84 -1.07747 -0.175658 -0.0519735
2.64675 1.84857 -1.07897 -0.176071 -0.0444561
2.65532 1.85714 -1.08048 -0.17642 -0.0369388
2.66389 1.86571 -1.082 -0.176739 -0.0374082
2.67247 1.87429 -1.08351 -0.177062 -0.0378802
2.68104 1.88286 -1.08503 -0.177388 -0.0383521
2.68961 1.89143 -1.08655 -0.177719 -0.0388241
2.69818 1.9 -1.08808 -0.178054 -0.0392961
2.70675 1.90857 -1.08961 -0.178393 -0.0397681
2.71532 1.91714 -1.09114 -0.178736 -0.04024
2.72389 1.92571 -1.09267 -0.179083 -0.040712
2.73247 1.93429 -1.09421 -0.179434 -0.041184
2.74104 1.94286 -1.09575 -0.179789 -0.0416559
2.74961 1.95143 -1.09729 -0.180148 -0.0421279
2.75818 1.96 -1.09883 -0.180511 -0.0425999
2.76675 1.96857 -1.10038 -0.180878 -0.0430718
2.77532 1.97714 -1.10194 -0.181249 -0.0435438
2.78389 1.98571 -1.10349 -0.181624 -0.0440158
2.79247 1.99429 -1.10505 -0.182004 -0.0444878
2.80104 2.00286 -1.10661 -0.182396 -0.0513152
2.80961 2.01143 -1.10818 -0.18292 -0.070851
2.81818 2.02 -1.10975 -0.183611 -0.0903869
2.82675 2.02857 -1.11132 -0.184469 -0.109923
2.83532 2.03714 -1.11291 -0.185495 -0.129459
2.84389 2.04571 -1.11451 -0.186688 -0.148994
2.85247 2.05429 -1.11611 -0.188049 -0.16853
2.86104 2.06286 -1.11773 -0.189578 -0.188066
2.86961 2.07143 -1.11936 -0.191273 -0.207602
2.87818 2.08 -1.12101 -0.193136 -0.227138
2.88675 2.08857 -1.12267 -0.195167 -0.246673
2.89532 2.09714 -1.12435 -0.197365 -0.266209
2.90389 2.10571 -1.12606 -0.199731 -0.285745
2.91247 2.11429 -1.12778 -0.202264 -0.305281
2.92104 2.12286 -1.12952 -0.204964 -0.324817
2.92961 2.13143 -1.13129 -0.207832 -0.344353
2.93818 2.14 -1.13309 -0.210867 -0.363888
2.94675 2.14857 -1.13491 -0.213832 -0.300215
2.95532 2.15714 -1.13675 -0.215954 -0.194904
2.96389 2.16571 -1.13861 -0.217173 -0.0895927
2.97247 2.17429 -1.14047 -0.21749 0.0157183
2.98104 2.18286 -1.14233 -0.216904 0.121029
2.98961 2.19143 -1.14419 -0.215415 0.22634
2.99818 2.2 -1.14602 -0.213024 0.331651
3.00675 2.20857 -1.14784 -0.20973 0.436962
3.01532 2.21714 -1.14962 -0.205533 0.542273
3.02389 2.22571 -1.15136 -0.200434 0.647584
3.03247 2.23429 -1.15305 -0.194432 0.752895
3.04104 2.24286 -1.15469 -0.187527 0.858206
3.04961 2.25143 -1.15626 -0.17972 0.963517
3.05818 2.26 -1.15777 -0.17101 1.06883
3.06675 2.26857 -1.15919 -0.161397 1.17414
3.07532 2.27714 -1.16053 -0.150881 1.27945
3.08389 2.28571 -1.16178 -0.139463 1.3847
3.09247 2.29429 -1.16292 -0.128396 1.1976
3.10104 2.30286 -1.16398 -0.118933 1.01049
3.10961 2.31143 -1.16497 -0.111074 0.82338
3.11818 2.32 -1.16589 -0.104818 0.636272
3.12675 2.32857 -1.16677 -0.100166 0.449164
3.13532 2.33714 -1.16761 -0.0971181 0.262056
3.14389 2.34571 -1.16844 -0.0956738 0.0749482
3.15247 2.35429 -1.16926 -0.0958333 -0.11216
3.16104 2.36286 -1.17008 -0.0975966 -0.299268
3.16961 2.37143 -1.17093 -0.100964 -0.486376
3.17818 2.38 -1.17182 -0.105934 -0.673484
3.18675 2.38857 -1.17275 -0.112509 -0.860592
3.19532 2.39714 -1.17375 -0.120687 -1.0477
3.20389 2.40571 -1.17483 -0.13047 -1.23481
3.21247 2.41429 -1.17599 -0.141856 -1.42192
3.22104 2.42286 -1.17726 -0.154845 -1.60902
3.22961 2.43143 -1.17865 -0.169304 -1.70193
3.23818 2.44 -1.18017 -0.183483 -1.60642
3.24675 2.44857 -1.1818 -0.196843 -1.5109
3.25532 2.45714 -1.18354 -0.209384 -1.41539
3.26389 2.46571 -1.18538 -0.221107 -1.31987
3.27247 2.47429 -1.18733 -0.23201 -1.22436
3.28104 2.48286 -1.18936 -0.242096 -1.12884
3.28961 2.49143 -1.19147 -0.251362 -1.03333
3.29818 2.5 -1.19366 -0.25981 -0.937813
3.30675 2.50857 -1.19592 -0.267439 -0.842298
3.31532 2.51714 -1.19825 -0.274249 -0.746783
3.32389 2.52571 -1.20062 -0.280241 -0.651268
3.33247 2.53429 -1.20305 -0.285414 -0.555753
3.34104 2.54286 -1.20551 -0.289768 -0.460238
3.34961 2.55143 -1.20801 -0.293304 -0.364723
3.35818 2.56 -1.21054 -0.29602 -0.269208
3.36675 2.56857 -1.21309 -0.297919 -0.173694
3.37532 2.57714 -1.21564 -0.298976 -0.0705069
3.38389 2.58571 -1.21821 -0.299122 0.0365158
3.39247 2.59429 -1.22077 -0.29835 0.143538
3.40104 2.60286 -1.22332 -0.296661 0.250561
3.40961 2.61143 -1.22585 -0.294055 0.357584
3.41818 2.62 -1.22836 -0.290531 0.464606
3.42675 2.62857 -1.23083 -0.28609 0.571629
3.43532 2.63714 -1.23326 -0.280732 0.678652
3.44389 2.64571 -1.23564 -0.274456 0.785674
3.45247 2.65429 -1.23796 -0.267263 0.892697
3.46104 2.66286 -1.24022 -0.259153 0.999719
3.46961 2.67143 -1.2424 -0.250125 1.10674
3.47818 2.68 -1.24451 -0.24018 1.21376
3.48675 2.68857 -1.24652 -0.229318 1.32079
3.49532 2.69714 -1.24843 -0.217538 1.42781
3.50389 2.70571 -1.25024 -0.204841 1.53483
3.51247 2.71429 -1.25194 -0.191226 1.64186
3.52104 2.72286 -1.25352 -0.178118 1.41663
3.52961 2.73143 -1.255 -0.166941 1.19133
3.53818 2.74 -1.25639 -0.157696 0.966033
3.54675 2.74857 -1.25771 -0.150381 0.740734
3.55532 2.75714 -1.25898 -0.144997 0.515434
3.56389 2.76571 -1.2602 -0.141545 0.290135
3.57247 2.77429 -1.26141 -0.140024 0.0648361
3.58104 2.78286 -1.26261 -0.140433 -0.160463
3.58961 2.79143 -1.26382 -0.142774 -0.385762
3.59818 2.8 -1.26506 -0.147046 -0.611061
3.60675 2.80857 -1.26635 -0.15325 -0.836361
3.61532 2.81714 -1.26769 -0.161384 -1.06166
3.62389 2.82571 -1.26912 -0.17145 -1.28696
3.63247 2.83429 -1.27064 -0.183446 -1.51226
3.64104 2.84286 -1.27227 -0.197374 -1.73756
3.64961 2.85143 -1.27403 -0.213233 -1.96286
3.65818 2.86 -1.27593 -0.2308 -2.03171
3.66675 2.86857 -1.27798 -0.247166 -1.7872
3.67532 2.87714 -1.28016 -0.261437 -1.54269
3.68389 2.88571 -1.28246 -0.273612 -1.29818
3.69247 2.89429 -1.28485 -0.283692 -1.05366
3.70104 2.90286 -1.28731 -0.291675 -0.809155
3.70961 2.91143 -1.28984 -0.297563 -0.564645
3.71818 2.92 -1.29241 -0.301355 -0.320135
3.72675 2.92857 -1.295 -0.303051 -0.0756245
3.73532 2.93714 -1.2976 -0.302651 0.168886
3.74389 2.94571 -1.30018 -0.300156 0.413396
3.75247 2.95429 -1.30274 -0.295564 0.657906
3.76104 2.96286 -1.30524 -0.288877 0.902416
3.76961 2.97143 -1.30768 -0.280094 1.14693
3.77818 2.98 -1.31004 -0.269216 1.39144
3.78675 2.98857 -1.31229 -0.256241 1.63595
3.79532 2.99714 -1.31442 -0.241171 1.88046
3.80389 3.00571 -1.31642 -0.224891 1.81472
3.81247 3.01429 -1.31829 -0.210283 1.5939
3.82104 3.02286 -1.32003 -0.197567 1.37307
3.82961 3.03143 -1.32168 -0.186745 1.15224
3.83818 3.04 -1.32324 -0.177815 0.931413
3.84675 3.04857 -1.32473 -0.170778 0.710585
3.85532 3.05714 -1.32617 -0.165633 0.489758
3.86389 3.06571 -1.32758 -0.162382 0.26893
3.87247 3.07429 -1.32896 -0.161023 0.0481028
3.88104 3.08286 -1.33034 -0.161557 -0.172725
3.88961 3.09143 -1.33174 -0.163984 -0.393552
3.89818 3.1 -1.33316 -0.168304 -0.61438
3.90675 3.10857 -1.33463 -0.174516 -0.835207
3.91532 3.11714 -1.33616 -0.182622 -1.05603
3.92389 3.12571 -1.33776 -0.19262 -1.27686
3.93247 3.13429 -1.33946 -0.204511 -1.49769
3.94104 3.14286 -1.34127 -0.218294 -1.71852
3.94961 3.15143 -1.34321 -0.232426 -1.57874
3.95818 3.16 -1.34525 -0.245358 -1.43889
3.96675 3.16857 -1.34741 -0.257093 -1.29905
3.97532 3.17714 -1.34966 -0.267628 -1.15921
3.98389 3.18571 -1.35199 -0.276965 -1.01936
3.99247 3.19429 -1.3544 -0.285103 -0.87952
4.00104 3.20286 -1.35688 -0.292042 -0.739676
4.00961 3.21143 -1.35941 -0.297783 -0.599833
4.01818 3.22 -1.36198 -0.302325 -0.459989
4.02675 3.22857 -1.36459 -0.305668 -0.320146
4.03532 3.23714 -1.36722 -0.307813 -0.180302
4.04389 3.24571 -1.36986 -0.308759 -0.0404585
4.05247 3.25429 -1.37251 -0.308507 0.099385
4.06104 3.26286 -1.37514 -0.307056 0.239229
4.06961 3.27143 -1.37777 -0.304406 0.379072
4.07818 3.28 -1.38036 -0.300557 0.518916
4.08675 3.28857 -1.38291 -0.295618 0.583412
4.09532 3.29714 -1.38543 -0.290986 0.497341
4.10389 3.30571 -1.3879 -0.287092 0.41127
4.11247 3.31429 -1.39035 -0.283936 0.325199
4.12104 3.32286 -1.39277 -0.281517 0.239128
4.12961 3.33143 -1.39518 -0.279836 0.153057
4.13818 3.34 -1.39757 -0.278893 0.0669861
4.14675 3.34857 -1.39996 -0.278688 -0.0190848
4.15532 3.35714 -1.40235 -0.27922 -0.105156
4.16389 3.36571 -1.40475 -0.280491 -0.191227
4.17247 3.37429 -1.40716 -0.282498 -0.277298
4.18104 3.38286 -1.4096 -0.285244 -0.363368
4.18961 3.39143 -1.41206 -0.288728 -0.449439
4.19818 3.4 -1.41455 -0.292949 -0.53551
4.20675 3.40857 -1.41708 -0.297908 -0.621581
4.21532 3.41714 -1.41966 -0.303605 -0.707652
4.22389 3.42571 -1.42229 -0.310039 -0.793723
4.23247 3.43429 -1.42497 -0.316836 -0.74853
4.24104 3.44286 -1.42772 -0.322777 -0.637696
4.24961 3.45143 -1.4305 -0.327768 -0.526862
4.25818 3.46 -1.43333 -0.331809 -0.416028
4.26675 3.46857 -1.43619 -0.3349 -0.305194
4.27532 3.47714 -1.43907 -0.337041 -0.194361
4.28389 3.48571 -1.44196 -0.338232 -0.0835267
4.29247 3.49429 -1.44487 -0.338473 0.0273071
4.30104 3.50286 -1.44776 -0.337764 0.138141
4.30961 3.51143 -1.45065 -0.336105 0.248975
4.31818 3.52 -1.45352 -0.333496 0.359809
4.32675 3.52857 -1.45637 -0.329937 0.470643
4.33532 3.53714 -1.45918 -0.325428 0.581476
4.34389 3.54571 -1.46194 -0.319968 0.69231
4.35247 3.55429 -1.46466 -0.313559 0.803144
4.36104 3.56286 -1.46732 -0.3062 0.913978
4.36961 3.57143 -1.46991 -0.297891 1.02481
4.37818 3.58 -1.47242 -0.28903 1.04277
4.38675 3.58857 -1.47486 -0.280015 1.06072
4.39532 3.59714 -1.47722 -0.270846 1.07868
4.40389 3.60571 -1.4795 -0.261524 1.09663
4.41247 3.61429 -1.4817 -0.252047 1.11459
4.42104 3.62286 -1.48382 -0.242416 1.13254
4.42961 3.63143 -1.48586 -0.232632 1.15049
4.43818 3.64 -1.48781 -0.222694 1.16845
4.44675 3.64857 -1.48968 -0.212601 1.1864
4.45532 3.65714 -1.49146 -0.202355 1.20436
4.46389 3.66571 -1.49315 -0.191955 1.22231
4.47247 3.67429 -1.49475 -0.181401 1.24027
4.48104 3.68286 -1.49625 -0.170694 1.25822
4.48961 3.69143 -1.49767 -0.159832 1.27618
4.49818 3.7 -1.49899 -0.148816 1.29413
4.50675 3.70857 -1.50022 -0.137647 1.31209
4.51532 3.71714 -1.50135 -0.12642 1.26223
4.52389 3.72571 -1.50239 -0.116396 1.07662
4.53247 3.73429 -1.50335 -0.107964 0.891008
4.54104 3.74286 -1.50425 -0.101122 0.705396
4.54961 3.75143 -1.50509 -0.0958713 0.519785
4.55818 3.76 -1.5059 -0.0922115 0.334173
4.56675 3.76857 -1.50668 -0.0901426 0.148562
4.57532 3.77714 -1.50745 -0.0896647 -0.03705
4.58389 3.78571 -1.50822 -0.0907777 -0.222662
4.59247 3.79429 -1.50901 -0.0934817 -0.408273
4.60104 3.80286 -1.50983 -0.0977767 -0.593885
4.60961 3.81143 -1.51069 -0.103663 -0.779497
4.61818 3.82 -1.51161 -0.11114 -0.965108
4.62675 3.82857 -1.5126 -0.120207 -1.15072
4.63532 3.83714 -1.51367 -0.130866 -1.33633
4.64389 3.84571 -1.51485 -0.143116 -1.52194
4.65247 3.85429 -1.51613 -0.156957 -1.70755
4.66104 3.86286 -1.51754 -0.171541 -1.59641
4.66961 3.87143 -1.51906 -0.184111 -1.33668
4.67818 3.88 -1.52069 -0.194455 -1.07694
4.68675 3.88857 -1.52239 -0.202573 -0.817203
4.69532 3.89714 -1.52415 -0.208464 -0.557466
4.70389 3.90571 -1.52596 -0.21213 -0.297729
4.71247 3.91429 -1.52779 -0.213568 -0.0379917
4.72104 3.92286 -1.52961 -0.212781 0.221745
4.72961 3.93143 -1.53143 -0.209767 0.481482
4.73818 3.94 -1.5332 -0.204527 0.74122
4.74675 3.94857 -1.53493 -0.19706 1.00096
4.75532 3.95714 -1.53658 -0.187368 1.26069
4.76389 3.96571 -1.53813 -0.175449 1.52043
4.77247 3.97429 -1.53958 -0.161303 1.78017
4.78104 3.98286 -1.54089 -0.144931 2.0399
4.78961 3.99143 -1.54205 -0.126333 2.29964
4.79818 4 -1.54305 -0.105509 2.55936
4.80675 4.00857 -1.54386 -0.084735 2.28788
4.81532 4.01714 -1.54451 -0.0662881 2.0164
4.82389 4.02571 -1.54501 -0.0501682 1.74492
4.83247 4.03429 -1.54538 -0.0363753 1.47344
4.84104 4.04286 -1.54564 -0.0249093 1.20195
4.84961 4.05143 -1.54581 -0.0157704 0.930473
4.85818 4.06 -1.54591 -0.00895835 0.658992
4.86675 4.06857 -1.54597 -0.00447334 0.387511
4.87532 4.07714 -1.546 -0.0023153 0.11603
4.88389 4.08571 -1.54602 -0.00248425 -0.155451
4.89247 4.09429 -1.54605 -0.00498018 -0.426932
4.90104 4.10286 -1.54611 -0.00980308 -0.698413
4.90961 4.11143 -1.54622 -0.016953 -0.969894
4.91818 4.12 -1.54641 -0.0264298 -1.24138
4.92675 4.12857 -1.54668 -0.0382337 -1.51286
4.93532 4.13714 -1.54707 -0.0523645 -1.78434
4.94389 4.14571 -1.54759 -0.0686281 -1.91979
4.95247 4.15429 -1.54824 -0.0844972 -1.78298
4.96104 4.16286 -1.54903 -0.0991935 -1.64617
4.96961 4.17143 -1.54994 -0.112717 -1.50936
4.97818 4.18 -1.55096 -0.125068 -1.37254
4.98675 4.18857 -1.55208 -0.136247 -1.23573
4.99532 4.19714 -1.55329 -0.146252 -1.09892
5.00389 4.20571 -1.55458 -0.155085 -0.962105
5.01247 4.21429 -1.55595 -0.162745 -0.825293
5.02104 4.22286 -1.55737 -0.169233 -0.68848
5.02961 4.23143 -1.55884 -0.174548 -0.551667
5.03818 4.24 -1.56036 -0.17869 -0.414854
5.04675 4.24857 -1.5619 -0.18166 -0.278041
5.05532 4.25714 -1.56347 -0.183457 -0.141229
5.06389 4.26571 -1.56505 -0.184081 -0.00441582
5.07247 4.27429 -1.56662 -0.183532 0.132397
5.08104 4.28286 -1.56819 -0.181811 0.26921
5.08961 4.29143 -1.56974 -0.179221 0.299615
5.09818 4.3 -1.57126 -0.176751 0.276861
5.10675 4.30857 -1.57277 -0.174475 0.254106
5.11532 4.31714 -1.57425 -0.172395 0.231352
5.12389 4.32571 -1.57572 -0.170509 0.208597
5.13247 4.33429 -1.57718 -0.168819 0.185843
5.14104 4.34286 -1.57862 -0.167323 0.163089
5.14961 4.35143 -1.58005 -0.166023 0.140334
5.15818 4.36 -1.58146 -0.164918 0.11758
5.16675 4.36857 -1.58287 -0.164007 0.0948253
5.17532 4.37714 -1.58428 -0.163292 0.0720709
5.18389 4.38571 -1.58567 -0.162772 0.0493165
5.19247 4.39429 -1.58707 -0.162447 0.0265621
5.20104 4.40286 -1.58846 -0.162316 0.00380767
5.20961 4.41143 -1.58985 -0.162381 -0.0189467
5.21818 4.42 -1.59124 -0.162641 -0.0417011
5.22675 4.42857 -1.59264 -0.163096 -0.0644555
5.23532 4.43714 -1.59404 -0.163756 -0.0895548
5.24389 4.44571 -1.59545 -0.164631 -0.114654
5.25247 4.45429 -1.59686 -0.165722 -0.139753
5.26104 4.46286 -1.59829 -0.167027 -0.164853
5.26961 4.47143 -1.59973 -0.168548 -0.189952
5.27818 4.48 -1.60118 -0.170283 -0.215051
5.28675 4.48857 -1.60265 -0.172234 -0.240151
5.29532 4.49714 -1.60413 -0.1744 -0.26525
5.30389 4.50571 -1.60564 -0.176781 -0.290349
5.31247 4.51429 -1.60716 -0.179378 -0.315448
5.32104 4.52286 -1.60871 -0.182189 -0.340548
5.32961 4.53143 -1.61029 -0.185216 -0.365647
5.33818 4.54 -1.61189 -0.188457 -0.390746
5.34675 4.54857 -1.61352 -0.191914 -0.415846
5.35532 4.55714 -1.61518 -0.195586 -0.440945
5.36389 4.56571 -1.61687 -0.199473 -0.466044
5.37247 4.57429 -1.6186 -0.203489 -0.430878
5.38104 4.58286 -1.62036 -0.206515 -0.275171
5.38961 4.59143 -1.62213 -0.208207 -0.119464
5.39818 4.6 -1.62392 -0.208563 0.0362429
5.40675 4.60857 -1.62571 -0.207585 0.19195
5.41532 4.61714 -1.62748 -0.205273 0.347657
5.42389 4.62571 -1.62922 -0.201625 0.503364
5.43247 4.63429 -1.63093 -0.196644 0.659071
5.44104 4.64286 -1.63259 -0.190327 0.814777
5.44961 4.65143 -1.63419 -0.182676 0.970484
5.45818 4.66 -1.63572 -0.17369 1.12619
5.46675 4.66857 -1.63716 -0.16337 1.2819
5.47532 4.67714 -1.63851 -0.151715 1.43761
5.48389 4.68571 -1.63976 -0.138725 1.59331
5.49247 4.69429 -1.64089 -0.124401 1.74902
5.50104 4.70286 -1.64189 -0.108742 1.90473
5.50961 4.71143 -1.64275 -0.0917485 2.06043
5.51818 4.72 -1.64346 -0.0742383 1.92973
5.52675 4.72857 -1.64403 -0.0588723 1.65568
5.53532 4.73714 -1.64447 -0.0458553 1.38162
5.54389 4.74571 -1.64482 -0.0351873 1.10757
5.55247 4.75429 -1.64508 -0.0268684 0.833514
5.56104 4.76286 -1.64529 -0.0208985 0.559459
5.56961 4.77143 -1.64545 -0.0172777 0.285404
5.57818 4.78 -1.64559 -0.0160059 0.0113498
5.58675 4.78857 -1.64573 -0.0170831 -0.262705
5.59532 4.79714 -1.64589 -0.0205094 -0.53676
5.60389 4.80571 -1.64609 -0.0262847 -0.810814
5.61247 4.81429 -1.64635 -0.0344091 -1.08487
5.62104 4.82286 -1.64669 -0.0448825 -1.35892
5.62961 4.83143 -1.64712 -0.0577049 -1.63298
5.63818 4.84 -1.64768 -0.0728764 -1.90703
5.64675 4.84857 -1.64838 -0.0903969 -2.18109
5.65532 4.85714 -1.64924 -0.110266 -2.45514
5.66389 4.86571 -1.65027 -0.130738 -2.32131
5.67247 4.87429 -1.65148 -0.15006 -2.18733
5.68104 4.88286 -1.65284 -0.168235 -2.05336
5.68961 4.89143 -1.65436 -0.185261 -1.91939
5.69818 4.9 -1.65601 -0.201138 -1.78542
5.70675 4.90857 -1.6578 -0.215868 -1.65144
5.71532 4.91714 -1.65971 -0.229449 -1.51747
5.72389 4.92571 -1.66173 -0.241882 -1.3835
5.73247 4.93429 -1.66385 -0.253166 -1.24953
5.74104 4.94286 -1.66607 -0.263302 -1.11555
5.74961 4.95143 -1.66836 -0.27229 -0.981581
5.75818 4.96 -1.67073 -0.280129 -0.847608
5.76675 4.96857 -1.67316 -0.28682 -0.713636
5.77532 4.97714 -1.67565 -0.292363 -0.579663
5.78389 4.98571 -1.67817 -0.296757 -0.445691
5.79247 4.99429 -1.68073 -0.300003 -0.311718
5.80104 5.00286 -1.68331 -0.302089 -0.169416
5.80961 5.01143 -1.68591 -0.30286 -0.0104554
5.81818 5.02 -1.6885 -0.302268 0.148505
5.82675 5.02857 -1.69108 -0.300314 0.307465
5.83532 5.03714 -1.69364 -0.296998 0.466426
5.84389 5.04571 -1.69617 -0.292318 0.625386
5.85247 5.05429 -1.69865 -0.286277 0.784346
5.86104 5.06286 -1.70107 -0.278872 0.943307
5.86961 5.07143 -1.70343 -0.270106 1.10227
5.87818 5.08 -1.7057 -0.259976 1.26123
5.88675 5.08857 -1.70788 -0.248485 1.42019
5.89532 5.09714 -1.70996 -0.23563 1.57915
5.90389 5.10571 -1.71192 -0.221414 1.73811
5.91247 5.11429 -1.71375 -0.205834 1.89707
5.92104 5.12286 -1.71544 -0.188892 2.05603
5.92961 5.13143 -1.71698 -0.170588 2.21499
5.93818 5.14 -1.71836 -0.150921 2.37395
5.94675 5.14857 -1.71957 -0.130546 2.30371
5.95532 5.15714 -1.7206 -0.111593 2.11877
5.96389 5.16571 -1.72148 -0.0942247 1.93382
5.97247 5.17429 -1.72222 -0.0784417 1.74888
5.98104 5.18286 -1.72283 -0.0642439 1.56394
5.98961 5.19143 -1.72333 -0.0516312 1.379
5.99818 5.2 -1.72372 -0.0406038 1.19406
6.00675 5.20857 -1.72403 -0.0311616 1.00912
6.01532 5.21714 -1.72426 -0.0233046 0.824179
6.02389 5.22571 -1.72443 -0.0170328 0.639238
6.03247 5.23429 -1.72456 -0.0123462 0.454297
6.04104 5.24286 -1.72465 -0.00924488 0.269356
6.04961 5.25143 -1.72472 -0.00772871 0.0844154
6.05818 5.26 -1.72479 -0.00779775 -0.100526
6.06675 5.26857 -1.72486 -0.00945201 -0.285466
6.07532 5.27714 -1.72495 -0.0126915 -0.470407
6.08389 5.28571 -1.72508 -0.0175161 -0.655403
6.09247 5.29429 -1.72526 -0.0252207 -1.14233
6.10104 5.30286 -1.72553 -0.037099 -1.62926
6.10961 5.31143 -1.72591 -0.0531509 -2.11619
6.11818 5.32 -1.72645 -0.0733765 -2.60312
6.12675 5.32857 -1.72718 -0.0977757 -3.09005
6.13532 5.33714 -1.72814 -0.126349 -3.57697
6.14389 5.34571 -1.72936 -0.159095 -4.0639
6.15247 5.35429 -1.73088 -0.196016 -4.55083
6.16104 5.36286 -1.73273 -0.23711 -5.03776
6.16961 5.37143 -1.73495 -0.282377 -5.52469
6.17818 5.38 -1.73758 -0.331819 -6.01162
6.18675 5.38857 -1.74065 -0.385434 -6.49855
6.19532 5.39714 -1.7442 -0.443222 -6.98548
6.20389 5.40571 -1.74826 -0.505185 -7.4724
6.21247 5.41429 -1.75287 -0.571321 -7.95933
6.22104 5.42286 -1.75807 -0.64163 -8.44626
6.22961 5.43143 -1.76388 -0.714798 -8.01209
6.23818 5.44 -1.77028 -0.773716 -5.73539
6.24675 5.44857 -1.77709 -0.813119 -3.4587
6.25532 5.45714 -1.78416 -0.833008 -1.182
6.26389 5.46571 -1.79132 -0.833382 1.09469
6.27247 5.47429 -1.79839 -0.814241 3.37139
6.28104 5.48286 -1.80522 -0.775586 5.64808
6.28961 5.49143 -1.81163 -0.717417 7.92478
6.29818 5.5 -1.81746 -0.639733 10.2015
6.30675 5.50857 -1.82254 -0.542535 12.4782
6.31532 5.51714 -1.82671 -0.425822 14.7549
6.32389 5.52571 -1.82979 -0.289594 17.0316
6.33247 5.53429 -1.83162 -0.133852 19.3083
6.34104 5.54286 -1.83203 0.0414045 21.585
6.34961 5.55143 -1.83085 0.236176 23.8616
6.35818 5.56 -1.82792 0.450461 26.1383
6.36675 5.56857 -1.82307 0.684261 28.415
6.37532 5.57714 -1.81617 0.921153 24.9436
6.38389 5.58571 -1.80743 1.10776 18.5978
6.39247 5.59429 -1.79733 1.23997 12.252
6.40104 5.60286 -1.78633 1.31779 5.90626
6.40961 5.61143 -1.7749 1.34122 -0.43952
6.41818 5.62 -1.76349 1.31026 -6.7853
6.42675 5.62857 -1.75259 1.2249 -13.1311
6.43532 5.63714 -1.74265 1.08516 -19.4769
6.44389 5.64571 -1.73414 0.891015 -25.8226
6.45247 5.65429 -1.72753 0.642482 -32.1684
6.46104 5.66286 -1.72328 0.339556 -38.5142
6.46961 5.67143 -1.72187 -0.0177615 -44.86
6.47818 5.68 -1.72374 -0.429472 -51.2058
6.48675 5.68857 -1.72938 -0.895574 -57.5515
6.49532 5.69714 -1.73925 -1.41607 -63.8973
6.50389 5.70571 -1.75382 -1.99096 -70.2431
6.51247 5.71429 -1.77354 -2.62024 -76.5889
6.52104 5.72286 -1.79871 -3.24117 -68.2915
6.52961 5.73143 -1.8289 -3.79095 -59.9906
6.53818 5.74 -1.86349 -4.26958 -51.6898
6.54675 5.74857 -1.90189 -4.67706 -43.3889
6.55532 5.75714 -1.94347 -5.01339 -35.088
6.56389 5.76571 -1.98763 -5.27857 -26.7872
6.57247 5.77429 -2.03376 -5.4726 -18.4863
6.58104 5.78286 -2.08124 -5.59548 -10.1854
6.58961 5.79143 -2.12947 -5.6472 -1.88458
6.59818 5.8 -2.17785 -5.62778 6.41629
6.60675 5.80857 -2.22575 -5.53721 14.7172
6.61532 5.81714 -2.27257 -5.37549 23.018
6.62389 5.82571 -2.3177 -5.14262 31.3189
6.63247 5.83429 -2.36052 -4.83859 39.6197
6.64104 5.84286 -2.40044 -4.46342 47.9206
6.64961 5.85143 -2.43684 -4.0171 56.2215
6.65818 5.86 -2.46911 -3.50439 61.1848
6.66675 5.86857 -2.49692 -2.98733 59.463
6.67532 5.87714 -2.52036 -2.48502 57.7411
6.68389 5.88571 -2.53956 -1.99748 56.0193
6.69247 5.89429 -2.55464 -1.52469 54.2974
6.70104 5.90286 -2.56574 -1.06666 52.5756
6.70961 5.91143 -2.57297 -0.623395 50.8538
6.71818 5.92 -2.57647 -0.194885 49.1319
6.72675 5.92857 -2.57635 0.218866 47.4101
6.73532 5.93714 -2.57276 0.617859 45.6882
6.74389 5.94571 -2.5658 1.00209 43.9664
6.75247 5.95429 -2.55562 1.37157 42.2445
6.76104 5.96286 -2.54233 1.72628 40.5227
6.76961 5.97143 -2.52607 2.06624 38.8008
6.77818 5.98 -2.50696 2.39144 37.079
6.78675 5.98857 -2.48512 2.70188 35.3571
6.79532 5.99714 -2.46068 2.99756 33.6353
6.80389 6.00571 -2.43378 3.27169 29.5352
6.81247 6.01429 -2.40472 3.50218 24.2462
6.82104 6.02286 -2.37388 3.68734 18.9571
6.82961 6.03143 -2.34164 3.82716 13.6681
6.83818 6.04 -2.3084 3.92165 8.37901
6.84675 6.04857 -2.27454 3.9708 3.08997
6.85532 6.05714 -2.24046 3.97462 -2.19908
6.86389 6.06571 -2.20653 3.9331 -7.48813
6.87247 6.07429 -2.17316 3.84625 -12.7772
6.88104 6.08286 -2.14073 3.71407 -18.0662
6.88961 6.09143 -2.10962 3.53655 -23.3553
6.89818 6.1 -2.08023 3.31369 -28.6443
6.90675 6.10857 -2.05294 3.0455 -33.9334
6.91532 6.11714 -2.02815 2.73198 -39.2224
6.92389 6.12571 -2.00624 2.37312 -44.5115
6.93247 6.13429 -1.9876 1.96892 -49.8005
6.94104 6.14286 -1.97262 1.51939 -55.0895
6.94961 6.15143 -1.96154 1.07454 -48.7083
6.95818 6.16 -1.95404 0.684393 -42.3249
6.96675 6.16857 -1.94965 0.348966 -35.9415
6.97532 6.17714 -1.9479 0.0682531 -29.5581
6.98389 6.18571 -1.94832 -0.157744 -23.1747
6.99247 6.19429 -1.95045 -0.329027 -16.7912
7.00104 6.20286 -1.95381 -0.445594 -10.4078
7.00961 6.21143 -1.95793 -0.507446 -4.02438
7.01818 6.22 -1.96235 -0.514583 2.35904
7.02675 6.22857 -1.9666 -0.467005 8.74247
7.03532 6.23714 -1.9702 -0.364712 15.1259
7.04389 6.24571 -1.97269 -0.207704 21.5093
7.05247 6.25429 -1.9736 0.00401868 27.8927
7.06104 6.26286 -1.97247 0.270457 34.2762
7.06961 6.27143 -1.96881 0.59161 40.6596
7.07818 6.28 -1.96217 0.967478 47.043
7.08675 6.28857 -1.95208 1.39138 48.7492
7.09532 6.29714 -1.93845 1.77648 41.1081
7.10389 6.30571 -1.92181 2.09609 33.4671
7.11247 6.31429 -1.90271 2.3502 25.8261
7.12104 6.32286 -1.88171 2.53882 18.1851
7.12961 6.33143 -1.85937 2.66194 10.544
7.13818 6.34 -1.83626 2.71957 2.90302
7.14675 6.34857 -1.81294 2.71171 -4.738
7.15532 6.35714 -1.78996 2.63835 -12.379
7.16389 6.36571 -1.7679 2.4995 -20.02
7.17247 6.37429 -1.7473 2.29515 -27.6611
7.18104 6.38286 -1.72874 2.02531 -35.3021
7.18961 6.39143 -1.71277 1.68997 -42.9431
7.19818 6.4 -1.69995 1.28914 -50.5841
7.20675 6.40857 -1.69086 0.822816 -58.2252
7.21532 6.41714 -1.68604 0.290996 -65.8662
7.22389 6.42571 -1.68605 -0.306318 -73.5072
7.23247 6.43429 -1.69141 -0.935751 -69.4658
7.24104 6.44286 -1.70186 -1.48881 -59.5821
7.24961 6.45143 -1.71669 -1.95716 -49.6985
7.25818 6.46 -1.73517 -2.34079 -39.8148
7.26675 6.46857 -1.75658 -2.6397 -29.9311
7.27532 6.47714 -1.78018 -2.85389 -20.0474
7.28389 6.48571 -1.80526 -2.98337 -10.1638
7.29247 6.49429 -1.83108 -3.02813 -0.2801
7.30104 6.50286 -1.85693 -2.98817 9.60357
7.30961 6.51143 -1.88207 -2.8635 19.4872
7.31818 6.52 -1.90577 -2.6541 29.3709
7.32675 6.52857 -1.92732 -2.35999 39.2546
7.33532 6.53714 -1.94599 -1.98117 49.1383
7.34389 6.54571 -1.96104 -1.51762 59.0219
7.35247 6.55429 -1.97176 -0.969363 68.9056
7.36104 6.56286 -1.97742 -0.336385 78.7893
7.36961 6.57143 -1.97729 0.381311 88.673
7.37818 6.58 -1.97085 1.11183 81.7806
7.38675 6.58857 -1.9584 1.78326 74.8877
7.39532 6.59714 -1.94044 2.39562 67.9949
7.40389 6.60571 -1.9175 2.94889 61.102
7.41247 6.61429 -1.89006 3.44308 54.2092
7.42104 6.62286 -1.85864 3.87819 47.3164
7.42961 6.63143 -1.82375 4.25422 40.4235
7.43818 6.64 -1.78588 4.57116 33.5307
7.44675 6.64857 -1.74555 4.82903 26.6378
7.45532 6.65714 -1.70327 5.02781 19.745
7.46389 6.66571 -1.65953 5.16752 12.8522
7.47247 6.67429 -1.61485 5.24814 5.95933
7.48104 6.68286 -1.56973 5.26968 -0.933507
7.48961 6.69143 -1.52468 5.23213 -7.82635
7.49818 6.7 -1.48021 5.13551 -14.7192
7.50675 6.70857 -1.43681 4.9798 -21.612
7.51532 6.71714 -1.395 4.76678 -27.2729
7.52389 6.72571 -1.35519 4.51932 -30.4672
7.53247 6.73429 -1.31761 4.24448 -33.6614
7.54104 6.74286 -1.2825 3.94227 -36.8557
7.54961 6.75143 -1.25011 3.61267 -40.0499
7.55818 6.76 -1.22065 3.2557 -43.2442
7.56675 6.76857 -1.19437 2.87134 -46.4385
7.57532 6.77714 -1.17151 2.45961 -49.6327
7.58389 6.78571 -1.15229 2.0205 -52.827
7.59247 6.79429 -1.13695 1.554 -56.0212
7.60104 6.80286 -1.12572 1.06013 -59.2155
7.60961 6.81143 -1.11885 0.53888 -62.4098
7.61818 6.82 -1.11656 -0.00975041 -65.604
7.62675 6.82857 -1.1191 -0.58576 -68.7983
7.63532 6.83714 -1.12668 -1.18915 -71.9925
7.64389 6.84571 -1.13956 -1.81992 -75.1868
7.65247 6.85429 -1.15796 -2.47807 -78.3811
7.66104 6.86286 -1.18211 -3.15752 -79.4469
7.66961 6.87143 -1.21209 -3.83849 -79.4469
7.67818 6.88 -1.24791 -4.51946 -79.4469
7.68675 6.88857 -1.28957 -5.20044 -79.4469
7.69532 6.89714 -1.33706 -5.88141 -79.4469
7.70389 6.90571 -1.39039 -6.56238 -79.4469
7.71247 6.91429 -1.44956 -7.24336 -79.4469
7.72104 6.92286 -1.51456 -7.92433 -79.4469
7.72961 6.93143 -1.5854 -8.6053 -79.4469
7.73818 6.94 -1.66208 -9.28628 -79.4469
7.74675 6.94857 -1.7446 -9.96725 -79.4469
7.75532 6.95714 -1.83295 -10.6482 -79.4469
7.76389 6.96571 -1.92714 -11.3292 -79.4469
7.77247 6.97429 -2.02716 -12.0102 -79.4469
7.78104 6.98286 -2.13303 -12.6911 -79.4469
7.78961 6.99143 -2.24473 -13.3721 -79.4469
7.79818 7 -2.36226 -14.0531 -79.4469


