Data fit to <COOP> functional form

fit temperature range in [443,433]

xData (#.=2)
[[443.000000],[433.000000]]

yData (#.=2)
[-6.656930,-6.290290]

stop condition:
intial coeffs = -12 1000 1 0.1 
scale  = -12 1000 1 0.1 
bndl   = -20 0 -500 -1000 
bndu   = 20 1e+06 500 1000 
epsf   = 0
epsx   = 1e-10
maxits = 100000

-------------------------------------
Tg_extrp [@(100)timeUnit] 287.52
m_extrp [@Tg_extrp] 24.8131
-------------------------------------

Operating Mode: F

fit info 2
(relative step is no more than EpsX.)

internal iterations = 32
time used = 0 seconds

fit coeffs
-20 5292.23 3.69693 0.206031 

fit coeffs error
0 0 0 0 

Statistics
===================================
R^2 (coefficient of determination) 
1 (1 cycles)

RMS error 
4.44089e-15

average error 
4.44089e-15

average relative error 
6.8655e-16

maximum error 
4.44089e-15
===================================


T  log(tau_org) log10(tauFit_fit) ErrCurve  
=========================================== 
443 -6.65693 -6.65693 0
433 -6.29029 -6.29029 0


1000/T  log(tau_org) log10(tauFit_fit) ErrCurve 
=========================================== 
2.25734 -6.65693 -6.65693 0
2.30947 -6.29029 -6.29029 0



T  log10(tauFit_fit)             
=================================
443 -6.65693
442.845 -6.65136
442.689 -6.64578
442.534 -6.64021
442.378 -6.63462
442.223 -6.62904
442.067 -6.62345
441.912 -6.61785
441.756 -6.61225
441.601 -6.60665
441.445 -6.60104
441.29 -6.59543
441.134 -6.58982
440.979 -6.5842
440.823 -6.57857
440.668 -6.57295
440.512 -6.56731
440.357 -6.56168
440.201 -6.55604
440.046 -6.5504
439.89 -6.54475
439.735 -6.5391
439.579 -6.53344
439.424 -6.52778
439.268 -6.52212
439.113 -6.51645
438.958 -6.51078
438.802 -6.5051
438.647 -6.49942
438.491 -6.49374
438.336 -6.48805
438.18 -6.48235
438.025 -6.47666
437.869 -6.47096
437.714 -6.46525
437.558 -6.45954
437.403 -6.45383
437.247 -6.44811
437.092 -6.44239
436.936 -6.43666
436.781 -6.43093
436.625 -6.4252
436.47 -6.41946
436.314 -6.41372
436.159 -6.40797
436.003 -6.40222
435.848 -6.39646
435.692 -6.3907
435.537 -6.38494
435.382 -6.37917
435.226 -6.3734
435.071 -6.36762
434.915 -6.36184
434.76 -6.35606
434.604 -6.35027
434.449 -6.34447
434.293 -6.33868
434.138 -6.33287
433.982 -6.32707
433.827 -6.32126
433.671 -6.31544
433.516 -6.30962
433.36 -6.3038
433.205 -6.29797
433.049 -6.29214
432.894 -6.2863
432.738 -6.28046
432.583 -6.27462
432.427 -6.26877
432.272 -6.26292
432.116 -6.25706
431.961 -6.2512
431.805 -6.24533
431.65 -6.23946
431.495 -6.23359
431.339 -6.22771
431.184 -6.22182
431.028 -6.21593
430.873 -6.21004
430.717 -6.20415
430.562 -6.19824
430.406 -6.19234
430.251 -6.18643
430.095 -6.18052
429.94 -6.1746
429.784 -6.16867
429.629 -6.16275
429.473 -6.15682
429.318 -6.15088
429.162 -6.14494
429.007 -6.13899
428.851 -6.13304
428.696 -6.12709
428.54 -6.12113
428.385 -6.11517
428.229 -6.1092
428.074 -6.10323
427.918 -6.09726
427.763 -6.09128
427.608 -6.08529
427.452 -6.0793
427.297 -6.07331
427.141 -6.06731
426.986 -6.06131
426.83 -6.0553
426.675 -6.04929
426.519 -6.04327
426.364 -6.03725
426.208 -6.03123
426.053 -6.0252
425.897 -6.01916
425.742 -6.01313
425.586 -6.00708
425.431 -6.00104
425.275 -5.99498
425.12 -5.98893
424.964 -5.98287
424.809 -5.9768
424.653 -5.97073
424.498 -5.96465
424.342 -5.95858
424.187 -5.95249
424.031 -5.9464
423.876 -5.94031
423.721 -5.93421
423.565 -5.92811
423.41 -5.922
423.254 -5.91589
423.099 -5.90978
422.943 -5.90366
422.788 -5.89753
422.632 -5.8914
422.477 -5.88527
422.321 -5.87913
422.166 -5.87298
422.01 -5.86684
421.855 -5.86068
421.699 -5.85453
421.544 -5.84836
421.388 -5.8422
421.233 -5.83603
421.077 -5.82985
420.922 -5.82367
420.766 -5.81748
420.611 -5.81129
420.455 -5.8051
420.3 -5.7989
420.145 -5.79269
419.989 -5.78649
419.834 -5.78027
419.678 -5.77405
419.523 -5.76783
419.367 -5.7616
419.212 -5.75537
419.056 -5.74913
418.901 -5.74289
418.745 -5.73665
418.59 -5.73039
418.434 -5.72414
418.279 -5.71788
418.123 -5.71161
417.968 -5.70534
417.812 -5.69907
417.657 -5.69279
417.501 -5.6865
417.346 -5.68021
417.19 -5.67392
417.035 -5.66762
416.879 -5.66131
416.724 -5.65501
416.568 -5.64869
416.413 -5.64237
416.258 -5.63605
416.102 -5.62972
415.947 -5.62339
415.791 -5.61705
415.636 -5.61071
415.48 -5.60436
415.325 -5.59801
415.169 -5.59165
415.014 -5.58529
414.858 -5.57892
414.703 -5.57255
414.547 -5.56618
414.392 -5.55979
414.236 -5.55341
414.081 -5.54702
413.925 -5.54062
413.77 -5.53422
413.614 -5.52781
413.459 -5.5214
413.303 -5.51499
413.148 -5.50857
412.992 -5.50214
412.837 -5.49571
412.681 -5.48927
412.526 -5.48283
412.371 -5.47639
412.215 -5.46994
412.06 -5.46348
411.904 -5.45702
411.749 -5.45056
411.593 -5.44409
411.438 -5.43761
411.282 -5.43113
411.127 -5.42464
410.971 -5.41815
410.816 -5.41166
410.66 -5.40516
410.505 -5.39865
410.349 -5.39214
410.194 -5.38563
410.038 -5.37911
409.883 -5.37258
409.727 -5.36605
409.572 -5.35951
409.416 -5.35297
409.261 -5.34643
409.105 -5.33987
408.95 -5.33332
408.795 -5.32676
408.639 -5.32019
408.484 -5.31362
408.328 -5.30704
408.173 -5.30046
408.017 -5.29387
407.862 -5.28728
407.706 -5.28069
407.551 -5.27408
407.395 -5.26748
407.24 -5.26086
407.084 -5.25425
406.929 -5.24762
406.773 -5.241
406.618 -5.23436
406.462 -5.22772
406.307 -5.22108
406.151 -5.21443
405.996 -5.20778
405.84 -5.20112
405.685 -5.19445
405.529 -5.18778
405.374 -5.18111
405.218 -5.17443
405.063 -5.16774
404.908 -5.16105
404.752 -5.15436
404.597 -5.14766
404.441 -5.14095
404.286 -5.13424
404.13 -5.12752
403.975 -5.1208
403.819 -5.11407
403.664 -5.10734
403.508 -5.1006
403.353 -5.09386
403.197 -5.08711
403.042 -5.08036
402.886 -5.0736
402.731 -5.06683
402.575 -5.06006
402.42 -5.05329
402.264 -5.04651
402.109 -5.03972
401.953 -5.03293
401.798 -5.02613
401.642 -5.01933
401.487 -5.01252
401.331 -5.00571
401.176 -4.99889
401.021 -4.99207
400.865 -4.98524
400.71 -4.97841
400.554 -4.97157
400.399 -4.96472
400.243 -4.95787
400.088 -4.95101
399.932 -4.94415
399.777 -4.93729
399.621 -4.93041
399.466 -4.92354
399.31 -4.91665
399.155 -4.90976
398.999 -4.90287
398.844 -4.89597
398.688 -4.88906
398.533 -4.88215
398.377 -4.87524
398.222 -4.86831
398.066 -4.86139
397.911 -4.85445
397.755 -4.84752
397.6 -4.84057
397.444 -4.83362
397.289 -4.82667
397.134 -4.81971
396.978 -4.81274
396.823 -4.80577
396.667 -4.79879
396.512 -4.79181
396.356 -4.78482
396.201 -4.77783
396.045 -4.77083
395.89 -4.76382
395.734 -4.75681
395.579 -4.74979
395.423 -4.74277
395.268 -4.73575
395.112 -4.72871
394.957 -4.72167
394.801 -4.71463
394.646 -4.70758
394.49 -4.70052
394.335 -4.69346
394.179 -4.68639
394.024 -4.67932
393.868 -4.67224
393.713 -4.66516
393.558 -4.65807
393.402 -4.65097
393.247 -4.64387
393.091 -4.63676
392.936 -4.62965
392.78 -4.62253
392.625 -4.6154
392.469 -4.60827
392.314 -4.60114
392.158 -4.594
392.003 -4.58685
391.847 -4.5797
391.692 -4.57254
391.536 -4.56537
391.381 -4.5582
391.225 -4.55102
391.07 -4.54384
390.914 -4.53665
390.759 -4.52946
390.603 -4.52226
390.448 -4.51505
390.292 -4.50784
390.137 -4.50062
389.981 -4.4934
389.826 -4.48617
389.671 -4.47894
389.515 -4.4717
389.36 -4.46445
389.204 -4.4572
389.049 -4.44994
388.893 -4.44267
388.738 -4.4354
388.582 -4.42812
388.427 -4.42084
388.271 -4.41355
388.116 -4.40626
387.96 -4.39896
387.805 -4.39165
387.649 -4.38434
387.494 -4.37702
387.338 -4.3697
387.183 -4.36237
387.027 -4.35503
386.872 -4.34769
386.716 -4.34034
386.561 -4.33299
386.405 -4.32563
386.25 -4.31826
386.094 -4.31089
385.939 -4.30351
385.784 -4.29612
385.628 -4.28873
385.473 -4.28134
385.317 -4.27393
385.162 -4.26653
385.006 -4.25911
384.851 -4.25169
384.695 -4.24426
384.54 -4.23683
384.384 -4.22939
384.229 -4.22194
384.073 -4.21449
383.918 -4.20703
383.762 -4.19957
383.607 -4.1921
383.451 -4.18462
383.296 -4.17714
383.14 -4.16965
382.985 -4.16216
382.829 -4.15466
382.674 -4.14715
382.518 -4.13964
382.363 -4.13212
382.207 -4.12459
382.052 -4.11706
381.897 -4.10952
381.741 -4.10197
381.586 -4.09442
381.43 -4.08687
381.275 -4.0793
381.119 -4.07173
380.964 -4.06416
380.808 -4.05657
380.653 -4.04899
380.497 -4.04139
380.342 -4.03379
380.186 -4.02618
380.031 -4.01857
379.875 -4.01095
379.72 -4.00332
379.564 -3.99569
379.409 -3.98805
379.253 -3.9804
379.098 -3.97275
378.942 -3.96509
378.787 -3.95743
378.631 -3.94975
378.476 -3.94208
378.321 -3.93439
378.165 -3.9267
378.01 -3.919
377.854 -3.9113
377.699 -3.90359
377.543 -3.89587
377.388 -3.88815
377.232 -3.88042
377.077 -3.87268
376.921 -3.86494
376.766 -3.85719
376.61 -3.84944
376.455 -3.84167
376.299 -3.83391
376.144 -3.82613
375.988 -3.81835
375.833 -3.81056
375.677 -3.80277
375.522 -3.79496
375.366 -3.78716
375.211 -3.77934
375.055 -3.77152
374.9 -3.76369
374.744 -3.75586
374.589 -3.74802
374.434 -3.74017
374.278 -3.73231
374.123 -3.72445
373.967 -3.71659
373.812 -3.70871
373.656 -3.70083
373.501 -3.69294
373.345 -3.68505
373.19 -3.67715
373.034 -3.66924
372.879 -3.66133
372.723 -3.6534
372.568 -3.64548
372.412 -3.63754
372.257 -3.6296
372.101 -3.62165
371.946 -3.6137
371.79 -3.60574
371.635 -3.59777
371.479 -3.58979
371.324 -3.58181
371.168 -3.57382
371.013 -3.56582
370.857 -3.55782
370.702 -3.54981
370.547 -3.5418
370.391 -3.53377
370.236 -3.52574
370.08 -3.51771
369.925 -3.50966
369.769 -3.50161
369.614 -3.49355
369.458 -3.48549
369.303 -3.47742
369.147 -3.46934
368.992 -3.46126
368.836 -3.45316
368.681 -3.44506
368.525 -3.43696
368.37 -3.42885
368.214 -3.42073
368.059 -3.4126
367.903 -3.40447
367.748 -3.39632
367.592 -3.38818
367.437 -3.38002
367.281 -3.37186
367.126 -3.36369
366.971 -3.35551
366.815 -3.34733
366.66 -3.33914
366.504 -3.33094
366.349 -3.32274
366.193 -3.31453
366.038 -3.30631
365.882 -3.29808
365.727 -3.28985
365.571 -3.28161
365.416 -3.27337
365.26 -3.26511
365.105 -3.25685
364.949 -3.24858
364.794 -3.24031
364.638 -3.23202
364.483 -3.22373
364.327 -3.21544
364.172 -3.20713
364.016 -3.19882
363.861 -3.1905
363.705 -3.18218
363.55 -3.17384
363.394 -3.1655
363.239 -3.15715
363.084 -3.1488
362.928 -3.14044
362.773 -3.13207
362.617 -3.12369
362.462 -3.11531
362.306 -3.10691
362.151 -3.09851
361.995 -3.09011
361.84 -3.08169
361.684 -3.07327
361.529 -3.06485
361.373 -3.05641
361.218 -3.04797
361.062 -3.03952
360.907 -3.03106
360.751 -3.02259
360.596 -3.01412
360.44 -3.00564
360.285 -2.99715
360.129 -2.98866
359.974 -2.98015
359.818 -2.97164
359.663 -2.96313
359.507 -2.9546
359.352 -2.94607
359.197 -2.93753
359.041 -2.92898
358.886 -2.92043
358.73 -2.91186
358.575 -2.90329
358.419 -2.89472
358.264 -2.88613
358.108 -2.87754
357.953 -2.86894
357.797 -2.86033
357.642 -2.85171
357.486 -2.84309
357.331 -2.83446
357.175 -2.82582
357.02 -2.81718
356.864 -2.80852
356.709 -2.79986
356.553 -2.79119
356.398 -2.78251
356.242 -2.77383
356.087 -2.76514
355.931 -2.75644
355.776 -2.74773
355.62 -2.73901
355.465 -2.73029
355.31 -2.72156
355.154 -2.71282
354.999 -2.70407
354.843 -2.69532
354.688 -2.68656
354.532 -2.67779
354.377 -2.66901
354.221 -2.66022
354.066 -2.65143
353.91 -2.64263
353.755 -2.63382
353.599 -2.625
353.444 -2.61618
353.288 -2.60734
353.133 -2.5985
352.977 -2.58966
352.822 -2.5808
352.666 -2.57193
352.511 -2.56306
352.355 -2.55418
352.2 -2.54529
352.044 -2.5364
351.889 -2.52749
351.734 -2.51858
351.578 -2.50966
351.423 -2.50073
351.267 -2.49179
351.112 -2.48285
350.956 -2.4739
350.801 -2.46494
350.645 -2.45597
350.49 -2.44699
350.334 -2.43801
350.179 -2.42901
350.023 -2.42001
349.868 -2.411
349.712 -2.40199
349.557 -2.39296
349.401 -2.38393
349.246 -2.37488
349.09 -2.36583
348.935 -2.35678
348.779 -2.34771
348.624 -2.33863
348.468 -2.32955
348.313 -2.32046
348.157 -2.31136
348.002 -2.30225
347.847 -2.29314
347.691 -2.28401
347.536 -2.27488
347.38 -2.26574
347.225 -2.25659
347.069 -2.24743
346.914 -2.23827
346.758 -2.22909
346.603 -2.21991
346.447 -2.21072
346.292 -2.20152
346.136 -2.19231
345.981 -2.1831
345.825 -2.17387
345.67 -2.16464
345.514 -2.1554
345.359 -2.14615
345.203 -2.13689
345.048 -2.12762
344.892 -2.11835
344.737 -2.10906
344.581 -2.09977
344.426 -2.09047
344.27 -2.08116
344.115 -2.07184
343.96 -2.06252
343.804 -2.05318
343.649 -2.04384
343.493 -2.03449
343.338 -2.02513
343.182 -2.01576
343.027 -2.00638
342.871 -1.99699
342.716 -1.9876
342.56 -1.97819
342.405 -1.96878
342.249 -1.95936
342.094 -1.94993
341.938 -1.94049
341.783 -1.93104
341.627 -1.92159
341.472 -1.91212
341.316 -1.90265
341.161 -1.89316
341.005 -1.88367
340.85 -1.87417
340.694 -1.86466
340.539 -1.85515
340.384 -1.84562
340.228 -1.83609
340.073 -1.82654
339.917 -1.81699
339.762 -1.80743
339.606 -1.79786
339.451 -1.78828
339.295 -1.77869
339.14 -1.76909
338.984 -1.75948
338.829 -1.74987
338.673 -1.74024
338.518 -1.73061
338.362 -1.72097
338.207 -1.71132
338.051 -1.70166
337.896 -1.69199
337.74 -1.68231
337.585 -1.67262
337.429 -1.66292
337.274 -1.65322
337.118 -1.6435
336.963 -1.63378
336.807 -1.62405
336.652 -1.6143
336.497 -1.60455
336.341 -1.59479
336.186 -1.58502
336.03 -1.57524
335.875 -1.56546
335.719 -1.55566
335.564 -1.54585
335.408 -1.53604
335.253 -1.52621
335.097 -1.51638
334.942 -1.50654
334.786 -1.49668
334.631 -1.48682
334.475 -1.47695
334.32 -1.46707
334.164 -1.45718
334.009 -1.44728
333.853 -1.43737
333.698 -1.42745
333.542 -1.41753
333.387 -1.40759
333.231 -1.39764
333.076 -1.38769
332.92 -1.37772
332.765 -1.36775
332.61 -1.35776
332.454 -1.34777
332.299 -1.33777
332.143 -1.32776
331.988 -1.31773
331.832 -1.3077
331.677 -1.29766
331.521 -1.28761
331.366 -1.27755
331.21 -1.26748
331.055 -1.2574
330.899 -1.24731
330.744 -1.23722
330.588 -1.22711
330.433 -1.21699
330.277 -1.20686
330.122 -1.19672
329.966 -1.18658
329.811 -1.17642
329.655 -1.16625
329.5 -1.15608
329.344 -1.14589
329.189 -1.1357
329.033 -1.12549
328.878 -1.11528
328.723 -1.10505
328.567 -1.09482
328.412 -1.08457
328.256 -1.07432
328.101 -1.06405
327.945 -1.05378
327.79 -1.0435
327.634 -1.0332
327.479 -1.0229
327.323 -1.01259
327.168 -1.00226
327.012 -0.991928
326.857 -0.981585
326.701 -0.971231
326.546 -0.960867
326.39 -0.950494
326.235 -0.94011
326.079 -0.929716
325.924 -0.919313
325.768 -0.908899
325.613 -0.898475
325.457 -0.888041
325.302 -0.877597
325.147 -0.867143
324.991 -0.856678
324.836 -0.846204
324.68 -0.835719
324.525 -0.825224
324.369 -0.814719
324.214 -0.804204
324.058 -0.793678
323.903 -0.783142
323.747 -0.772596
323.592 -0.76204
323.436 -0.751473
323.281 -0.740896
323.125 -0.730309
322.97 -0.719712
322.814 -0.709104
322.659 -0.698485
322.503 -0.687857
322.348 -0.677217
322.192 -0.666568
322.037 -0.655908
321.881 -0.645238
321.726 -0.634557
321.57 -0.623865
321.415 -0.613164
321.26 -0.602451
321.104 -0.591728
320.949 -0.580995
320.793 -0.570251
320.638 -0.559497
320.482 -0.548732
320.327 -0.537956
320.171 -0.52717
320.016 -0.516373
319.86 -0.505565
319.705 -0.494747
319.549 -0.483918
319.394 -0.473079
319.238 -0.462229
319.083 -0.451368
318.927 -0.440496
318.772 -0.429613
318.616 -0.41872
318.461 -0.407816
318.305 -0.396901
318.15 -0.385976
317.994 -0.375039
317.839 -0.364092
317.683 -0.353134
317.528 -0.342165
317.373 -0.331185
317.217 -0.320194
317.062 -0.309192
316.906 -0.29818
316.751 -0.287156
316.595 -0.276121
316.44 -0.265076
316.284 -0.254019
316.129 -0.242951
315.973 -0.231873
315.818 -0.220783
315.662 -0.209682
315.507 -0.19857
315.351 -0.187447
315.196 -0.176313
315.04 -0.165168
314.885 -0.154011
314.729 -0.142844
314.574 -0.131665
314.418 -0.120475
314.263 -0.109274
314.107 -0.0980613
313.952 -0.0868376
313.796 -0.0756026
313.641 -0.0643563
313.486 -0.0530988
313.33 -0.0418299
313.175 -0.0305496
313.019 -0.0192581
312.864 -0.0079551
312.708 0.00335924
312.553 0.014685
312.397 0.0260222
312.242 0.0373708
312.086 0.0487309
311.931 0.0601024
311.775 0.0714854
311.62 0.08288
311.464 0.0942861
311.309 0.105704
311.153 0.117133
310.998 0.128574
310.842 0.140026
310.687 0.15149
310.531 0.162965
310.376 0.174453
310.22 0.185952
310.065 0.197462
309.91 0.208985
309.754 0.220519
309.599 0.232064
309.443 0.243622
309.288 0.255191
309.132 0.266772
308.977 0.278365
308.821 0.28997
308.666 0.301586
308.51 0.313215
308.355 0.324855
308.199 0.336507
308.044 0.348171
307.888 0.359847
307.733 0.371535
307.577 0.383235
307.422 0.394947
307.266 0.406671
307.111 0.418407
306.955 0.430155
306.8 0.441915
306.644 0.453687
306.489 0.465471
306.333 0.477267
306.178 0.489076
306.023 0.500897
305.867 0.512729
305.712 0.524574
305.556 0.536432
305.401 0.548301
305.245 0.560183
305.09 0.572077
304.934 0.583983
304.779 0.595901
304.623 0.607832
304.468 0.619775
304.312 0.631731
304.157 0.643699
304.001 0.655679
303.846 0.667672
303.69 0.679677
303.535 0.691695
303.379 0.703725
303.224 0.715767
303.068 0.727822
302.913 0.73989
302.757 0.75197
302.602 0.764063
302.446 0.776168
302.291 0.788286
302.136 0.800417
301.98 0.81256
301.825 0.824716
301.669 0.836884
301.514 0.849066
301.358 0.861259
301.203 0.873466
301.047 0.885686
300.892 0.897918
300.736 0.910163
300.581 0.922421
300.425 0.934692
300.27 0.946975
300.114 0.959272
299.959 0.971581
299.803 0.983904
299.648 0.996239
299.492 1.00859
299.337 1.02095
299.181 1.03332
299.026 1.04571
298.87 1.05811
298.715 1.07052
298.56 1.08295
298.404 1.09539
298.249 1.10784
298.093 1.12031
297.938 1.13279
297.782 1.14528
297.627 1.15778
297.471 1.1703
297.316 1.18284
297.16 1.19538
297.005 1.20794
296.849 1.22051
296.694 1.2331
296.538 1.24569
296.383 1.25831
296.227 1.27093
296.072 1.28357
295.916 1.29622
295.761 1.30889
295.605 1.32157
295.45 1.33426
295.294 1.34697
295.139 1.35968
294.983 1.37242
294.828 1.38516
294.673 1.39793
294.517 1.4107
294.362 1.42349
294.206 1.43629
294.051 1.4491
293.895 1.46193
293.74 1.47477
293.584 1.48763
293.429 1.5005
293.273 1.51338
293.118 1.52628
292.962 1.53919
292.807 1.55212
292.651 1.56506
292.496 1.57801
292.34 1.59098
292.185 1.60396
292.029 1.61696
291.874 1.62996
291.718 1.64299
291.563 1.65603
291.407 1.66908
291.252 1.68214
291.096 1.69522
290.941 1.70832
290.786 1.72142
290.63 1.73454
290.475 1.74768
290.319 1.76083
290.164 1.774
290.008 1.78718
289.853 1.80037
289.697 1.81358
289.542 1.8268
289.386 1.84003
289.231 1.85329
289.075 1.86655
288.92 1.87983
288.764 1.89312
288.609 1.90643
288.453 1.91976
288.298 1.93309
288.142 1.94645
287.987 1.95981
287.831 1.97319
287.676 1.98659
287.52 2



T  log10(tauFit)                 
=================================
443 -6.65693
433 -6.29029



1000/T  log10(tauFit_fit)            
=================================
2.25734 -6.65693
2.25813 -6.65136
2.25892 -6.64578
2.25972 -6.64021
2.26051 -6.63462
2.2613 -6.62904
2.2621 -6.62345
2.2629 -6.61785
2.26369 -6.61225
2.26449 -6.60665
2.26529 -6.60104
2.26608 -6.59543
2.26688 -6.58982
2.26768 -6.5842
2.26848 -6.57857
2.26928 -6.57295
2.27008 -6.56731
2.27089 -6.56168
2.27169 -6.55604
2.27249 -6.5504
2.27329 -6.54475
2.2741 -6.5391
2.2749 -6.53344
2.27571 -6.52778
2.27651 -6.52212
2.27732 -6.51645
2.27812 -6.51078
2.27893 -6.5051
2.27974 -6.49942
2.28055 -6.49374
2.28136 -6.48805
2.28217 -6.48235
2.28298 -6.47666
2.28379 -6.47096
2.2846 -6.46525
2.28541 -6.45954
2.28622 -6.45383
2.28704 -6.44811
2.28785 -6.44239
2.28866 -6.43666
2.28948 -6.43093
2.29029 -6.4252
2.29111 -6.41946
2.29193 -6.41372
2.29274 -6.40797
2.29356 -6.40222
2.29438 -6.39646
2.2952 -6.3907
2.29602 -6.38494
2.29684 -6.37917
2.29766 -6.3734
2.29848 -6.36762
2.2993 -6.36184
2.30012 -6.35606
2.30094 -6.35027
2.30177 -6.34447
2.30259 -6.33868
2.30342 -6.33287
2.30424 -6.32707
2.30507 -6.32126
2.30589 -6.31544
2.30672 -6.30962
2.30755 -6.3038
2.30838 -6.29797
2.30921 -6.29214
2.31004 -6.2863
2.31087 -6.28046
2.3117 -6.27462
2.31253 -6.26877
2.31336 -6.26292
2.31419 -6.25706
2.31502 -6.2512
2.31586 -6.24533
2.31669 -6.23946
2.31753 -6.23359
2.31836 -6.22771
2.3192 -6.22182
2.32003 -6.21593
2.32087 -6.21004
2.32171 -6.20415
2.32255 -6.19824
2.32339 -6.19234
2.32423 -6.18643
2.32507 -6.18052
2.32591 -6.1746
2.32675 -6.16867
2.32759 -6.16275
2.32843 -6.15682
2.32928 -6.15088
2.33012 -6.14494
2.33097 -6.13899
2.33181 -6.13304
2.33266 -6.12709
2.3335 -6.12113
2.33435 -6.11517
2.3352 -6.1092
2.33604 -6.10323
2.33689 -6.09726
2.33774 -6.09128
2.33859 -6.08529
2.33944 -6.0793
2.34029 -6.07331
2.34115 -6.06731
2.342 -6.06131
2.34285 -6.0553
2.34371 -6.04929
2.34456 -6.04327
2.34542 -6.03725
2.34627 -6.03123
2.34713 -6.0252
2.34798 -6.01916
2.34884 -6.01313
2.3497 -6.00708
2.35056 -6.00104
2.35142 -5.99498
2.35228 -5.98893
2.35314 -5.98287
2.354 -5.9768
2.35486 -5.97073
2.35572 -5.96465
2.35659 -5.95858
2.35745 -5.95249
2.35832 -5.9464
2.35918 -5.94031
2.36005 -5.93421
2.36091 -5.92811
2.36178 -5.922
2.36265 -5.91589
2.36352 -5.90978
2.36438 -5.90366
2.36525 -5.89753
2.36612 -5.8914
2.36699 -5.88527
2.36787 -5.87913
2.36874 -5.87298
2.36961 -5.86684
2.37048 -5.86068
2.37136 -5.85453
2.37223 -5.84836
2.37311 -5.8422
2.37398 -5.83603
2.37486 -5.82985
2.37574 -5.82367
2.37662 -5.81748
2.37749 -5.81129
2.37837 -5.8051
2.37925 -5.7989
2.38013 -5.79269
2.38101 -5.78649
2.3819 -5.78027
2.38278 -5.77405
2.38366 -5.76783
2.38455 -5.7616
2.38543 -5.75537
2.38632 -5.74913
2.3872 -5.74289
2.38809 -5.73665
2.38897 -5.73039
2.38986 -5.72414
2.39075 -5.71788
2.39164 -5.71161
2.39253 -5.70534
2.39342 -5.69907
2.39431 -5.69279
2.3952 -5.6865
2.39609 -5.68021
2.39699 -5.67392
2.39788 -5.66762
2.39878 -5.66131
2.39967 -5.65501
2.40057 -5.64869
2.40146 -5.64237
2.40236 -5.63605
2.40326 -5.62972
2.40415 -5.62339
2.40505 -5.61705
2.40595 -5.61071
2.40685 -5.60436
2.40776 -5.59801
2.40866 -5.59165
2.40956 -5.58529
2.41046 -5.57892
2.41137 -5.57255
2.41227 -5.56618
2.41318 -5.55979
2.41408 -5.55341
2.41499 -5.54702
2.41589 -5.54062
2.4168 -5.53422
2.41771 -5.52781
2.41862 -5.5214
2.41953 -5.51499
2.42044 -5.50857
2.42135 -5.50214
2.42226 -5.49571
2.42318 -5.48927
2.42409 -5.48283
2.425 -5.47639
2.42592 -5.46994
2.42683 -5.46348
2.42775 -5.45702
2.42867 -5.45056
2.42958 -5.44409
2.4305 -5.43761
2.43142 -5.43113
2.43234 -5.42464
2.43326 -5.41815
2.43418 -5.41166
2.4351 -5.40516
2.43603 -5.39865
2.43695 -5.39214
2.43787 -5.38563
2.4388 -5.37911
2.43972 -5.37258
2.44065 -5.36605
2.44157 -5.35951
2.4425 -5.35297
2.44343 -5.34643
2.44436 -5.33987
2.44529 -5.33332
2.44622 -5.32676
2.44715 -5.32019
2.44808 -5.31362
2.44901 -5.30704
2.44994 -5.30046
2.45088 -5.29387
2.45181 -5.28728
2.45275 -5.28069
2.45368 -5.27408
2.45462 -5.26748
2.45556 -5.26086
2.45649 -5.25425
2.45743 -5.24762
2.45837 -5.241
2.45931 -5.23436
2.46025 -5.22772
2.46119 -5.22108
2.46214 -5.21443
2.46308 -5.20778
2.46402 -5.20112
2.46497 -5.19445
2.46591 -5.18778
2.46686 -5.18111
2.4678 -5.17443
2.46875 -5.16774
2.4697 -5.16105
2.47065 -5.15436
2.4716 -5.14766
2.47255 -5.14095
2.4735 -5.13424
2.47445 -5.12752
2.4754 -5.1208
2.47636 -5.11407
2.47731 -5.10734
2.47826 -5.1006
2.47922 -5.09386
2.48018 -5.08711
2.48113 -5.08036
2.48209 -5.0736
2.48305 -5.06683
2.48401 -5.06006
2.48497 -5.05329
2.48593 -5.04651
2.48689 -5.03972
2.48785 -5.03293
2.48881 -5.02613
2.48978 -5.01933
2.49074 -5.01252
2.49171 -5.00571
2.49267 -4.99889
2.49364 -4.99207
2.49461 -4.98524
2.49557 -4.97841
2.49654 -4.97157
2.49751 -4.96472
2.49848 -4.95787
2.49945 -4.95101
2.50042 -4.94415
2.5014 -4.93729
2.50237 -4.93041
2.50334 -4.92354
2.50432 -4.91665
2.50529 -4.90976
2.50627 -4.90287
2.50725 -4.89597
2.50822 -4.88906
2.5092 -4.88215
2.51018 -4.87524
2.51116 -4.86831
2.51214 -4.86139
2.51313 -4.85445
2.51411 -4.84752
2.51509 -4.84057
2.51607 -4.83362
2.51706 -4.82667
2.51804 -4.81971
2.51903 -4.81274
2.52002 -4.80577
2.52101 -4.79879
2.52199 -4.79181
2.52298 -4.78482
2.52397 -4.77783
2.52496 -4.77083
2.52596 -4.76382
2.52695 -4.75681
2.52794 -4.74979
2.52894 -4.74277
2.52993 -4.73575
2.53093 -4.72871
2.53192 -4.72167
2.53292 -4.71463
2.53392 -4.70758
2.53492 -4.70052
2.53592 -4.69346
2.53692 -4.68639
2.53792 -4.67932
2.53892 -4.67224
2.53992 -4.66516
2.54092 -4.65807
2.54193 -4.65097
2.54293 -4.64387
2.54394 -4.63676
2.54495 -4.62965
2.54595 -4.62253
2.54696 -4.6154
2.54797 -4.60827
2.54898 -4.60114
2.54999 -4.594
2.551 -4.58685
2.55201 -4.5797
2.55303 -4.57254
2.55404 -4.56537
2.55506 -4.5582
2.55607 -4.55102
2.55709 -4.54384
2.55811 -4.53665
2.55912 -4.52946
2.56014 -4.52226
2.56116 -4.51505
2.56218 -4.50784
2.5632 -4.50062
2.56422 -4.4934
2.56525 -4.48617
2.56627 -4.47894
2.56729 -4.4717
2.56832 -4.46445
2.56935 -4.4572
2.57037 -4.44994
2.5714 -4.44267
2.57243 -4.4354
2.57346 -4.42812
2.57449 -4.42084
2.57552 -4.41355
2.57655 -4.40626
2.57758 -4.39896
2.57862 -4.39165
2.57965 -4.38434
2.58069 -4.37702
2.58172 -4.3697
2.58276 -4.36237
2.5838 -4.35503
2.58484 -4.34769
2.58587 -4.34034
2.58691 -4.33299
2.58796 -4.32563
2.589 -4.31826
2.59004 -4.31089
2.59108 -4.30351
2.59213 -4.29612
2.59317 -4.28873
2.59422 -4.28134
2.59527 -4.27393
2.59631 -4.26653
2.59736 -4.25911
2.59841 -4.25169
2.59946 -4.24426
2.60051 -4.23683
2.60156 -4.22939
2.60262 -4.22194
2.60367 -4.21449
2.60472 -4.20703
2.60578 -4.19957
2.60684 -4.1921
2.60789 -4.18462
2.60895 -4.17714
2.61001 -4.16965
2.61107 -4.16216
2.61213 -4.15466
2.61319 -4.14715
2.61425 -4.13964
2.61532 -4.13212
2.61638 -4.12459
2.61744 -4.11706
2.61851 -4.10952
2.61958 -4.10197
2.62064 -4.09442
2.62171 -4.08687
2.62278 -4.0793
2.62385 -4.07173
2.62492 -4.06416
2.62599 -4.05657
2.62707 -4.04899
2.62814 -4.04139
2.62921 -4.03379
2.63029 -4.02618
2.63137 -4.01857
2.63244 -4.01095
2.63352 -4.00332
2.6346 -3.99569
2.63568 -3.98805
2.63676 -3.9804
2.63784 -3.97275
2.63892 -3.96509
2.64001 -3.95743
2.64109 -3.94975
2.64218 -3.94208
2.64326 -3.93439
2.64435 -3.9267
2.64544 -3.919
2.64652 -3.9113
2.64761 -3.90359
2.6487 -3.89587
2.6498 -3.88815
2.65089 -3.88042
2.65198 -3.87268
2.65307 -3.86494
2.65417 -3.85719
2.65527 -3.84944
2.65636 -3.84167
2.65746 -3.83391
2.65856 -3.82613
2.65966 -3.81835
2.66076 -3.81056
2.66186 -3.80277
2.66296 -3.79496
2.66406 -3.78716
2.66517 -3.77934
2.66627 -3.77152
2.66738 -3.76369
2.66848 -3.75586
2.66959 -3.74802
2.6707 -3.74017
2.67181 -3.73231
2.67292 -3.72445
2.67403 -3.71659
2.67514 -3.70871
2.67626 -3.70083
2.67737 -3.69294
2.67849 -3.68505
2.6796 -3.67715
2.68072 -3.66924
2.68184 -3.66133
2.68296 -3.6534
2.68408 -3.64548
2.6852 -3.63754
2.68632 -3.6296
2.68744 -3.62165
2.68856 -3.6137
2.68969 -3.60574
2.69081 -3.59777
2.69194 -3.58979
2.69307 -3.58181
2.69419 -3.57382
2.69532 -3.56582
2.69645 -3.55782
2.69758 -3.54981
2.69872 -3.5418
2.69985 -3.53377
2.70098 -3.52574
2.70212 -3.51771
2.70325 -3.50966
2.70439 -3.50161
2.70553 -3.49355
2.70667 -3.48549
2.70781 -3.47742
2.70895 -3.46934
2.71009 -3.46126
2.71123 -3.45316
2.71237 -3.44506
2.71352 -3.43696
2.71466 -3.42885
2.71581 -3.42073
2.71696 -3.4126
2.7181 -3.40447
2.71925 -3.39632
2.7204 -3.38818
2.72156 -3.38002
2.72271 -3.37186
2.72386 -3.36369
2.72501 -3.35551
2.72617 -3.34733
2.72733 -3.33914
2.72848 -3.33094
2.72964 -3.32274
2.7308 -3.31453
2.73196 -3.30631
2.73312 -3.29808
2.73428 -3.28985
2.73545 -3.28161
2.73661 -3.27337
2.73777 -3.26511
2.73894 -3.25685
2.74011 -3.24858
2.74127 -3.24031
2.74244 -3.23202
2.74361 -3.22373
2.74478 -3.21544
2.74596 -3.20713
2.74713 -3.19882
2.7483 -3.1905
2.74948 -3.18218
2.75065 -3.17384
2.75183 -3.1655
2.75301 -3.15715
2.75419 -3.1488
2.75537 -3.14044
2.75655 -3.13207
2.75773 -3.12369
2.75891 -3.11531
2.7601 -3.10691
2.76128 -3.09851
2.76247 -3.09011
2.76365 -3.08169
2.76484 -3.07327
2.76603 -3.06485
2.76722 -3.05641
2.76841 -3.04797
2.76961 -3.03952
2.7708 -3.03106
2.77199 -3.02259
2.77319 -3.01412
2.77438 -3.00564
2.77558 -2.99715
2.77678 -2.98866
2.77798 -2.98015
2.77918 -2.97164
2.78038 -2.96313
2.78158 -2.9546
2.78279 -2.94607
2.78399 -2.93753
2.7852 -2.92898
2.7864 -2.92043
2.78761 -2.91186
2.78882 -2.90329
2.79003 -2.89472
2.79124 -2.88613
2.79245 -2.87754
2.79367 -2.86894
2.79488 -2.86033
2.79609 -2.85171
2.79731 -2.84309
2.79853 -2.83446
2.79975 -2.82582
2.80097 -2.81718
2.80219 -2.80852
2.80341 -2.79986
2.80463 -2.79119
2.80585 -2.78251
2.80708 -2.77383
2.8083 -2.76514
2.80953 -2.75644
2.81076 -2.74773
2.81199 -2.73901
2.81322 -2.73029
2.81445 -2.72156
2.81568 -2.71282
2.81691 -2.70407
2.81815 -2.69532
2.81938 -2.68656
2.82062 -2.67779
2.82186 -2.66901
2.82309 -2.66022
2.82433 -2.65143
2.82558 -2.64263
2.82682 -2.63382
2.82806 -2.625
2.8293 -2.61618
2.83055 -2.60734
2.8318 -2.5985
2.83304 -2.58966
2.83429 -2.5808
2.83554 -2.57193
2.83679 -2.56306
2.83804 -2.55418
2.8393 -2.54529
2.84055 -2.5364
2.84181 -2.52749
2.84306 -2.51858
2.84432 -2.50966
2.84558 -2.50073
2.84684 -2.49179
2.8481 -2.48285
2.84936 -2.4739
2.85062 -2.46494
2.85189 -2.45597
2.85315 -2.44699
2.85442 -2.43801
2.85568 -2.42901
2.85695 -2.42001
2.85822 -2.411
2.85949 -2.40199
2.86077 -2.39296
2.86204 -2.38393
2.86331 -2.37488
2.86459 -2.36583
2.86586 -2.35678
2.86714 -2.34771
2.86842 -2.33863
2.8697 -2.32955
2.87098 -2.32046
2.87226 -2.31136
2.87355 -2.30225
2.87483 -2.29314
2.87612 -2.28401
2.8774 -2.27488
2.87869 -2.26574
2.87998 -2.25659
2.88127 -2.24743
2.88256 -2.23827
2.88385 -2.22909
2.88515 -2.21991
2.88644 -2.21072
2.88774 -2.20152
2.88904 -2.19231
2.89033 -2.1831
2.89163 -2.17387
2.89293 -2.16464
2.89424 -2.1554
2.89554 -2.14615
2.89684 -2.13689
2.89815 -2.12762
2.89945 -2.11835
2.90076 -2.10906
2.90207 -2.09977
2.90338 -2.09047
2.90469 -2.08116
2.90601 -2.07184
2.90732 -2.06252
2.90863 -2.05318
2.90995 -2.04384
2.91127 -2.03449
2.91259 -2.02513
2.9139 -2.01576
2.91523 -2.00638
2.91655 -1.99699
2.91787 -1.9876
2.91919 -1.97819
2.92052 -1.96878
2.92185 -1.95936
2.92318 -1.94993
2.9245 -1.94049
2.92583 -1.93104
2.92717 -1.92159
2.9285 -1.91212
2.92983 -1.90265
2.93117 -1.89316
2.9325 -1.88367
2.93384 -1.87417
2.93518 -1.86466
2.93652 -1.85515
2.93786 -1.84562
2.93921 -1.83609
2.94055 -1.82654
2.94189 -1.81699
2.94324 -1.80743
2.94459 -1.79786
2.94594 -1.78828
2.94729 -1.77869
2.94864 -1.76909
2.94999 -1.75948
2.95134 -1.74987
2.9527 -1.74024
2.95405 -1.73061
2.95541 -1.72097
2.95677 -1.71132
2.95813 -1.70166
2.95949 -1.69199
2.96085 -1.68231
2.96222 -1.67262
2.96358 -1.66292
2.96495 -1.65322
2.96632 -1.6435
2.96769 -1.63378
2.96906 -1.62405
2.97043 -1.6143
2.9718 -1.60455
2.97317 -1.59479
2.97455 -1.58502
2.97592 -1.57524
2.9773 -1.56546
2.97868 -1.55566
2.98006 -1.54585
2.98144 -1.53604
2.98282 -1.52621
2.98421 -1.51638
2.98559 -1.50654
2.98698 -1.49668
2.98837 -1.48682
2.98976 -1.47695
2.99115 -1.46707
2.99254 -1.45718
2.99393 -1.44728
2.99533 -1.43737
2.99672 -1.42745
2.99812 -1.41753
2.99952 -1.40759
3.00092 -1.39764
3.00232 -1.38769
3.00372 -1.37772
3.00512 -1.36775
3.00653 -1.35776
3.00793 -1.34777
3.00934 -1.33777
3.01075 -1.32776
3.01216 -1.31773
3.01357 -1.3077
3.01498 -1.29766
3.0164 -1.28761
3.01781 -1.27755
3.01923 -1.26748
3.02065 -1.2574
3.02207 -1.24731
3.02349 -1.23722
3.02491 -1.22711
3.02633 -1.21699
3.02776 -1.20686
3.02918 -1.19672
3.03061 -1.18658
3.03204 -1.17642
3.03347 -1.16625
3.0349 -1.15608
3.03633 -1.14589
3.03777 -1.1357
3.0392 -1.12549
3.04064 -1.11528
3.04208 -1.10505
3.04352 -1.09482
3.04496 -1.08457
3.0464 -1.07432
3.04785 -1.06405
3.04929 -1.05378
3.05074 -1.0435
3.05218 -1.0332
3.05363 -1.0229
3.05508 -1.01259
3.05654 -1.00226
3.05799 -0.991928
3.05944 -0.981585
3.0609 -0.971231
3.06236 -0.960867
3.06382 -0.950494
3.06528 -0.94011
3.06674 -0.929716
3.0682 -0.919313
3.06967 -0.908899
3.07113 -0.898475
3.0726 -0.888041
3.07407 -0.877597
3.07554 -0.867143
3.07701 -0.856678
3.07848 -0.846204
3.07996 -0.835719
3.08143 -0.825224
3.08291 -0.814719
3.08439 -0.804204
3.08587 -0.793678
3.08735 -0.783142
3.08883 -0.772596
3.09031 -0.76204
3.0918 -0.751473
3.09329 -0.740896
3.09477 -0.730309
3.09626 -0.719712
3.09776 -0.709104
3.09925 -0.698485
3.10074 -0.687857
3.10224 -0.677217
3.10374 -0.666568
3.10523 -0.655908
3.10673 -0.645238
3.10824 -0.634557
3.10974 -0.623865
3.11124 -0.613164
3.11275 -0.602451
3.11426 -0.591728
3.11576 -0.580995
3.11727 -0.570251
3.11879 -0.559497
3.1203 -0.548732
3.12181 -0.537956
3.12333 -0.52717
3.12485 -0.516373
3.12637 -0.505565
3.12789 -0.494747
3.12941 -0.483918
3.13093 -0.473079
3.13246 -0.462229
3.13398 -0.451368
3.13551 -0.440496
3.13704 -0.429613
3.13857 -0.41872
3.1401 -0.407816
3.14164 -0.396901
3.14317 -0.385976
3.14471 -0.375039
3.14625 -0.364092
3.14779 -0.353134
3.14933 -0.342165
3.15087 -0.331185
3.15242 -0.320194
3.15396 -0.309192
3.15551 -0.29818
3.15706 -0.287156
3.15861 -0.276121
3.16016 -0.265076
3.16171 -0.254019
3.16327 -0.242951
3.16483 -0.231873
3.16638 -0.220783
3.16794 -0.209682
3.1695 -0.19857
3.17107 -0.187447
3.17263 -0.176313
3.1742 -0.165168
3.17576 -0.154011
3.17733 -0.142844
3.1789 -0.131665
3.18048 -0.120475
3.18205 -0.109274
3.18362 -0.0980613
3.1852 -0.0868376
3.18678 -0.0756026
3.18836 -0.0643563
3.18994 -0.0530988
3.19152 -0.0418299
3.19311 -0.0305496
3.19469 -0.0192581
3.19628 -0.0079551
3.19787 0.00335924
3.19946 0.014685
3.20105 0.0260222
3.20265 0.0373708
3.20424 0.0487309
3.20584 0.0601024
3.20744 0.0714854
3.20904 0.08288
3.21064 0.0942861
3.21224 0.105704
3.21385 0.117133
3.21546 0.128574
3.21706 0.140026
3.21867 0.15149
3.22029 0.162965
3.2219 0.174453
3.22351 0.185952
3.22513 0.197462
3.22675 0.208985
3.22837 0.220519
3.22999 0.232064
3.23161 0.243622
3.23324 0.255191
3.23486 0.266772
3.23649 0.278365
3.23812 0.28997
3.23975 0.301586
3.24138 0.313215
3.24302 0.324855
3.24465 0.336507
3.24629 0.348171
3.24793 0.359847
3.24957 0.371535
3.25122 0.383235
3.25286 0.394947
3.25451 0.406671
3.25615 0.418407
3.2578 0.430155
3.25945 0.441915
3.26111 0.453687
3.26276 0.465471
3.26442 0.477267
3.26607 0.489076
3.26773 0.500897
3.26939 0.512729
3.27106 0.524574
3.27272 0.536432
3.27439 0.548301
3.27606 0.560183
3.27773 0.572077
3.2794 0.583983
3.28107 0.595901
3.28274 0.607832
3.28442 0.619775
3.2861 0.631731
3.28778 0.643699
3.28946 0.655679
3.29114 0.667672
3.29283 0.679677
3.29451 0.691695
3.2962 0.703725
3.29789 0.715767
3.29959 0.727822
3.30128 0.73989
3.30297 0.75197
3.30467 0.764063
3.30637 0.776168
3.30807 0.788286
3.30977 0.800417
3.31148 0.81256
3.31318 0.824716
3.31489 0.836884
3.3166 0.849066
3.31831 0.861259
3.32002 0.873466
3.32174 0.885686
3.32345 0.897918
3.32517 0.910163
3.32689 0.922421
3.32861 0.934692
3.33034 0.946975
3.33206 0.959272
3.33379 0.971581
3.33552 0.983904
3.33725 0.996239
3.33898 1.00859
3.34072 1.02095
3.34245 1.03332
3.34419 1.04571
3.34593 1.05811
3.34767 1.07052
3.34942 1.08295
3.35116 1.09539
3.35291 1.10784
3.35466 1.12031
3.35641 1.13279
3.35816 1.14528
3.35991 1.15778
3.36167 1.1703
3.36343 1.18284
3.36519 1.19538
3.36695 1.20794
3.36871 1.22051
3.37048 1.2331
3.37225 1.24569
3.37402 1.25831
3.37579 1.27093
3.37756 1.28357
3.37933 1.29622
3.38111 1.30889
3.38289 1.32157
3.38467 1.33426
3.38645 1.34697
3.38823 1.35968
3.39002 1.37242
3.39181 1.38516
3.3936 1.39793
3.39539 1.4107
3.39718 1.42349
3.39898 1.43629
3.40078 1.4491
3.40257 1.46193
3.40438 1.47477
3.40618 1.48763
3.40798 1.5005
3.40979 1.51338
3.4116 1.52628
3.41341 1.53919
3.41522 1.55212
3.41704 1.56506
3.41885 1.57801
3.42067 1.59098
3.42249 1.60396
3.42431 1.61696
3.42614 1.62996
3.42796 1.64299
3.42979 1.65603
3.43162 1.66908
3.43345 1.68214
3.43529 1.69522
3.43712 1.70832
3.43896 1.72142
3.4408 1.73454
3.44264 1.74768
3.44449 1.76083
3.44633 1.774
3.44818 1.78718
3.45003 1.80037
3.45188 1.81358
3.45373 1.8268
3.45559 1.84003
3.45745 1.85329
3.45931 1.86655
3.46117 1.87983
3.46303 1.89312
3.4649 1.90643
3.46677 1.91976
3.46863 1.93309
3.47051 1.94645
3.47238 1.95981
3.47426 1.97319
3.47613 1.98659
3.47801 2


1000/T  log10(tauFit)                
=================================
2.25734 -6.65693
2.30947 -6.29029


