T_nominal 443000
reduction #0  12  0.997541  3.71151 1.16834 0.0714186 -6.87081 

T_nominal 433000
reduction #0  17  0.996762  0.714549 0.832181 6.32464 -7.89051 

T_nominal 428000
reduction #0  18  0.996915  0.903948 0.753778 4.00692 -7.65366 

T_nominal 423000
reduction #0  17  0.99361  1.15741 0.654571 53188.1 -14.1011 

T_nominal 418000
reduction #0  21  0.988637  1.05926 0.60409 180764 -15.2972 

T_nominal 413000
reduction #0  22  0.993327  1.09186 0.581664 180118 -15.4181 

T_nominal 408000
reduction #0  25  0.990998  1.2108 0.52301 259454 -16.6115 
reduction #1  39  0.994546  1.21132 0.522073 213991 -16.4746 2.51857 1.57276 0.799794 -1.35374 

T_nominal 403000
reduction #0  26  0.993425  1.29712 0.48675 19937.4 -14.9289 
reduction #1  39  0.995485  1.29357 0.488501 2047.93 -12.8747 1.07129 1.60116 0.693097 -1.36218 

T_nominal 398000
reduction #0  28  0.991909  1.39173 0.438754 169979 -17.8403 
reduction #1  37  0.998273  1.44978 0.503412 2.73241 -6.74712 0.512149 1.71605 0.330058 -1.51542 

T_nominal 393000
reduction #0  29  0.991733  1.46615 0.401072 269120 -19.244 
reduction #1  36  0.999441  1.38168 0.560687 1.222 -5.79084 3.85533 1.68391 0.0181276 -1.50719 

T_nominal 388000
reduction #0  31  0.990734  1.55767 0.361578 150365 -19.8193 
reduction #1  36  0.997752  1.55938 0.429055 2.91166 -6.53469 2.46847 1.00016 0.432794 2.09834 

T_nominal 383000
reduction #0  32  0.98865  1.63649 0.327756 98736.7 -20.5169 
reduction #1  35  0.999804  0.870893 0.619422 0.932014 -5.14185 1.04839 0.189771 25670.5 -28.1932 

T_nominal 378000
reduction #0  35  0.981158  1.72748 0.290069 163323 -23.0027 
reduction #1  40  0.995763  1.22026 0.464628 1.59174 -5.4053 2.25363 1 0.0244521 4.38584 

T_nominal 373000
reduction #0  38  0.967081  1.81196 0.256154 283193 -26.0425 

T_nominal 363000
reduction #0  35  0.949377  1.7293 0.262043 4.73509 -6.827 

T_nominal 358000
reduction #0  32  0.975076  1.53377 0.322229 1.80724 -4.85049 

T_nominal 353000
reduction #0  32  0.992272  1.37272 0.404189 0.923666 -3.76727 

T_nominal 348000
reduction #0  33  0.992597  1.27428 0.411077 0.878557 -3.5531 

T_nominal 343000
reduction #0  37  0.985671  1.21405 0.387603 0.948444 -3.47389 

T_nominal 338000
reduction #0  36  0.996047  1.12114 0.457803 0.664555 -2.94579 

T_nominal 333000
reduction #0  42  0.977935  1.10083 0.379716 0.933259 -3.13644 

T_nominal 328000
reduction #0  40  0.994935  1.04565 0.453701 0.632648 -2.53093 

T_nominal 323000
reduction #0  37  0.997448  1.00689 0.480397 0.569142 -2.25849 

T_nominal 318000
reduction #0  38  0.997618  0.980606 0.485758 0.538753 -2.01189 

T_nominal 313000
reduction #0  41  0.996549  0.969962 0.473207 0.541448 -1.78763 

T_nominal 308000
reduction #0  40  0.996546  0.949392 0.488464 0.498246 -1.50997 

T_nominal 303000
reduction #0  15  0.999915  1.00929 0.338714 1.07764 -1.95528 0.00109778 1.47398 3.0277 -3.97223 

T_nominal 298000
reduction #0  43  0.996109  0.917809 0.497406 0.455494 -0.991996 

T_nominal 278000
reduction #0  43  0.995136  0.810796 0.579221 0.340777 0.012948 

