Raw Data (#.=61)
log.afreq  log.sfreq  log.loss  storage   
==========================================
-0.773248 -1.57143 -0.534424 2.8985
-0.630391 -1.42857 -0.595457 2.8666
-0.487532 -1.28571 -0.641437 2.8367
-0.344674 -1.14285 -0.678236 2.8035
-0.20182 -1 -0.699665 2.7677
-0.0589614 -0.857141 -0.720721 2.7333
0.083893 -0.714285 -0.732101 2.6987
0.226752 -0.571428 -0.739714 2.6616
0.369609 -0.428571 -0.745307 2.6247
0.512468 -0.285712 -0.748873 2.5878
0.655326 -0.142855 -0.751659 2.5509
0.79818 0 -0.753797 2.5151
0.941039 0.142859 -0.754142 2.4777
1.08389 0.285715 -0.755451 2.4405
1.22675 0.428572 -0.755921 2.4032
1.36961 0.571429 -0.756739 2.3658
1.51247 0.714288 -0.759675 2.3282
1.65533 0.857145 -0.76223 2.2908
1.79818 1 -0.766369 2.2536
1.94104 1.14286 -0.773374 2.2169
2.08389 1.28571 -0.782384 2.1806
2.22675 1.42857 -0.79393 2.1451
2.36961 1.57143 -0.808158 2.1106
2.51247 1.71429 -0.825446 2.0774
2.65533 1.85715 -0.845546 2.0458
2.79818 2 -0.868863 2.015
2.94104 2.14286 -0.894558 1.9869
3.08389 2.28571 -0.922959 1.9606
3.22675 2.42857 -0.953856 1.9363
3.36961 2.57143 -0.986868 1.9139
3.51247 2.71429 -1.02196 1.8935
3.65533 2.85715 -1.05874 1.8748
3.79818 3 -1.09686 1.8578
3.94104 3.14286 -1.13618 1.8424
4.08389 3.28571 -1.17664 1.8284
4.22675 3.42857 -1.21754 1.8158
4.36961 3.57143 -1.25924 1.8044
4.51247 3.71429 -1.30114 1.7942
4.65533 3.85715 -1.34271 1.785
4.79818 4 -1.38367 1.7765
4.94104 4.14286 -1.4241 1.769
5.08389 4.28571 -1.46306 1.762
5.22675 4.42857 -1.50107 1.7557
5.36961 4.57143 -1.53735 1.7499
5.51247 4.71429 -1.57187 1.7446
5.65533 4.85715 -1.60424 1.7396
5.79818 5 -1.63474 1.7349
5.94104 5.14286 -1.66348 1.7305
6.08389 5.28571 -1.69099 1.7264
6.22675 5.42857 -1.71663 1.7225
6.36961 5.57143 -1.74283 1.719
6.51247 5.71429 -1.77173 1.7156
6.65533 5.85715 -1.80129 1.7126
6.79818 6 -1.88353 1.714
6.94104 6.14286 -2.0078 1.711
7.08389 6.28571 -2.44954 1.7106
7.22675 6.42857 -3.18548 1.7106
7.36961 6.57143 -2.11724 1.7159
7.51247 6.71429 -2.08296 1.7183
7.65533 6.85715 -1.85558 1.7316
7.79818 7 -1.14971 1.7372


Cubic Spline Interpolation (Global Range)
log.afreq  log.sfreq  f  df  d2f         
=========================================
-0.773248 -1.57143 -0.534424 -0.488186 0.85336
-0.764677 -1.56286 -0.538577 -0.480871 0.85336
-0.756105 -1.55429 -0.542667 -0.473557 0.85336
-0.747534 -1.54571 -0.546695 -0.466242 0.85336
-0.738962 -1.53714 -0.55066 -0.458928 0.85336
-0.730391 -1.52857 -0.554563 -0.451613 0.85336
-0.721819 -1.52 -0.558402 -0.444299 0.85336
-0.713248 -1.51143 -0.562179 -0.436984 0.85336
-0.704677 -1.50286 -0.565893 -0.42967 0.85336
-0.696105 -1.49429 -0.569545 -0.422355 0.85336
-0.687534 -1.48571 -0.573134 -0.415041 0.85336
-0.678962 -1.47714 -0.57666 -0.407726 0.85336
-0.670391 -1.46857 -0.580123 -0.400412 0.85336
-0.661819 -1.46 -0.583524 -0.393097 0.85336
-0.653248 -1.45143 -0.586862 -0.385782 0.85336
-0.644677 -1.44286 -0.590137 -0.378468 0.85336
-0.636105 -1.43429 -0.59335 -0.371153 0.85336
-0.627534 -1.42571 -0.5965 -0.363859 0.839472
-0.618962 -1.41714 -0.599589 -0.356842 0.797808
-0.610391 -1.40857 -0.602618 -0.350182 0.756144
-0.601819 -1.4 -0.605593 -0.343879 0.71448
-0.593248 -1.39143 -0.608514 -0.337934 0.672816
-0.584677 -1.38286 -0.611387 -0.332345 0.631152
-0.576105 -1.37429 -0.614213 -0.327114 0.589488
-0.567534 -1.36571 -0.616996 -0.32224 0.547824
-0.558962 -1.35714 -0.619738 -0.317723 0.50616
-0.550391 -1.34857 -0.622443 -0.313563 0.464496
-0.541819 -1.34 -0.625114 -0.30976 0.422832
-0.533248 -1.33143 -0.627754 -0.306314 0.381168
-0.524677 -1.32286 -0.630366 -0.303226 0.339504
-0.516105 -1.31429 -0.632954 -0.300494 0.29784
-0.507534 -1.30571 -0.635519 -0.29812 0.256176
-0.498962 -1.29714 -0.638065 -0.296103 0.214512
-0.490391 -1.28857 -0.640596 -0.294443 0.172848
-0.481819 -1.28 -0.643113 -0.29294 0.200977
-0.473248 -1.27143 -0.645616 -0.290947 0.264034
-0.464677 -1.26286 -0.6481 -0.288414 0.327091
-0.456105 -1.25429 -0.650559 -0.28534 0.390148
-0.447534 -1.24571 -0.65299 -0.281726 0.453206
-0.438962 -1.23714 -0.655387 -0.277571 0.516263
-0.430391 -1.22857 -0.657746 -0.272875 0.57932
-0.421819 -1.22 -0.660063 -0.26764 0.642377
-0.413248 -1.21143 -0.662333 -0.261863 0.705435
-0.404677 -1.20286 -0.664551 -0.255546 0.768492
-0.396105 -1.19429 -0.666712 -0.248689 0.831549
-0.387534 -1.18571 -0.668813 -0.241291 0.894606
-0.378962 -1.17714 -0.670847 -0.233353 0.957664
-0.370391 -1.16857 -0.672811 -0.224874 1.02072
-0.361819 -1.16 -0.674701 -0.215855 1.08378
-0.353248 -1.15143 -0.67651 -0.206295 1.14684
-0.344677 -1.14286 -0.678235 -0.196195 1.20989
-0.336105 -1.13429 -0.679874 -0.186258 1.10855
-0.327534 -1.12571 -0.681431 -0.177191 1.00715
-0.318962 -1.11714 -0.682914 -0.168993 0.905753
-0.310391 -1.10857 -0.68433 -0.161664 0.804356
-0.30182 -1.1 -0.685688 -0.155204 0.70296
-0.293248 -1.09143 -0.686994 -0.149613 0.601563
-0.284677 -1.08286 -0.688255 -0.144892 0.500166
-0.276105 -1.07429 -0.68948 -0.141039 0.398769
-0.267534 -1.06571 -0.690675 -0.138056 0.297373
-0.258962 -1.05714 -0.691849 -0.135941 0.195976
-0.250391 -1.04857 -0.693008 -0.134696 0.0945791
-0.24182 -1.04 -0.694161 -0.13432 -0.00681764
-0.233248 -1.03143 -0.695313 -0.134813 -0.108214
-0.224677 -1.02286 -0.696474 -0.136175 -0.209611
-0.216105 -1.01429 -0.69765 -0.138406 -0.311008
-0.207534 -1.00571 -0.698849 -0.141506 -0.412405
-0.198962 -0.997142 -0.700079 -0.14539 -0.453993
-0.190391 -0.988571 -0.701341 -0.148948 -0.375997
-0.18182 -0.979999 -0.70263 -0.151836 -0.298
-0.173248 -0.971428 -0.703942 -0.154056 -0.220004
-0.164677 -0.962857 -0.705269 -0.155608 -0.142007
-0.156105 -0.954285 -0.706607 -0.156491 -0.0640105
-0.147534 -0.945714 -0.70795 -0.156705 0.013986
-0.138962 -0.937142 -0.709292 -0.156251 0.0919826
-0.130391 -0.928571 -0.710627 -0.155128 0.169979
-0.12182 -0.919999 -0.711949 -0.153337 0.247976
-0.113248 -0.911428 -0.713253 -0.150877 0.325972
-0.104677 -0.902857 -0.714534 -0.147749 0.403969
-0.0961052 -0.894285 -0.715784 -0.143952 0.481965
-0.0875338 -0.885714 -0.716999 -0.139487 0.559962
-0.0789624 -0.877142 -0.718174 -0.134353 0.637958
-0.0703909 -0.868571 -0.719301 -0.12855 0.715955
-0.0618195 -0.859999 -0.720375 -0.122079 0.793951
-0.0532481 -0.851428 -0.721392 -0.115177 0.788961
-0.0446767 -0.842857 -0.722351 -0.108613 0.742448
-0.0361052 -0.834285 -0.723255 -0.102449 0.695935
-0.0275338 -0.825714 -0.724108 -0.0966831 0.649421
-0.0189624 -0.817142 -0.724914 -0.0913159 0.602908
-0.0103909 -0.808571 -0.725675 -0.0863475 0.556395
-0.00181951 -0.799999 -0.726395 -0.0817777 0.509881
0.00675192 -0.791428 -0.727078 -0.0776067 0.463368
0.0153233 -0.782857 -0.727727 -0.0738343 0.416855
0.0238948 -0.774285 -0.728345 -0.0704606 0.370341
0.0324662 -0.765714 -0.728936 -0.0674856 0.323828
0.0410376 -0.757142 -0.729503 -0.0649093 0.277315
0.0496091 -0.748571 -0.73005 -0.0627316 0.230801
0.0581805 -0.739999 -0.730579 -0.0609527 0.184288
0.0667519 -0.731428 -0.731096 -0.0595724 0.137775
0.0753233 -0.722857 -0.731602 -0.0585908 0.0912612
0.0838948 -0.714285 -0.732101 -0.0580079 0.0447583
0.0924662 -0.705714 -0.732597 -0.0576079 0.0485903
0.101038 -0.697142 -0.733089 -0.0571749 0.0524223
0.109609 -0.688571 -0.733577 -0.0567092 0.0562544
0.11818 -0.679999 -0.734061 -0.0562106 0.0600864
0.126752 -0.671428 -0.73454 -0.0556791 0.0639184
0.135323 -0.662857 -0.735015 -0.0551148 0.0677504
0.143895 -0.654285 -0.735485 -0.0545177 0.0715825
0.152466 -0.645714 -0.73595 -0.0538877 0.0754145
0.161038 -0.637142 -0.736409 -0.0532249 0.0792465
0.169609 -0.628571 -0.736862 -0.0525292 0.0830785
0.17818 -0.619999 -0.737309 -0.0518007 0.0869106
0.186752 -0.611428 -0.73775 -0.0510393 0.0907426
0.195323 -0.602857 -0.738184 -0.0502451 0.0945746
0.203895 -0.594285 -0.738611 -0.049418 0.0984067
0.212466 -0.585714 -0.739031 -0.0485581 0.102239
0.221038 -0.577142 -0.739443 -0.0476654 0.106071
0.229609 -0.568571 -0.739848 -0.0467414 0.108745
0.23818 -0.559999 -0.740245 -0.0458078 0.109102
0.246752 -0.551428 -0.740633 -0.0448711 0.10946
0.255323 -0.542857 -0.741014 -0.0439313 0.109818
0.263895 -0.534285 -0.741386 -0.0429885 0.110175
0.272466 -0.525714 -0.741751 -0.0420426 0.110533
0.281038 -0.517142 -0.742107 -0.0410936 0.110891
0.289609 -0.508571 -0.742455 -0.0401416 0.111249
0.29818 -0.499999 -0.742795 -0.0391865 0.111606
0.306752 -0.491428 -0.743127 -0.0382284 0.111964
0.315323 -0.482857 -0.743451 -0.0372671 0.112322
0.323895 -0.474285 -0.743766 -0.0363029 0.112679
0.332466 -0.465714 -0.744073 -0.0353355 0.113037
0.341038 -0.457142 -0.744372 -0.0343651 0.113395
0.349609 -0.448571 -0.744662 -0.0333916 0.113752
0.35818 -0.439999 -0.744944 -0.032415 0.11411
0.366752 -0.431428 -0.745218 -0.0314354 0.114468
0.375323 -0.422857 -0.745483 -0.0304632 0.111163
0.383895 -0.414285 -0.74574 -0.0295324 0.106026
0.392466 -0.405714 -0.745989 -0.0286456 0.10089
0.401038 -0.397142 -0.746231 -0.0278029 0.095753
0.409609 -0.388571 -0.746466 -0.0270041 0.0906164
0.41818 -0.379999 -0.746694 -0.0262494 0.0854799
0.426752 -0.371428 -0.746916 -0.0255388 0.0803434
0.435323 -0.362857 -0.747132 -0.0248721 0.0752068
0.443895 -0.354285 -0.747343 -0.0242495 0.0700703
0.452466 -0.345714 -0.747548 -0.0236709 0.0649338
0.461038 -0.337142 -0.747749 -0.0231364 0.0597973
0.469609 -0.328571 -0.747945 -0.0226458 0.0546607
0.47818 -0.319999 -0.748137 -0.0221993 0.0495242
0.486752 -0.311428 -0.748325 -0.0217968 0.0443877
0.495323 -0.302857 -0.748511 -0.0214384 0.0392511
0.503895 -0.294285 -0.748693 -0.021124 0.0341146
0.512466 -0.285714 -0.748873 -0.0208536 0.0289781
0.521038 -0.277142 -0.749051 -0.0206129 0.0271676
0.529609 -0.268571 -0.749226 -0.0203878 0.0253578
0.53818 -0.259999 -0.7494 -0.0201782 0.023548
0.546752 -0.251428 -0.749572 -0.0199841 0.0217383
0.555323 -0.242857 -0.749743 -0.0198056 0.0199285
0.563895 -0.234285 -0.749912 -0.0196425 0.0181187
0.572466 -0.225714 -0.75008 -0.019495 0.0163089
0.581038 -0.217142 -0.750246 -0.0193629 0.0144992
0.589609 -0.208571 -0.750412 -0.0192464 0.0126894
0.59818 -0.199999 -0.750576 -0.0191454 0.0108796
0.606752 -0.191428 -0.75074 -0.0190599 0.00906984
0.615323 -0.182857 -0.750903 -0.0189899 0.00726006
0.623895 -0.174285 -0.751065 -0.0189354 0.00545029
0.632466 -0.165714 -0.751228 -0.0188965 0.00364052
0.641038 -0.157142 -0.751389 -0.018873 0.00183074
0.649609 -0.148571 -0.751551 -0.0188651 2.09681e-05
0.65818 -0.139999 -0.751713 -0.018867 0.00215983
0.666752 -0.131428 -0.751874 -0.0188055 0.0122071
0.675323 -0.122857 -0.752035 -0.0186578 0.0222543
0.683895 -0.114285 -0.752194 -0.018424 0.0323015
0.692466 -0.105714 -0.752351 -0.018104 0.0423488
0.701038 -0.0971423 -0.752504 -0.017698 0.052396
0.709609 -0.0885709 -0.752654 -0.0172058 0.0624433
0.71818 -0.0799994 -0.752799 -0.0166275 0.0724905
0.726752 -0.071428 -0.752939 -0.0159631 0.0825377
0.735323 -0.0628566 -0.753072 -0.0152126 0.092585
0.743895 -0.0542852 -0.753199 -0.014376 0.102632
0.752466 -0.0457137 -0.753318 -0.0134532 0.112679
0.761038 -0.0371423 -0.753429 -0.0124443 0.122727
0.769609 -0.0285709 -0.753531 -0.0113493 0.132774
0.77818 -0.0199994 -0.753624 -0.0101682 0.142821
0.786752 -0.011428 -0.753706 -0.00890094 0.152868
0.795323 -0.00285659 -0.753776 -0.00754758 0.162916
0.803895 0.00571484 -0.753835 -0.00616187 0.154144
0.812466 0.0142863 -0.753882 -0.00491854 0.135966
0.821038 0.0228577 -0.75392 -0.00383102 0.117788
0.829609 0.0314291 -0.753948 -0.00289932 0.09961
0.83818 0.0400006 -0.75397 -0.00212342 0.0814319
0.846752 0.048572 -0.753985 -0.00150334 0.0632538
0.855323 0.0571434 -0.753996 -0.00103907 0.0450756
0.863895 0.0657148 -0.754003 -0.000730616 0.0268975
0.872466 0.0742863 -0.754009 -0.000577973 0.00871934
0.881038 0.0828577 -0.754014 -0.000581142 -0.00945881
0.889609 0.0914291 -0.754019 -0.000740124 -0.0276369
0.89818 0.100001 -0.754027 -0.00105492 -0.0458151
0.906752 0.108572 -0.754038 -0.00152553 -0.0639932
0.915323 0.117143 -0.754053 -0.00215195 -0.0821714
0.923895 0.125715 -0.754075 -0.00293418 -0.10035
0.932466 0.134286 -0.754104 -0.00387222 -0.118528
0.941038 0.142858 -0.754142 -0.00496608 -0.136706
0.949609 0.151429 -0.754189 -0.00607775 -0.12268
0.95818 0.160001 -0.754246 -0.00706916 -0.108648
0.966752 0.168572 -0.75431 -0.0079403 -0.0946169
0.975323 0.177143 -0.754382 -0.00869116 -0.0805855
0.983895 0.185715 -0.754459 -0.00932176 -0.0665541
0.992466 0.194286 -0.754541 -0.00983209 -0.0525227
1.00104 0.202858 -0.754627 -0.0102222 -0.0384913
1.00961 0.211429 -0.754716 -0.0104919 -0.0244599
1.01818 0.220001 -0.754807 -0.0106415 -0.0104285
1.02675 0.228572 -0.754898 -0.0106707 0.00360284
1.03532 0.237143 -0.754989 -0.0105797 0.0176342
1.04389 0.245715 -0.755079 -0.0103684 0.0316656
1.05247 0.254286 -0.755167 -0.0100369 0.045697
1.06104 0.262858 -0.755251 -0.00958504 0.0597284
1.06961 0.271429 -0.755331 -0.00901295 0.0737598
1.07818 0.280001 -0.755405 -0.00832059 0.0877912
1.08675 0.288572 -0.755473 -0.00751757 0.0950948
1.09532 0.297143 -0.755534 -0.00672879 0.0889551
1.10389 0.305715 -0.755588 -0.00599263 0.0828155
1.11247 0.314286 -0.755637 -0.00530909 0.0766758
1.12104 0.322858 -0.75568 -0.00467818 0.0705361
1.12961 0.331429 -0.755717 -0.0040999 0.0643964
1.13818 0.340001 -0.75575 -0.00357425 0.0582568
1.14675 0.348572 -0.755779 -0.00310122 0.0521171
1.15532 0.357143 -0.755803 -0.00268081 0.0459774
1.16389 0.365715 -0.755825 -0.00231303 0.0398378
1.17247 0.374286 -0.755843 -0.00199788 0.0336981
1.18104 0.382858 -0.755859 -0.00173535 0.0275584
1.18961 0.391429 -0.755873 -0.00152545 0.0214187
1.19818 0.400001 -0.755885 -0.00136817 0.0152791
1.20675 0.408572 -0.755897 -0.00126352 0.00913939
1.21532 0.417143 -0.755907 -0.0012115 0.00299971
1.22389 0.425715 -0.755918 -0.0012121 -0.00313996
1.23247 0.434286 -0.755928 -0.00127346 -0.0121275
1.24104 0.442858 -0.75594 -0.00142203 -0.022539
1.24961 0.451429 -0.755953 -0.00165984 -0.0329505
1.25818 0.460001 -0.755968 -0.0019869 -0.043362
1.26675 0.468572 -0.755987 -0.00240319 -0.0537735
1.27532 0.477143 -0.75601 -0.00290873 -0.064185
1.28389 0.485715 -0.756037 -0.0035035 -0.0745965
1.29247 0.494286 -0.75607 -0.00418752 -0.085008
1.30104 0.502858 -0.756109 -0.00496078 -0.0954195
1.30961 0.511429 -0.756155 -0.00582329 -0.105831
1.31818 0.520001 -0.756209 -0.00677503 -0.116243
1.32675 0.528572 -0.756272 -0.00781601 -0.126654
1.33532 0.537143 -0.756344 -0.00894624 -0.137066
1.34389 0.545715 -0.756425 -0.0101657 -0.147477
1.35247 0.554286 -0.756518 -0.0114744 -0.157889
1.36104 0.562858 -0.756622 -0.0128724 -0.1683
1.36961 0.571429 -0.756739 -0.0143596 -0.178712
1.37818 0.580001 -0.756868 -0.0158204 -0.162148
1.38675 0.588572 -0.75701 -0.0171392 -0.145584
1.39532 0.597143 -0.757162 -0.0183161 -0.12902
1.40389 0.605715 -0.757323 -0.019351 -0.112456
1.41247 0.614286 -0.757493 -0.0202439 -0.0958926
1.42104 0.622858 -0.75767 -0.0209949 -0.0793288
1.42961 0.631429 -0.757853 -0.0216039 -0.062765
1.43818 0.640001 -0.75804 -0.0220709 -0.0462012
1.44675 0.648572 -0.758231 -0.0223959 -0.0296374
1.45532 0.657143 -0.758423 -0.0225789 -0.0130737
1.46389 0.665715 -0.758617 -0.02262 0.00349013
1.47247 0.674286 -0.758811 -0.0225191 0.0200539
1.48104 0.682858 -0.759003 -0.0222762 0.0366177
1.48961 0.691429 -0.759192 -0.0218914 0.0531815
1.49818 0.700001 -0.759378 -0.0213645 0.0697453
1.50675 0.708572 -0.759558 -0.0206957 0.0863091
1.51532 0.717143 -0.759732 -0.0198984 0.0934366
1.52389 0.725715 -0.759899 -0.019148 0.0816732
1.53247 0.734286 -0.760061 -0.0184983 0.0699098
1.54104 0.742858 -0.760217 -0.0179495 0.0581464
1.54961 0.751429 -0.760369 -0.0175015 0.046383
1.55818 0.76 -0.760517 -0.0171544 0.0346196
1.56675 0.768572 -0.760663 -0.016908 0.0228562
1.57532 0.777143 -0.760807 -0.0167625 0.0110928
1.58389 0.785715 -0.760951 -0.0167179 -0.000670606
1.59247 0.794286 -0.761094 -0.016774 -0.012434
1.60104 0.802858 -0.761239 -0.016931 -0.0241974
1.60961 0.811429 -0.761385 -0.0171888 -0.0359608
1.61818 0.82 -0.761534 -0.0175475 -0.0477242
1.62675 0.828572 -0.761686 -0.018007 -0.0594876
1.63532 0.837143 -0.761843 -0.0185673 -0.071251
1.64389 0.845715 -0.762004 -0.0192284 -0.0830144
1.65247 0.854286 -0.762172 -0.0199904 -0.0947778
1.66104 0.862858 -0.762347 -0.0208387 -0.101484
1.66961 0.871429 -0.76253 -0.0217265 -0.105659
1.67818 0.88 -0.76272 -0.02265 -0.109834
1.68675 0.888572 -0.762918 -0.0236094 -0.114009
1.69532 0.897143 -0.763125 -0.0246045 -0.118183
1.70389 0.905715 -0.76334 -0.0256354 -0.122358
1.71247 0.914286 -0.763564 -0.026702 -0.126533
1.72104 0.922858 -0.763798 -0.0278045 -0.130707
1.72961 0.931429 -0.764041 -0.0289427 -0.134882
1.73818 0.94 -0.764294 -0.0301168 -0.139057
1.74675 0.948572 -0.764557 -0.0313266 -0.143231
1.75532 0.957143 -0.764831 -0.0325722 -0.147406
1.76389 0.965715 -0.765116 -0.0338535 -0.151581
1.77247 0.974286 -0.765412 -0.0351707 -0.155755
1.78104 0.982858 -0.765719 -0.0365236 -0.15993
1.78961 0.991429 -0.766038 -0.0379123 -0.164105
1.79818 1 -0.766369 -0.0393368 -0.168279
1.80675 1.00857 -0.766712 -0.0407542 -0.162426
1.81532 1.01714 -0.767068 -0.0421213 -0.156574
1.82389 1.02571 -0.767434 -0.0434383 -0.150721
1.83247 1.03429 -0.767812 -0.0447051 -0.144869
1.84104 1.04286 -0.7682 -0.0459217 -0.139016
1.84961 1.05143 -0.768599 -0.0470882 -0.133164
1.85818 1.06 -0.769008 -0.0482045 -0.127311
1.86675 1.06857 -0.769425 -0.0492707 -0.121458
1.87532 1.07714 -0.769852 -0.0502867 -0.115606
1.88389 1.08571 -0.770287 -0.0512525 -0.109753
1.89247 1.09429 -0.770731 -0.0521682 -0.103901
1.90104 1.10286 -0.771181 -0.0530337 -0.098048
1.90961 1.11143 -0.77164 -0.053849 -0.0921955
1.91818 1.12 -0.772104 -0.0546142 -0.0863429
1.92675 1.12857 -0.772576 -0.0553292 -0.0804903
1.93532 1.13714 -0.773053 -0.055994 -0.0746377
1.94389 1.14571 -0.773535 -0.0566134 -0.0720864
1.95247 1.15429 -0.774023 -0.0572486 -0.0761427
1.96104 1.16286 -0.774517 -0.0579187 -0.0801989
1.96961 1.17143 -0.775016 -0.0586235 -0.0842552
1.97818 1.18 -0.775522 -0.059363 -0.0883115
1.98675 1.18857 -0.776034 -0.0601374 -0.0923677
1.99532 1.19714 -0.776553 -0.0609465 -0.096424
2.00389 1.20571 -0.777079 -0.0617904 -0.10048
2.01247 1.21429 -0.777612 -0.062669 -0.104536
2.02104 1.22286 -0.778153 -0.0635824 -0.108593
2.02961 1.23143 -0.778702 -0.0645306 -0.112649
2.03818 1.24 -0.77926 -0.0655135 -0.116705
2.04675 1.24857 -0.779826 -0.0665313 -0.120762
2.05532 1.25714 -0.7804 -0.0675837 -0.124818
2.06389 1.26571 -0.780984 -0.068671 -0.128874
2.07247 1.27429 -0.781578 -0.069793 -0.13293
2.08104 1.28286 -0.782181 -0.0709498 -0.136987
2.08961 1.29143 -0.782794 -0.0721317 -0.13766
2.09818 1.3 -0.783417 -0.0733073 -0.136644
2.10675 1.30857 -0.784051 -0.0744742 -0.135627
2.11532 1.31714 -0.784694 -0.0756323 -0.134611
2.12389 1.32571 -0.785347 -0.0767818 -0.133594
2.13247 1.33429 -0.78601 -0.0779225 -0.132578
2.14104 1.34286 -0.786683 -0.0790545 -0.131562
2.14961 1.35143 -0.787365 -0.0801778 -0.130545
2.15818 1.36 -0.788057 -0.0812925 -0.129529
2.16675 1.36857 -0.788759 -0.0823983 -0.128512
2.17532 1.37714 -0.78947 -0.0834955 -0.127496
2.18389 1.38571 -0.79019 -0.084584 -0.12648
2.19247 1.39429 -0.79092 -0.0856637 -0.125463
2.20104 1.40286 -0.791659 -0.0867348 -0.124447
2.20961 1.41143 -0.792407 -0.0877971 -0.12343
2.21818 1.42 -0.793164 -0.0888507 -0.122414
2.22675 1.42857 -0.79393 -0.0898956 -0.121398
2.23532 1.43714 -0.794705 -0.0909473 -0.123991
2.24389 1.44571 -0.795489 -0.0920212 -0.126585
2.25247 1.45429 -0.796283 -0.0931173 -0.129178
2.26104 1.46286 -0.797086 -0.0942357 -0.131772
2.26961 1.47143 -0.797898 -0.0953763 -0.134365
2.27818 1.48 -0.798721 -0.0965391 -0.136959
2.28675 1.48857 -0.799553 -0.0977241 -0.139552
2.29532 1.49714 -0.800396 -0.0989314 -0.142146
2.30389 1.50571 -0.801249 -0.100161 -0.14474
2.31247 1.51429 -0.802113 -0.101413 -0.147333
2.32104 1.52286 -0.802988 -0.102687 -0.149927
2.32961 1.53143 -0.803873 -0.103983 -0.15252
2.33818 1.54 -0.80477 -0.105301 -0.155114
2.34675 1.54857 -0.805679 -0.106642 -0.157707
2.35532 1.55714 -0.806599 -0.108005 -0.160301
2.36389 1.56571 -0.80753 -0.10939 -0.162894
2.37247 1.57429 -0.808474 -0.110795 -0.163724
2.38104 1.58286 -0.80943 -0.112187 -0.161027
2.38961 1.59143 -0.810397 -0.113555 -0.15833
2.39818 1.6 -0.811376 -0.114901 -0.155633
2.40675 1.60857 -0.812367 -0.116223 -0.152936
2.41532 1.61714 -0.813368 -0.117523 -0.150239
2.42389 1.62571 -0.814381 -0.118799 -0.147542
2.43247 1.63429 -0.815405 -0.120052 -0.144845
2.44104 1.64286 -0.816439 -0.121282 -0.142148
2.44961 1.65143 -0.817484 -0.122489 -0.139451
2.45818 1.66 -0.818539 -0.123672 -0.136754
2.46675 1.66857 -0.819604 -0.124833 -0.134057
2.47532 1.67714 -0.820679 -0.125971 -0.13136
2.48389 1.68571 -0.821763 -0.127085 -0.128663
2.49247 1.69429 -0.822857 -0.128176 -0.125966
2.50104 1.70286 -0.823961 -0.129244 -0.123269
2.50961 1.71143 -0.825073 -0.130289 -0.120572
2.51818 1.72 -0.826194 -0.131324 -0.122222
2.52675 1.72857 -0.827324 -0.132388 -0.126048
2.53532 1.73714 -0.828464 -0.133485 -0.129874
2.54389 1.74571 -0.829613 -0.134614 -0.1337
2.55247 1.75429 -0.830772 -0.135777 -0.137526
2.56104 1.76286 -0.83194 -0.136972 -0.141351
2.56961 1.77143 -0.83312 -0.1382 -0.145177
2.57818 1.78 -0.83431 -0.139461 -0.149003
2.58675 1.78857 -0.835511 -0.140754 -0.152829
2.59532 1.79714 -0.836723 -0.14208 -0.156654
2.60389 1.80571 -0.837946 -0.14344 -0.16048
2.61247 1.81429 -0.839182 -0.144832 -0.164306
2.62104 1.82286 -0.840429 -0.146256 -0.168132
2.62961 1.83143 -0.841689 -0.147714 -0.171958
2.63818 1.84 -0.842962 -0.149204 -0.175783
2.64675 1.84857 -0.844247 -0.150727 -0.179609
2.65532 1.85714 -0.845546 -0.152283 -0.183435
2.66389 1.86571 -0.846858 -0.153832 -0.177986
2.67247 1.87429 -0.848183 -0.155334 -0.172534
2.68104 1.88286 -0.84952 -0.15679 -0.167082
2.68961 1.89143 -0.85087 -0.158199 -0.161631
2.69818 1.9 -0.852232 -0.159561 -0.156179
2.70675 1.90857 -0.853605 -0.160876 -0.150727
2.71532 1.91714 -0.85499 -0.162145 -0.145275
2.72389 1.92571 -0.856385 -0.163366 -0.139823
2.73247 1.93429 -0.85779 -0.164541 -0.134371
2.74104 1.94286 -0.859206 -0.16567 -0.12892
2.74961 1.95143 -0.86063 -0.166752 -0.123468
2.75818 1.96 -0.862064 -0.167786 -0.118016
2.76675 1.96857 -0.863506 -0.168775 -0.112564
2.77532 1.97714 -0.864957 -0.169716 -0.107112
2.78389 1.98571 -0.866416 -0.170611 -0.101661
2.79247 1.99429 -0.867882 -0.171459 -0.0962087
2.80104 2.00286 -0.869355 -0.172264 -0.0936261
2.80961 2.01143 -0.870835 -0.17308 -0.0967808
2.81818 2.02 -0.872322 -0.173923 -0.0999355
2.82675 2.02857 -0.873817 -0.174793 -0.10309
2.83532 2.03714 -0.875319 -0.175691 -0.106245
2.84389 2.04571 -0.876828 -0.176615 -0.1094
2.85247 2.05429 -0.878346 -0.177566 -0.112554
2.86104 2.06286 -0.879873 -0.178544 -0.115709
2.86961 2.07143 -0.881407 -0.17955 -0.118864
2.87818 2.08 -0.882951 -0.180582 -0.122018
2.88675 2.08857 -0.884503 -0.181641 -0.125173
2.89532 2.09714 -0.886065 -0.182728 -0.128328
2.90389 2.10571 -0.887635 -0.183841 -0.131482
2.91247 2.11429 -0.889216 -0.184982 -0.134637
2.92104 2.12286 -0.890807 -0.186149 -0.137792
2.92961 2.13143 -0.892407 -0.187344 -0.140946
2.93818 2.14 -0.894018 -0.188566 -0.144101
2.94675 2.14857 -0.89564 -0.189806 -0.144254
2.95532 2.15714 -0.897272 -0.191036 -0.142904
2.96389 2.16571 -0.898915 -0.192255 -0.141555
2.97247 2.17429 -0.900568 -0.193463 -0.140205
2.98104 2.18286 -0.902231 -0.194659 -0.138856
2.98961 2.19143 -0.903905 -0.195843 -0.137507
2.99818 2.2 -0.905589 -0.197016 -0.136157
3.00675 2.20857 -0.907282 -0.198177 -0.134808
3.01532 2.21714 -0.908986 -0.199327 -0.133458
3.02389 2.22571 -0.910699 -0.200465 -0.132109
3.03247 2.23429 -0.912422 -0.201592 -0.130759
3.04104 2.24286 -0.914155 -0.202707 -0.12941
3.04961 2.25143 -0.915897 -0.20381 -0.128061
3.05818 2.26 -0.917649 -0.204902 -0.126711
3.06675 2.26857 -0.91941 -0.205983 -0.125362
3.07532 2.27714 -0.92118 -0.207051 -0.124012
3.08389 2.28571 -0.922959 -0.208108 -0.122663
3.09247 2.29429 -0.924748 -0.209153 -0.121166
3.10104 2.30286 -0.926545 -0.210186 -0.11967
3.10961 2.31143 -0.928351 -0.211205 -0.118173
3.11818 2.32 -0.930165 -0.212211 -0.116677
3.12675 2.32857 -0.931989 -0.213205 -0.11518
3.13532 2.33714 -0.93382 -0.214186 -0.113684
3.14389 2.34571 -0.93566 -0.215154 -0.112187
3.15247 2.35429 -0.937509 -0.216109 -0.110691
3.16104 2.36286 -0.939365 -0.217052 -0.109194
3.16961 2.37143 -0.941229 -0.217981 -0.107698
3.17818 2.38 -0.943102 -0.218898 -0.106201
3.18675 2.38857 -0.944982 -0.219802 -0.104705
3.19532 2.39714 -0.94687 -0.220693 -0.103208
3.20389 2.40571 -0.948765 -0.221571 -0.101712
3.21247 2.41429 -0.950668 -0.222436 -0.100215
3.22104 2.42286 -0.952578 -0.223289 -0.0987187
3.22961 2.43143 -0.954496 -0.22413 -0.0979343
3.23818 2.44 -0.956421 -0.224972 -0.0985743
3.24675 2.44857 -0.958353 -0.22582 -0.0992142
3.25532 2.45714 -0.960292 -0.226673 -0.0998542
3.26389 2.46571 -0.962238 -0.227531 -0.100494
3.27247 2.47429 -0.964192 -0.228395 -0.101134
3.28104 2.48286 -0.966154 -0.229265 -0.101774
3.28961 2.49143 -0.968123 -0.23014 -0.102414
3.29818 2.5 -0.970099 -0.231021 -0.103054
3.30675 2.50857 -0.972083 -0.231907 -0.103694
3.31532 2.51714 -0.974075 -0.232798 -0.104334
3.32389 2.52571 -0.976074 -0.233695 -0.104974
3.33247 2.53429 -0.978081 -0.234598 -0.105614
3.34104 2.54286 -0.980096 -0.235506 -0.106254
3.34961 2.55143 -0.982118 -0.236419 -0.106894
3.35818 2.56 -0.984149 -0.237338 -0.107534
3.36675 2.56857 -0.986187 -0.238263 -0.108174
3.37532 2.57714 -0.988233 -0.239188 -0.107267
3.38389 2.58571 -0.990287 -0.240101 -0.105588
3.39247 2.59429 -0.992349 -0.240998 -0.103909
3.40104 2.60286 -0.994418 -0.241882 -0.102229
3.40961 2.61143 -0.996495 -0.242751 -0.10055
3.41818 2.62 -0.99858 -0.243606 -0.0988708
3.42675 2.62857 -1.00067 -0.244446 -0.0971915
3.43532 2.63714 -1.00277 -0.245272 -0.0955122
3.44389 2.64571 -1.00488 -0.246083 -0.0938329
3.45247 2.65429 -1.00699 -0.24688 -0.0921536
3.46104 2.66286 -1.00911 -0.247663 -0.0904743
3.46961 2.67143 -1.01123 -0.248431 -0.088795
3.47818 2.68 -1.01337 -0.249185 -0.0871157
3.48675 2.68857 -1.01551 -0.249925 -0.0854364
3.49532 2.69714 -1.01765 -0.25065 -0.0837571
3.50389 2.70571 -1.0198 -0.251361 -0.0820778
3.51247 2.71429 -1.02196 -0.252057 -0.0803985
3.52104 2.72286 -1.02412 -0.252742 -0.0794677
3.52961 2.73143 -1.02629 -0.253419 -0.078537
3.53818 2.74 -1.02847 -0.254088 -0.0776064
3.54675 2.74857 -1.03065 -0.25475 -0.0766757
3.55532 2.75714 -1.03284 -0.255403 -0.075745
3.56389 2.76571 -1.03503 -0.256048 -0.0748144
3.57247 2.77429 -1.03722 -0.256685 -0.0738837
3.58104 2.78286 -1.03943 -0.257315 -0.072953
3.58961 2.79143 -1.04164 -0.257936 -0.0720224
3.59818 2.8 -1.04385 -0.258549 -0.0710917
3.60675 2.80857 -1.04607 -0.259155 -0.0701611
3.61532 2.81714 -1.04829 -0.259752 -0.0692304
3.62389 2.82571 -1.05052 -0.260341 -0.0682997
3.63247 2.83429 -1.05275 -0.260923 -0.0673691
3.64104 2.84286 -1.05499 -0.261496 -0.0664384
3.64961 2.85143 -1.05724 -0.262062 -0.0655077
3.65818 2.86 -1.05949 -0.26262 -0.0646936
3.66675 2.86857 -1.06174 -0.263172 -0.064113
3.67532 2.87714 -1.064 -0.263719 -0.0635324
3.68389 2.88571 -1.06626 -0.264261 -0.0629518
3.69247 2.89429 -1.06853 -0.264798 -0.0623711
3.70104 2.90286 -1.0708 -0.26533 -0.0617905
3.70961 2.91143 -1.07308 -0.265857 -0.0612099
3.71818 2.92 -1.07536 -0.266379 -0.0606293
3.72675 2.92857 -1.07764 -0.266896 -0.0600486
3.73532 2.93714 -1.07993 -0.267409 -0.059468
3.74389 2.94571 -1.08223 -0.267916 -0.0588874
3.75247 2.95429 -1.08453 -0.268418 -0.0583068
3.76104 2.96286 -1.08683 -0.268915 -0.0577262
3.76961 2.97143 -1.08914 -0.269408 -0.0571455
3.77818 2.98 -1.09145 -0.269895 -0.0565649
3.78675 2.98857 -1.09376 -0.270377 -0.0559843
3.79532 2.99714 -1.09608 -0.270855 -0.0554037
3.80389 3.00571 -1.09841 -0.27133 -0.0557747
3.81247 3.01429 -1.10073 -0.271812 -0.0566214
3.82104 3.02286 -1.10307 -0.272301 -0.0574682
3.82961 3.03143 -1.1054 -0.272797 -0.058315
3.83818 3.04 -1.10774 -0.2733 -0.0591618
3.84675 3.04857 -1.11009 -0.273811 -0.0600085
3.85532 3.05714 -1.11244 -0.274329 -0.0608553
3.86389 3.06571 -1.11479 -0.274854 -0.0617021
3.87247 3.07429 -1.11715 -0.275387 -0.0625488
3.88104 3.08286 -1.11951 -0.275926 -0.0633956
3.88961 3.09143 -1.12188 -0.276473 -0.0642424
3.89818 3.1 -1.12425 -0.277028 -0.0650891
3.90675 3.10857 -1.12663 -0.277589 -0.0659359
3.91532 3.11714 -1.12901 -0.278158 -0.0667827
3.92389 3.12571 -1.1314 -0.278734 -0.0676294
3.93247 3.13429 -1.13379 -0.279317 -0.0684762
3.94104 3.14286 -1.13618 -0.279908 -0.069323
3.94961 3.15143 -1.13859 -0.280484 -0.0651898
3.95818 3.16 -1.14099 -0.281026 -0.0610558
3.96675 3.16857 -1.1434 -0.281531 -0.0569217
3.97532 3.17714 -1.14582 -0.282001 -0.0527877
3.98389 3.18571 -1.14824 -0.282436 -0.0486536
3.99247 3.19429 -1.15066 -0.282835 -0.0445196
4.00104 3.20286 -1.15309 -0.283199 -0.0403856
4.00961 3.21143 -1.15551 -0.283528 -0.0362515
4.01818 3.22 -1.15795 -0.283821 -0.0321175
4.02675 3.22857 -1.16038 -0.284078 -0.0279834
4.03532 3.23714 -1.16282 -0.2843 -0.0238494
4.04389 3.24571 -1.16525 -0.284487 -0.0197154
4.05247 3.25429 -1.16769 -0.284638 -0.0155813
4.06104 3.26286 -1.17013 -0.284754 -0.0114473
4.06961 3.27143 -1.17257 -0.284835 -0.00731325
4.07818 3.28 -1.17502 -0.28488 -0.00317921
4.08675 3.28857 -1.17746 -0.284893 -0.0015746
4.09532 3.29714 -1.1799 -0.284921 -0.00502454
4.10389 3.30571 -1.18234 -0.284979 -0.00847449
4.11247 3.31429 -1.18478 -0.285066 -0.0119244
4.12104 3.32286 -1.18723 -0.285183 -0.0153744
4.12961 3.33143 -1.18967 -0.28533 -0.0188243
4.13818 3.34 -1.19212 -0.285506 -0.0222743
4.14675 3.34857 -1.19457 -0.285712 -0.0257242
4.15532 3.35714 -1.19702 -0.285947 -0.0291742
4.16389 3.36571 -1.19947 -0.286212 -0.0326241
4.17247 3.37429 -1.20192 -0.286506 -0.0360741
4.18104 3.38286 -1.20438 -0.28683 -0.039524
4.18961 3.39143 -1.20684 -0.287184 -0.0429739
4.19818 3.4 -1.20931 -0.287567 -0.0464239
4.20675 3.40857 -1.21177 -0.28798 -0.0498738
4.21532 3.41714 -1.21424 -0.288422 -0.0533238
4.22389 3.42571 -1.21672 -0.288894 -0.0567737
4.23247 3.43429 -1.21919 -0.289382 -0.0557604
4.24104 3.44286 -1.22168 -0.289847 -0.0525151
4.24961 3.45143 -1.22416 -0.290283 -0.0492698
4.25818 3.46 -1.22665 -0.290691 -0.0460246
4.26675 3.46857 -1.22915 -0.291072 -0.0427793
4.27532 3.47714 -1.23164 -0.291425 -0.039534
4.28389 3.48571 -1.23414 -0.291749 -0.0362887
4.29247 3.49429 -1.23664 -0.292047 -0.0330435
4.30104 3.50286 -1.23915 -0.292316 -0.0297982
4.30961 3.51143 -1.24166 -0.292557 -0.0265529
4.31818 3.52 -1.24416 -0.292771 -0.0233076
4.32675 3.52857 -1.24667 -0.292957 -0.0200624
4.33532 3.53714 -1.24919 -0.293115 -0.0168171
4.34389 3.54571 -1.2517 -0.293245 -0.0135718
4.35247 3.55429 -1.25421 -0.293348 -0.0103265
4.36104 3.56286 -1.25673 -0.293422 -0.00708128
4.36961 3.57143 -1.25924 -0.293469 -0.003836
4.37818 3.58 -1.26176 -0.293497 -0.0027098
4.38675 3.58857 -1.26427 -0.293516 -0.00158362
4.39532 3.59714 -1.26679 -0.293524 -0.000457444
4.40389 3.60571 -1.26931 -0.293523 0.000668733
4.41247 3.61429 -1.27182 -0.293513 0.00179491
4.42104 3.62286 -1.27434 -0.293493 0.00292109
4.42961 3.63143 -1.27685 -0.293463 0.00404726
4.43818 3.64 -1.27937 -0.293423 0.00517344
4.44675 3.64857 -1.28188 -0.293374 0.00629962
4.45532 3.65714 -1.2844 -0.293315 0.00742579
4.46389 3.66571 -1.28691 -0.293247 0.00855197
4.47247 3.67429 -1.28942 -0.293169 0.00967815
4.48104 3.68286 -1.29194 -0.293081 0.0108043
4.48961 3.69143 -1.29445 -0.292983 0.0119305
4.49818 3.7 -1.29696 -0.292876 0.0130567
4.50675 3.70857 -1.29947 -0.29276 0.0141829
4.51532 3.71714 -1.30198 -0.292633 0.0154438
4.52389 3.72571 -1.30449 -0.292494 0.0169744
4.53247 3.73429 -1.30699 -0.292342 0.0185051
4.54104 3.74286 -1.3095 -0.292177 0.0200357
4.54961 3.75143 -1.312 -0.291999 0.0215663
4.55818 3.76 -1.3145 -0.291807 0.023097
4.56675 3.76857 -1.317 -0.291603 0.0246276
4.57532 3.77714 -1.3195 -0.291385 0.0261583
4.58389 3.78571 -1.322 -0.291154 0.0276889
4.59247 3.79429 -1.32449 -0.29091 0.0292196
4.60104 3.80286 -1.32699 -0.290653 0.0307502
4.60961 3.81143 -1.32948 -0.290383 0.0322809
4.61818 3.82 -1.33196 -0.2901 0.0338115
4.62675 3.82857 -1.33445 -0.289804 0.0353421
4.63532 3.83714 -1.33693 -0.289494 0.0368728
4.64389 3.84571 -1.33941 -0.289171 0.0384034
4.65247 3.85429 -1.34189 -0.288836 0.0399341
4.66104 3.86286 -1.34436 -0.288494 0.0389781
4.66961 3.87143 -1.34683 -0.288169 0.036777
4.67818 3.88 -1.3493 -0.287863 0.0345758
4.68675 3.88857 -1.35177 -0.287577 0.0323747
4.69532 3.89714 -1.35423 -0.287308 0.0301735
4.70389 3.90571 -1.35669 -0.287059 0.0279724
4.71247 3.91429 -1.35915 -0.286829 0.0257713
4.72104 3.92286 -1.36161 -0.286617 0.0235701
4.72961 3.93143 -1.36407 -0.286425 0.021369
4.73818 3.94 -1.36652 -0.286251 0.0191678
4.74675 3.94857 -1.36898 -0.286096 0.0169667
4.75532 3.95714 -1.37143 -0.28596 0.0147656
4.76389 3.96571 -1.37388 -0.285843 0.0125644
4.77247 3.97429 -1.37633 -0.285745 0.0103633
4.78104 3.98286 -1.37878 -0.285666 0.00816215
4.78961 3.99143 -1.38122 -0.285605 0.00596101
4.79818 4 -1.38367 -0.285563 0.00376016
4.80675 4.00857 -1.38612 -0.285506 0.00961503
4.81532 4.01714 -1.38857 -0.285398 0.0154699
4.82389 4.02571 -1.39101 -0.285241 0.0213248
4.83247 4.03429 -1.39346 -0.285033 0.0271797
4.84104 4.04286 -1.3959 -0.284775 0.0330345
4.84961 4.05143 -1.39834 -0.284467 0.0388894
4.85818 4.06 -1.40077 -0.284108 0.0447443
4.86675 4.06857 -1.40321 -0.2837 0.0505992
4.87532 4.07714 -1.40564 -0.283241 0.056454
4.88389 4.08571 -1.40806 -0.282732 0.0623089
4.89247 4.09429 -1.41048 -0.282173 0.0681638
4.90104 4.10286 -1.4129 -0.281563 0.0740187
4.90961 4.11143 -1.41531 -0.280904 0.0798735
4.91818 4.12 -1.41772 -0.280194 0.0857284
4.92675 4.12857 -1.42011 -0.279434 0.0915833
4.93532 4.13714 -1.42251 -0.278624 0.0974381
4.94389 4.14571 -1.42489 -0.277769 0.0997047
4.95247 4.15429 -1.42727 -0.276935 0.0947888
4.96104 4.16286 -1.42964 -0.276144 0.0898728
4.96961 4.17143 -1.432 -0.275395 0.0849569
4.97818 4.18 -1.43436 -0.274687 0.0800409
4.98675 4.18857 -1.43671 -0.274022 0.075125
4.99532 4.19714 -1.43906 -0.2734 0.070209
5.00389 4.20571 -1.4414 -0.272819 0.0652931
5.01247 4.21429 -1.44373 -0.27228 0.0603772
5.02104 4.22286 -1.44607 -0.271784 0.0554612
5.02961 4.23143 -1.44839 -0.27133 0.0505453
5.03818 4.24 -1.45072 -0.270917 0.0456293
5.04675 4.24857 -1.45304 -0.270547 0.0407134
5.05532 4.25714 -1.45536 -0.270219 0.0357974
5.06389 4.26571 -1.45767 -0.269934 0.0308815
5.07247 4.27429 -1.45998 -0.26969 0.0259656
5.08104 4.28286 -1.46229 -0.269489 0.0210496
5.08961 4.29143 -1.4646 -0.26931 0.0227822
5.09818 4.3 -1.46691 -0.269093 0.0278364
5.10675 4.30857 -1.46922 -0.268833 0.0328905
5.11532 4.31714 -1.47152 -0.268529 0.0379446
5.12389 4.32571 -1.47382 -0.268183 0.0429988
5.13247 4.33429 -1.47612 -0.267792 0.0480529
5.14104 4.34286 -1.47841 -0.267359 0.053107
5.14961 4.35143 -1.4807 -0.266882 0.0581612
5.15818 4.36 -1.48298 -0.266362 0.0632153
5.16675 4.36857 -1.48527 -0.265798 0.0682695
5.17532 4.37714 -1.48754 -0.265191 0.0733236
5.18389 4.38571 -1.48981 -0.264541 0.0783777
5.19247 4.39429 -1.49208 -0.263848 0.0834319
5.20104 4.40286 -1.49433 -0.263111 0.088486
5.20961 4.41143 -1.49659 -0.262331 0.0935401
5.21818 4.42 -1.49883 -0.261507 0.0985943
5.22675 4.42857 -1.50107 -0.260641 0.103648
5.23532 4.43714 -1.5033 -0.25976 0.101862
5.24389 4.44571 -1.50552 -0.258894 0.100075
5.25247 4.45429 -1.50774 -0.258044 0.098288
5.26104 4.46286 -1.50995 -0.25721 0.0965011
5.26961 4.47143 -1.51215 -0.25639 0.0947142
5.27818 4.48 -1.51434 -0.255586 0.0929273
5.28675 4.48857 -1.51653 -0.254797 0.0911405
5.29532 4.49714 -1.51871 -0.254023 0.0893536
5.30389 4.50571 -1.52088 -0.253265 0.0875667
5.31247 4.51429 -1.52305 -0.252522 0.0857798
5.32104 4.52286 -1.52521 -0.251795 0.0839929
5.32961 4.53143 -1.52737 -0.251082 0.082206
5.33818 4.54 -1.52952 -0.250385 0.0804192
5.34675 4.54857 -1.53166 -0.249704 0.0786323
5.35532 4.55714 -1.5338 -0.249037 0.0768454
5.36389 4.56571 -1.53593 -0.248386 0.0750585
5.37247 4.57429 -1.53806 -0.247749 0.0747591
5.38104 4.58286 -1.54018 -0.247096 0.0774347
5.38961 4.59143 -1.54229 -0.246421 0.0801104
5.39818 4.6 -1.5444 -0.245723 0.082786
5.40675 4.60857 -1.5465 -0.245002 0.0854616
5.41532 4.61714 -1.5486 -0.244258 0.0881373
5.42389 4.62571 -1.55069 -0.243491 0.0908129
5.43247 4.63429 -1.55277 -0.242701 0.0934886
5.44104 4.64286 -1.55485 -0.241888 0.0961642
5.44961 4.65143 -1.55692 -0.241053 0.0988399
5.45818 4.66 -1.55898 -0.240194 0.101516
5.46675 4.66857 -1.56104 -0.239312 0.104191
5.47532 4.67714 -1.56309 -0.238408 0.106867
5.48389 4.68571 -1.56513 -0.23748 0.109542
5.49247 4.69429 -1.56716 -0.23653 0.112218
5.50104 4.70286 -1.56918 -0.235557 0.114894
5.50961 4.71143 -1.57119 -0.23456 0.117569
5.51818 4.72 -1.5732 -0.23355 0.117049
5.52675 4.72857 -1.5752 -0.232556 0.114929
5.53532 4.73714 -1.57719 -0.23158 0.112809
5.54389 4.74571 -1.57917 -0.230622 0.110689
5.55247 4.75429 -1.58114 -0.229683 0.108569
5.56104 4.76286 -1.58311 -0.228761 0.106449
5.56961 4.77143 -1.58506 -0.227858 0.104329
5.57818 4.78 -1.58701 -0.226973 0.102209
5.58675 4.78857 -1.58895 -0.226106 0.100089
5.59532 4.79714 -1.59089 -0.225257 0.0979691
5.60389 4.80571 -1.59282 -0.224426 0.0958491
5.61247 4.81429 -1.59474 -0.223614 0.0937291
5.62104 4.82286 -1.59665 -0.222819 0.0916091
5.62961 4.83143 -1.59856 -0.222043 0.0894892
5.63818 4.84 -1.60046 -0.221285 0.0873692
5.64675 4.84857 -1.60235 -0.220545 0.0852492
5.65532 4.85714 -1.60424 -0.219824 0.0831292
5.66389 4.86571 -1.60612 -0.219107 0.084089
5.67247 4.87429 -1.60799 -0.218382 0.0850498
5.68104 4.88286 -1.60986 -0.217649 0.0860106
5.68961 4.89143 -1.61172 -0.216908 0.0869715
5.69818 4.9 -1.61358 -0.216158 0.0879323
5.70675 4.90857 -1.61543 -0.2154 0.0888931
5.71532 4.91714 -1.61727 -0.214634 0.089854
5.72389 4.92571 -1.61911 -0.21386 0.0908148
5.73247 4.93429 -1.62094 -0.213078 0.0917756
5.74104 4.94286 -1.62276 -0.212287 0.0927365
5.74961 4.95143 -1.62458 -0.211488 0.0936973
5.75818 4.96 -1.62639 -0.210681 0.0946582
5.76675 4.96857 -1.62819 -0.209865 0.095619
5.77532 4.97714 -1.62998 -0.209041 0.0965798
5.78389 4.98571 -1.63177 -0.208209 0.0975407
5.79247 4.99429 -1.63355 -0.207369 0.0985015
5.80104 5.00286 -1.63533 -0.206523 0.0979025
5.80961 5.01143 -1.63709 -0.2057 0.0941843
5.81818 5.02 -1.63885 -0.204908 0.0904662
5.82675 5.02857 -1.64061 -0.204149 0.086748
5.83532 5.03714 -1.64235 -0.203421 0.0830298
5.84389 5.04571 -1.64409 -0.202726 0.0793117
5.85247 5.05429 -1.64583 -0.202062 0.0755935
5.86104 5.06286 -1.64756 -0.20143 0.0718753
5.86961 5.07143 -1.64928 -0.20083 0.0681572
5.87818 5.08 -1.651 -0.200261 0.064439
5.88675 5.08857 -1.65272 -0.199725 0.0607208
5.89532 5.09714 -1.65443 -0.19922 0.0570027
5.90389 5.10571 -1.65613 -0.198748 0.0532845
5.91247 5.11429 -1.65783 -0.198307 0.0495663
5.92104 5.12286 -1.65953 -0.197898 0.0458482
5.92961 5.13143 -1.66122 -0.197521 0.04213
5.93818 5.14 -1.66292 -0.197176 0.0384118
5.94675 5.14857 -1.66461 -0.196846 0.0402831
5.95532 5.15714 -1.66629 -0.196481 0.0449514
5.96389 5.16571 -1.66797 -0.196076 0.0496197
5.97247 5.17429 -1.66965 -0.195631 0.054288
5.98104 5.18286 -1.67133 -0.195145 0.0589563
5.98961 5.19143 -1.673 -0.19462 0.0636246
5.99818 5.2 -1.67466 -0.194055 0.0682929
6.00675 5.20857 -1.67632 -0.193449 0.0729612
6.01532 5.21714 -1.67798 -0.192804 0.0776295
6.02389 5.22571 -1.67963 -0.192118 0.0822978
6.03247 5.23429 -1.68127 -0.191393 0.0869661
6.04104 5.24286 -1.68291 -0.190628 0.0916344
6.04961 5.25143 -1.68454 -0.189822 0.0963027
6.05818 5.26 -1.68616 -0.188977 0.100971
6.06675 5.26857 -1.68778 -0.188091 0.105639
6.07532 5.27714 -1.68939 -0.187166 0.110308
6.08389 5.28571 -1.69099 -0.1862 0.114974
6.09247 5.29429 -1.69258 -0.185231 0.111167
6.10104 5.30286 -1.69416 -0.184294 0.107359
6.10961 5.31143 -1.69574 -0.183391 0.103552
6.11818 5.32 -1.69731 -0.182519 0.0997444
6.12675 5.32857 -1.69887 -0.181681 0.0959369
6.13532 5.33714 -1.70042 -0.180875 0.0921294
6.14389 5.34571 -1.70197 -0.180101 0.0883219
6.15247 5.35429 -1.70351 -0.179361 0.0845144
6.16104 5.36286 -1.70504 -0.178652 0.0807069
6.16961 5.37143 -1.70657 -0.177977 0.0768994
6.17818 5.38 -1.7081 -0.177334 0.0730919
6.18675 5.38857 -1.70961 -0.176724 0.0692844
6.19532 5.39714 -1.71112 -0.176146 0.0654769
6.20389 5.40571 -1.71263 -0.175602 0.0616694
6.21247 5.41429 -1.71414 -0.175089 0.0578619
6.22104 5.42286 -1.71563 -0.17461 0.0540544
6.22961 5.43143 -1.71713 -0.174176 0.0408181
6.23818 5.44 -1.71862 -0.173964 0.00872096
6.24675 5.44857 -1.72011 -0.174027 -0.0233762
6.25532 5.45714 -1.7216 -0.174364 -0.0554733
6.26389 5.46571 -1.7231 -0.174978 -0.0875705
6.27247 5.47429 -1.72461 -0.175866 -0.119668
6.28104 5.48286 -1.72612 -0.177029 -0.151765
6.28961 5.49143 -1.72764 -0.178467 -0.183862
6.29818 5.5 -1.72918 -0.180181 -0.215959
6.30675 5.50857 -1.73073 -0.18217 -0.248056
6.31532 5.51714 -1.7323 -0.184433 -0.280153
6.32389 5.52571 -1.73389 -0.186972 -0.31225
6.33247 5.53429 -1.73551 -0.189786 -0.344348
6.34104 5.54286 -1.73715 -0.192875 -0.376445
6.34961 5.55143 -1.73881 -0.196239 -0.408542
6.35818 5.56 -1.74051 -0.199879 -0.440639
6.36675 5.56857 -1.74224 -0.203793 -0.472736
6.37532 5.57714 -1.74401 -0.207742 -0.420642
6.38389 5.58571 -1.7458 -0.210944 -0.326448
6.39247 5.59429 -1.74762 -0.213339 -0.232254
6.40104 5.60286 -1.74946 -0.214926 -0.13806
6.40961 5.61143 -1.7513 -0.215705 -0.0438657
6.41818 5.62 -1.75315 -0.215678 0.0503283
6.42675 5.62857 -1.755 -0.214843 0.144522
6.43532 5.63714 -1.75683 -0.2132 0.238716
6.44389 5.64571 -1.75865 -0.21075 0.33291
6.45247 5.65429 -1.76044 -0.207493 0.427104
6.46104 5.66286 -1.7622 -0.203428 0.521298
6.46961 5.67143 -1.76393 -0.198557 0.615492
6.47818 5.68 -1.76561 -0.192877 0.709686
6.48675 5.68857 -1.76723 -0.18639 0.803881
6.49532 5.69714 -1.7688 -0.179096 0.898075
6.50389 5.70571 -1.7703 -0.170995 0.992269
6.51247 5.71429 -1.77173 -0.162086 1.08646
6.52104 5.72286 -1.77308 -0.154095 0.77801
6.52961 5.73143 -1.77438 -0.148749 0.469461
6.53818 5.74 -1.77564 -0.146047 0.160912
6.54675 5.74857 -1.77689 -0.14599 -0.147636
6.55532 5.75714 -1.77815 -0.148578 -0.456185
6.56389 5.76571 -1.77944 -0.153811 -0.764734
6.57247 5.77429 -1.78079 -0.161688 -1.07328
6.58104 5.78286 -1.78222 -0.17221 -1.38183
6.58961 5.79143 -1.78375 -0.185376 -1.69038
6.59818 5.8 -1.78541 -0.201188 -1.99893
6.60675 5.80857 -1.78721 -0.219644 -2.30748
6.61532 5.81714 -1.78918 -0.240744 -2.61603
6.62389 5.82571 -1.79134 -0.26449 -2.92458
6.63247 5.83429 -1.79372 -0.29088 -3.23312
6.64104 5.84286 -1.79634 -0.319915 -3.54167
6.64961 5.85143 -1.79921 -0.351594 -3.85022
6.65818 5.86 -1.80237 -0.385666 -3.98198
6.66675 5.86857 -1.80582 -0.418845 -3.75962
6.67532 5.87714 -1.80955 -0.450117 -3.53727
6.68389 5.88571 -1.81353 -0.479483 -3.31491
6.69247 5.89429 -1.81776 -0.506944 -3.09255
6.70104 5.90286 -1.82222 -0.532499 -2.87019
6.70961 5.91143 -1.82688 -0.556147 -2.64784
6.71818 5.92 -1.83175 -0.57789 -2.42548
6.72675 5.92857 -1.83679 -0.597727 -2.20312
6.73532 5.93714 -1.84199 -0.615658 -1.98076
6.74389 5.94571 -1.84733 -0.631683 -1.75841
6.75247 5.95429 -1.85281 -0.645802 -1.53605
6.76104 5.96286 -1.8584 -0.658015 -1.31369
6.76961 5.97143 -1.86409 -0.668323 -1.09134
6.77818 5.98 -1.86985 -0.676724 -0.868978
6.78675 5.98857 -1.87568 -0.683219 -0.64662
6.79532 5.99714 -1.88156 -0.687809 -0.424263
6.80389 6.00571 -1.88747 -0.691665 -0.612166
6.81247 6.01429 -1.89342 -0.698596 -1.00517
6.82104 6.02286 -1.89945 -0.708896 -1.39818
6.82961 6.03143 -1.90559 -0.722565 -1.79119
6.83818 6.04 -1.91185 -0.739602 -2.1842
6.84675 6.04857 -1.91828 -0.760008 -2.57721
6.85532 6.05714 -1.92489 -0.783783 -2.97021
6.86389 6.06571 -1.93172 -0.810926 -3.36322
6.87247 6.07429 -1.9388 -0.841438 -3.75623
6.88104 6.08286 -1.94616 -0.875319 -4.14924
6.88961 6.09143 -1.95382 -0.912568 -4.54225
6.89818 6.1 -1.96181 -0.953186 -4.93526
6.90675 6.10857 -1.97017 -0.997172 -5.32826
6.91532 6.11714 -1.97891 -1.04453 -5.72127
6.92389 6.12571 -1.98808 -1.09525 -6.11428
6.93247 6.13429 -1.9977 -1.14934 -6.50729
6.94104 6.14286 -2.00779 -1.2068 -6.9003
6.94961 6.15143 -2.01843 -1.28099 -10.4092
6.95818 6.16 -2.02984 -1.38525 -13.9186
6.96675 6.16857 -2.04227 -1.51959 -17.4281
6.97532 6.17714 -2.05598 -1.68401 -20.9375
6.98389 6.18571 -2.07122 -1.87852 -24.447
6.99247 6.19429 -2.08826 -2.10311 -27.9564
7.00104 6.20286 -2.10736 -2.35777 -31.4659
7.00961 6.21143 -2.12877 -2.64252 -34.9754
7.01818 6.22 -2.15275 -2.95735 -38.4848
7.02675 6.22857 -2.17955 -3.30226 -41.9943
7.03532 6.23714 -2.20944 -3.67725 -45.5037
7.04389 6.24571 -2.24268 -4.08232 -49.0132
7.05247 6.25429 -2.27951 -4.51748 -52.5226
7.06104 6.26286 -2.32021 -4.98271 -56.0321
7.06961 6.27143 -2.36502 -5.47803 -59.5415
7.07818 6.28 -2.4142 -6.00342 -63.051
7.08675 6.28857 -2.46801 -6.55015 -60.4403
7.09532 6.29714 -2.52619 -7.00461 -45.599
7.10389 6.30571 -2.58773 -7.33185 -30.7577
7.11247 6.31429 -2.65152 -7.53188 -15.9164
7.12104 6.32286 -2.71648 -7.6047 -1.07503
7.12961 6.33143 -2.78152 -7.55031 13.7663
7.13818 6.34 -2.84555 -7.36871 28.6076
7.14675 6.34857 -2.90748 -7.0599 43.4489
7.15532 6.35714 -2.96621 -6.62387 58.2902
7.16389 6.36571 -3.02067 -6.06063 73.1316
7.17247 6.37429 -3.06975 -5.37019 87.9729
7.18104 6.38286 -3.11236 -4.55253 102.814
7.18961 6.39143 -3.14743 -3.60766 117.656
7.19818 6.4 -3.17385 -2.53558 132.497
7.20675 6.40857 -3.19053 -1.33628 147.338
7.21532 6.41714 -3.19639 -0.00977927 162.179
7.22389 6.42571 -3.19033 1.44394 177.021
7.23247 6.43429 -3.1714 2.96071 169.408
7.24104 6.44286 -3.14003 4.33203 150.566
7.24961 6.45143 -3.09759 5.54185 131.725
7.25818 6.46 -3.04548 6.59017 112.883
7.26675 6.46857 -2.98508 7.47699 94.0411
7.27532 6.47714 -2.91777 8.2023 75.1994
7.28389 6.48571 -2.84493 8.76612 56.3576
7.29247 6.49429 -2.76795 9.16843 37.5158
7.30104 6.50286 -2.68822 9.40925 18.6741
7.30961 6.51143 -2.60711 9.48856 -0.167668
7.31818 6.52 -2.52602 9.40637 -19.0094
7.32675 6.52857 -2.44632 9.16268 -37.8512
7.33532 6.53714 -2.36941 8.75749 -56.6929
7.34389 6.54571 -2.29666 8.1908 -75.5347
7.35247 6.55429 -2.22945 7.46261 -94.3765
7.36104 6.56286 -2.16919 6.57292 -113.218
7.36961 6.57143 -2.11724 5.52173 -132.06
7.37818 6.58 -2.07463 4.43461 -121.6
7.38675 6.58857 -2.04096 3.43716 -111.139
7.39532 6.59714 -2.01545 2.52937 -100.678
7.40389 6.60571 -1.99734 1.71125 -90.2175
7.41247 6.61429 -1.98586 0.982787 -79.7566
7.42104 6.62286 -1.98024 0.343991 -69.2958
7.42961 6.63143 -1.97971 -0.205141 -58.835
7.43818 6.64 -1.9835 -0.664609 -48.3742
7.44675 6.64857 -1.99084 -1.03441 -37.9134
7.45532 6.65714 -2.00098 -1.31455 -27.4526
7.46389 6.66571 -2.01312 -1.50503 -16.9918
7.47247 6.67429 -2.02652 -1.60584 -6.53094
7.48104 6.68286 -2.0404 -1.61699 3.92988
7.48961 6.69143 -2.05398 -1.53847 14.3907
7.49818 6.7 -2.06651 -1.37029 24.8515
7.50675 6.70857 -2.07722 -1.11244 35.3123
7.51532 6.71714 -2.08533 -0.770555 41.8369
7.52389 6.72571 -2.09042 -0.417767 40.4803
7.53247 6.73429 -2.09253 -0.0766075 39.1237
7.54104 6.74286 -2.09176 0.252924 37.7671
7.54961 6.75143 -2.08823 0.570828 36.4105
7.55818 6.76 -2.08201 0.877104 35.0539
7.56675 6.76857 -2.07322 1.17175 33.6973
7.57532 6.77714 -2.06196 1.45477 32.3407
7.58389 6.78571 -2.04832 1.72616 30.9841
7.59247 6.79429 -2.0324 1.98593 29.6275
7.60104 6.80286 -2.01431 2.23406 28.2709
7.60961 6.81143 -1.99413 2.47057 26.9143
7.61818 6.82 -1.97199 2.69545 25.5577
7.62675 6.82857 -1.94796 2.9087 24.2011
7.63532 6.83714 -1.92216 3.11033 22.8445
7.64389 6.84571 -1.89467 3.30033 21.4879
7.65247 6.85429 -1.86561 3.47869 20.1313
7.66104 6.86286 -1.83507 3.64802 19.6787
7.66961 6.87143 -1.80308 3.81669 19.6787
7.67818 6.88 -1.76964 3.98536 19.6787
7.68675 6.88857 -1.73475 4.15404 19.6787
7.69532 6.89714 -1.69843 4.32271 19.6787
7.70389 6.90571 -1.66065 4.49139 19.6787
7.71247 6.91429 -1.62143 4.66006 19.6787
7.72104 6.92286 -1.58076 4.82874 19.6787
7.72961 6.93143 -1.53865 4.99741 19.6787
7.73818 6.94 -1.49509 5.16608 19.6787
7.74675 6.94857 -1.45009 5.33476 19.6787
7.75532 6.95714 -1.40364 5.50343 19.6787
7.76389 6.96571 -1.35575 5.67211 19.6787
7.77247 6.97429 -1.30641 5.84078 19.6787
7.78104 6.98286 -1.25562 6.00946 19.6787
7.78961 6.99143 -1.20339 6.17813 19.6787
7.79818 7 -1.14971 6.34681 19.6787


