Data fit to <COOP> functional form

fit temperature range in [363,313]

xData (#.=9)
[[363.000000],[353.000000],[343.000000],[338.000000],[333.000000],[328.000000],[323.000000],[318.000000],[313.000000]]

yData (#.=9)
[-4.501250,-4.018210,-3.498275,-3.246150,-2.922270,-2.625530,-2.242880,-1.878840,-1.423330]

stop condition:
intial coeffs = -12 1000 1 0.1 
scale  = -12 1000 1 0.1 
bndl   = -20 0 -500 -1000 
bndu   = 20 1e+06 500 1000 
epsf   = 0
epsx   = 1e-10
maxits = 100000

-------------------------------------
Tg_extrp [@(100)timeUnit] 286.527
m_extrp [@Tg_extrp] 53.1776
-------------------------------------

Operating Mode: F

fit info 2
(relative step is no more than EpsX.)

internal iterations = 1519
time used = 0 seconds

fit coeffs
-19.067 12108.5 500 0.0198406 

fit coeffs error
1.1305 999.233 330.08 0.00113633 

Statistics
===================================
R^2 (coefficient of determination) 
0.999804 (1 cycles)

RMS error 
0.0131985

average error 
0.01281

average relative error 
0.00488478

maximum error 
0.0186704
===================================


T  log(tau_org) log10(tauFit_fit) ErrCurve  
=========================================== 
363 -4.50125 -4.4893 0.0150825
353 -4.01821 -4.02845 0.00963035
343 -3.49828 -3.51554 0.00842187
338 -3.24615 -3.23425 0.00839898
333 -2.92227 -2.9326 0.00848176
328 -2.62553 -2.60686 0.00855945
323 -2.24288 -2.25246 0.00853545
318 -1.87884 -1.86371 0.00937641
313 -1.42333 -1.43357 0.0152871


1000/T  log(tau_org) log10(tauFit_fit) ErrCurve 
=========================================== 
2.75482 -4.50125 -4.4893 0.0150825
2.83286 -4.01821 -4.02845 0.00963035
2.91545 -3.49828 -3.51554 0.00842187
2.95858 -3.24615 -3.23425 0.00839898
3.003 -2.92227 -2.9326 0.00848176
3.04878 -2.62553 -2.60686 0.00855945
3.09598 -2.24288 -2.25246 0.00853545
3.14465 -1.87884 -1.86371 0.00937641
3.19489 -1.42333 -1.43357 0.0152871



T  log10(tauFit_fit)             
=================================
363 -4.4893
362.924 -4.48594
362.847 -4.48258
362.771 -4.47922
362.694 -4.47585
362.618 -4.47248
362.541 -4.46911
362.465 -4.46573
362.388 -4.46236
362.312 -4.45898
362.235 -4.4556
362.159 -4.45221
362.082 -4.44883
362.006 -4.44544
361.929 -4.44205
361.853 -4.43866
361.776 -4.43526
361.7 -4.43186
361.623 -4.42846
361.547 -4.42506
361.471 -4.42166
361.394 -4.41825
361.318 -4.41484
361.241 -4.41143
361.165 -4.40801
361.088 -4.4046
361.012 -4.40118
360.935 -4.39776
360.859 -4.39433
360.782 -4.3909
360.706 -4.38748
360.629 -4.38404
360.553 -4.38061
360.476 -4.37717
360.4 -4.37373
360.323 -4.37029
360.247 -4.36685
360.17 -4.3634
360.094 -4.35995
360.018 -4.3565
359.941 -4.35305
359.865 -4.34959
359.788 -4.34613
359.712 -4.34267
359.635 -4.33921
359.559 -4.33574
359.482 -4.33227
359.406 -4.3288
359.329 -4.32532
359.253 -4.32185
359.176 -4.31837
359.1 -4.31489
359.023 -4.3114
358.947 -4.30792
358.87 -4.30443
358.794 -4.30093
358.718 -4.29744
358.641 -4.29394
358.565 -4.29044
358.488 -4.28694
358.412 -4.28343
358.335 -4.27993
358.259 -4.27642
358.182 -4.2729
358.106 -4.26939
358.029 -4.26587
357.953 -4.26235
357.876 -4.25883
357.8 -4.2553
357.723 -4.25177
357.647 -4.24824
357.57 -4.24471
357.494 -4.24117
357.417 -4.23763
357.341 -4.23409
357.265 -4.23054
357.188 -4.22699
357.112 -4.22344
357.035 -4.21989
356.959 -4.21634
356.882 -4.21278
356.806 -4.20922
356.729 -4.20565
356.653 -4.20209
356.576 -4.19852
356.5 -4.19495
356.423 -4.19137
356.347 -4.18779
356.27 -4.18421
356.194 -4.18063
356.117 -4.17705
356.041 -4.17346
355.964 -4.16987
355.888 -4.16627
355.812 -4.16267
355.735 -4.15908
355.659 -4.15547
355.582 -4.15187
355.506 -4.14826
355.429 -4.14465
355.353 -4.14104
355.276 -4.13742
355.2 -4.1338
355.123 -4.13018
355.047 -4.12655
354.97 -4.12292
354.894 -4.11929
354.817 -4.11566
354.741 -4.11202
354.664 -4.10838
354.588 -4.10474
354.511 -4.1011
354.435 -4.09745
354.359 -4.0938
354.282 -4.09015
354.206 -4.08649
354.129 -4.08283
354.053 -4.07917
353.976 -4.0755
353.9 -4.07183
353.823 -4.06816
353.747 -4.06449
353.67 -4.06081
353.594 -4.05713
353.517 -4.05345
353.441 -4.04976
353.364 -4.04607
353.288 -4.04238
353.211 -4.03868
353.135 -4.03499
353.058 -4.03128
352.982 -4.02758
352.906 -4.02387
352.829 -4.02016
352.753 -4.01645
352.676 -4.01273
352.6 -4.00901
352.523 -4.00529
352.447 -4.00157
352.37 -3.99784
352.294 -3.99411
352.217 -3.99037
352.141 -3.98664
352.064 -3.98289
351.988 -3.97915
351.911 -3.9754
351.835 -3.97165
351.758 -3.9679
351.682 -3.96414
351.606 -3.96038
351.529 -3.95662
351.453 -3.95286
351.376 -3.94909
351.3 -3.94532
351.223 -3.94154
351.147 -3.93776
351.07 -3.93398
350.994 -3.9302
350.917 -3.92641
350.841 -3.92262
350.764 -3.91882
350.688 -3.91502
350.611 -3.91122
350.535 -3.90742
350.458 -3.90361
350.382 -3.8998
350.305 -3.89599
350.229 -3.89217
350.153 -3.88835
350.076 -3.88453
350 -3.8807
349.923 -3.87687
349.847 -3.87304
349.77 -3.8692
349.694 -3.86536
349.617 -3.86152
349.541 -3.85767
349.464 -3.85382
349.388 -3.84997
349.311 -3.84611
349.235 -3.84225
349.158 -3.83839
349.082 -3.83452
349.005 -3.83065
348.929 -3.82678
348.852 -3.8229
348.776 -3.81902
348.7 -3.81514
348.623 -3.81125
348.547 -3.80736
348.47 -3.80347
348.394 -3.79957
348.317 -3.79567
348.241 -3.79176
348.164 -3.78786
348.088 -3.78395
348.011 -3.78003
347.935 -3.77611
347.858 -3.77219
347.782 -3.76827
347.705 -3.76434
347.629 -3.76041
347.552 -3.75647
347.476 -3.75253
347.399 -3.74859
347.323 -3.74464
347.247 -3.74069
347.17 -3.73674
347.094 -3.73278
347.017 -3.72882
346.941 -3.72486
346.864 -3.72089
346.788 -3.71692
346.711 -3.71294
346.635 -3.70897
346.558 -3.70498
346.482 -3.701
346.405 -3.69701
346.329 -3.69302
346.252 -3.68902
346.176 -3.68502
346.099 -3.68102
346.023 -3.67701
345.946 -3.673
345.87 -3.66898
345.794 -3.66496
345.717 -3.66094
345.641 -3.65691
345.564 -3.65288
345.488 -3.64885
345.411 -3.64481
345.335 -3.64077
345.258 -3.63673
345.182 -3.63268
345.105 -3.62862
345.029 -3.62457
344.952 -3.62051
344.876 -3.61644
344.799 -3.61238
344.723 -3.60831
344.646 -3.60423
344.57 -3.60015
344.494 -3.59607
344.417 -3.59198
344.341 -3.58789
344.264 -3.58379
344.188 -3.5797
344.111 -3.57559
344.035 -3.57149
343.958 -3.56738
343.882 -3.56326
343.805 -3.55914
343.729 -3.55502
343.652 -3.55089
343.576 -3.54676
343.499 -3.54263
343.423 -3.53849
343.346 -3.53435
343.27 -3.5302
343.193 -3.52605
343.117 -3.5219
343.041 -3.51774
342.964 -3.51358
342.888 -3.50941
342.811 -3.50524
342.735 -3.50107
342.658 -3.49689
342.582 -3.49271
342.505 -3.48852
342.429 -3.48433
342.352 -3.48013
342.276 -3.47593
342.199 -3.47173
342.123 -3.46752
342.046 -3.46331
341.97 -3.4591
341.893 -3.45488
341.817 -3.45065
341.74 -3.44642
341.664 -3.44219
341.588 -3.43795
341.511 -3.43371
341.435 -3.42947
341.358 -3.42522
341.282 -3.42096
341.205 -3.41671
341.129 -3.41244
341.052 -3.40818
340.976 -3.40391
340.899 -3.39963
340.823 -3.39535
340.746 -3.39107
340.67 -3.38678
340.593 -3.38249
340.517 -3.37819
340.44 -3.37389
340.364 -3.36958
340.287 -3.36527
340.211 -3.36096
340.135 -3.35664
340.058 -3.35231
339.982 -3.34799
339.905 -3.34365
339.829 -3.33932
339.752 -3.33498
339.676 -3.33063
339.599 -3.32628
339.523 -3.32192
339.446 -3.31756
339.37 -3.3132
339.293 -3.30883
339.217 -3.30446
339.14 -3.30008
339.064 -3.2957
338.987 -3.29131
338.911 -3.28692
338.834 -3.28253
338.758 -3.27813
338.682 -3.27372
338.605 -3.26931
338.529 -3.2649
338.452 -3.26048
338.376 -3.25605
338.299 -3.25162
338.223 -3.24719
338.146 -3.24275
338.07 -3.23831
337.993 -3.23386
337.917 -3.22941
337.84 -3.22495
337.764 -3.22049
337.687 -3.21602
337.611 -3.21155
337.534 -3.20708
337.458 -3.2026
337.382 -3.19811
337.305 -3.19362
337.229 -3.18912
337.152 -3.18462
337.076 -3.18012
336.999 -3.17561
336.923 -3.17109
336.846 -3.16657
336.77 -3.16205
336.693 -3.15752
336.617 -3.15298
336.54 -3.14844
336.464 -3.1439
336.387 -3.13935
336.311 -3.13479
336.234 -3.13023
336.158 -3.12567
336.081 -3.1211
336.005 -3.11652
335.929 -3.11194
335.852 -3.10736
335.776 -3.10277
335.699 -3.09817
335.623 -3.09357
335.546 -3.08897
335.47 -3.08436
335.393 -3.07974
335.317 -3.07512
335.24 -3.07049
335.164 -3.06586
335.087 -3.06122
335.011 -3.05658
334.934 -3.05193
334.858 -3.04728
334.781 -3.04262
334.705 -3.03796
334.628 -3.03329
334.552 -3.02862
334.476 -3.02394
334.399 -3.01926
334.323 -3.01457
334.246 -3.00987
334.17 -3.00517
334.093 -3.00046
334.017 -2.99575
333.94 -2.99104
333.864 -2.98631
333.787 -2.98159
333.711 -2.97685
333.634 -2.97211
333.558 -2.96737
333.481 -2.96262
333.405 -2.95787
333.328 -2.95311
333.252 -2.94834
333.175 -2.94357
333.099 -2.93879
333.023 -2.93401
332.946 -2.92922
332.87 -2.92442
332.793 -2.91962
332.717 -2.91482
332.64 -2.91001
332.564 -2.90519
332.487 -2.90037
332.411 -2.89554
332.334 -2.89071
332.258 -2.88587
332.181 -2.88102
332.105 -2.87617
332.028 -2.87131
331.952 -2.86645
331.875 -2.86158
331.799 -2.85671
331.722 -2.85183
331.646 -2.84694
331.57 -2.84205
331.493 -2.83715
331.417 -2.83225
331.34 -2.82734
331.264 -2.82242
331.187 -2.8175
331.111 -2.81257
331.034 -2.80764
330.958 -2.8027
330.881 -2.79775
330.805 -2.7928
330.728 -2.78784
330.652 -2.78288
330.575 -2.77791
330.499 -2.77293
330.422 -2.76795
330.346 -2.76296
330.27 -2.75797
330.193 -2.75297
330.117 -2.74796
330.04 -2.74295
329.964 -2.73793
329.887 -2.7329
329.811 -2.72787
329.734 -2.72283
329.658 -2.71779
329.581 -2.71274
329.505 -2.70768
329.428 -2.70262
329.352 -2.69755
329.275 -2.69247
329.199 -2.68739
329.122 -2.6823
329.046 -2.6772
328.969 -2.6721
328.893 -2.66699
328.817 -2.66188
328.74 -2.65676
328.664 -2.65163
328.587 -2.6465
328.511 -2.64135
328.434 -2.63621
328.358 -2.63105
328.281 -2.62589
328.205 -2.62073
328.128 -2.61555
328.052 -2.61037
327.975 -2.60518
327.899 -2.59999
327.822 -2.59479
327.746 -2.58958
327.669 -2.58437
327.593 -2.57915
327.516 -2.57392
327.44 -2.56869
327.364 -2.56345
327.287 -2.5582
327.211 -2.55294
327.134 -2.54768
327.058 -2.54241
326.981 -2.53714
326.905 -2.53185
326.828 -2.52657
326.752 -2.52127
326.675 -2.51597
326.599 -2.51066
326.522 -2.50534
326.446 -2.50001
326.369 -2.49468
326.293 -2.48934
326.216 -2.484
326.14 -2.47864
326.063 -2.47328
325.987 -2.46792
325.911 -2.46254
325.834 -2.45716
325.758 -2.45177
325.681 -2.44638
325.605 -2.44097
325.528 -2.43556
325.452 -2.43015
325.375 -2.42472
325.299 -2.41929
325.222 -2.41385
325.146 -2.4084
325.069 -2.40295
324.993 -2.39748
324.916 -2.39202
324.84 -2.38654
324.763 -2.38105
324.687 -2.37556
324.611 -2.37006
324.534 -2.36456
324.458 -2.35904
324.381 -2.35352
324.305 -2.34799
324.228 -2.34245
324.152 -2.33691
324.075 -2.33135
323.999 -2.32579
323.922 -2.32022
323.846 -2.31465
323.769 -2.30907
323.693 -2.30347
323.616 -2.29787
323.54 -2.29227
323.463 -2.28665
323.387 -2.28103
323.31 -2.2754
323.234 -2.26976
323.158 -2.26411
323.081 -2.25846
323.005 -2.2528
322.928 -2.24713
322.852 -2.24145
322.775 -2.23576
322.699 -2.23007
322.622 -2.22436
322.546 -2.21865
322.469 -2.21293
322.393 -2.20721
322.316 -2.20147
322.24 -2.19573
322.163 -2.18997
322.087 -2.18421
322.01 -2.17845
321.934 -2.17267
321.857 -2.16688
321.781 -2.16109
321.705 -2.15529
321.628 -2.14948
321.552 -2.14366
321.475 -2.13783
321.399 -2.132
321.322 -2.12615
321.246 -2.1203
321.169 -2.11444
321.093 -2.10857
321.016 -2.10269
320.94 -2.09681
320.863 -2.09091
320.787 -2.08501
320.71 -2.07909
320.634 -2.07317
320.557 -2.06724
320.481 -2.0613
320.404 -2.05535
320.328 -2.0494
320.252 -2.04343
320.175 -2.03746
320.099 -2.03147
320.022 -2.02548
319.946 -2.01948
319.869 -2.01347
319.793 -2.00745
319.716 -2.00142
319.64 -1.99539
319.563 -1.98934
319.487 -1.98329
319.41 -1.97722
319.334 -1.97115
319.257 -1.96506
319.181 -1.95897
319.104 -1.95287
319.028 -1.94676
318.951 -1.94064
318.875 -1.93451
318.799 -1.92837
318.722 -1.92223
318.646 -1.91607
318.569 -1.9099
318.493 -1.90373
318.416 -1.89754
318.34 -1.89135
318.263 -1.88514
318.187 -1.87893
318.11 -1.8727
318.034 -1.86647
317.957 -1.86023
317.881 -1.85398
317.804 -1.84771
317.728 -1.84144
317.651 -1.83516
317.575 -1.82887
317.499 -1.82257
317.422 -1.81626
317.346 -1.80993
317.269 -1.8036
317.193 -1.79726
317.116 -1.79091
317.04 -1.78455
316.963 -1.77818
316.887 -1.7718
316.81 -1.76541
316.734 -1.75901
316.657 -1.7526
316.581 -1.74618
316.504 -1.73974
316.428 -1.7333
316.351 -1.72685
316.275 -1.72039
316.198 -1.71392
316.122 -1.70743
316.046 -1.70094
315.969 -1.69444
315.893 -1.68792
315.816 -1.6814
315.74 -1.67486
315.663 -1.66832
315.587 -1.66176
315.51 -1.65519
315.434 -1.64862
315.357 -1.64203
315.281 -1.63543
315.204 -1.62882
315.128 -1.6222
315.051 -1.61557
314.975 -1.60893
314.898 -1.60228
314.822 -1.59561
314.745 -1.58894
314.669 -1.58225
314.593 -1.57556
314.516 -1.56885
314.44 -1.56213
314.363 -1.5554
314.287 -1.54866
314.21 -1.54191
314.134 -1.53515
314.057 -1.52838
313.981 -1.52159
313.904 -1.5148
313.828 -1.50799
313.751 -1.50117
313.675 -1.49434
313.598 -1.4875
313.522 -1.48064
313.445 -1.47378
313.369 -1.4669
313.292 -1.46002
313.216 -1.45312
313.14 -1.44621
313.063 -1.43929
312.987 -1.43235
312.91 -1.42541
312.834 -1.41845
312.757 -1.41148
312.681 -1.4045
312.604 -1.39751
312.528 -1.3905
312.451 -1.38348
312.375 -1.37646
312.298 -1.36942
312.222 -1.36236
312.145 -1.3553
312.069 -1.34822
311.992 -1.34113
311.916 -1.33403
311.839 -1.32692
311.763 -1.31979
311.687 -1.31266
311.61 -1.30551
311.534 -1.29834
311.457 -1.29117
311.381 -1.28398
311.304 -1.27678
311.228 -1.26957
311.151 -1.26235
311.075 -1.25511
310.998 -1.24786
310.922 -1.2406
310.845 -1.23332
310.769 -1.22604
310.692 -1.21873
310.616 -1.21142
310.539 -1.2041
310.463 -1.19676
310.387 -1.1894
310.31 -1.18204
310.234 -1.17466
310.157 -1.16727
310.081 -1.15987
310.004 -1.15245
309.928 -1.14502
309.851 -1.13758
309.775 -1.13012
309.698 -1.12265
309.622 -1.11517
309.545 -1.10767
309.469 -1.10016
309.392 -1.09264
309.316 -1.0851
309.239 -1.07755
309.163 -1.06998
309.086 -1.06241
309.01 -1.05482
308.934 -1.04721
308.857 -1.03959
308.781 -1.03196
308.704 -1.02431
308.628 -1.01665
308.551 -1.00898
308.475 -1.00129
308.398 -0.993591
308.322 -0.985875
308.245 -0.978145
308.169 -0.970401
308.092 -0.962643
308.016 -0.954871
307.939 -0.947085
307.863 -0.939284
307.786 -0.931469
307.71 -0.923639
307.633 -0.915795
307.557 -0.907937
307.481 -0.900064
307.404 -0.892177
307.328 -0.884275
307.251 -0.876359
307.175 -0.868427
307.098 -0.860481
307.022 -0.852521
306.945 -0.844545
306.869 -0.836555
306.792 -0.82855
306.716 -0.82053
306.639 -0.812495
306.563 -0.804444
306.486 -0.796379
306.41 -0.788299
306.333 -0.780203
306.257 -0.772092
306.18 -0.763966
306.104 -0.755825
306.028 -0.747668
305.951 -0.739496
305.875 -0.731309
305.798 -0.723106
305.722 -0.714887
305.645 -0.706653
305.569 -0.698403
305.492 -0.690137
305.416 -0.681856
305.339 -0.673559
305.263 -0.665246
305.186 -0.656917
305.11 -0.648572
305.033 -0.640212
304.957 -0.631835
304.88 -0.623442
304.804 -0.615033
304.727 -0.606608
304.651 -0.598167
304.575 -0.589709
304.498 -0.581235
304.422 -0.572744
304.345 -0.564238
304.269 -0.555714
304.192 -0.547174
304.116 -0.538618
304.039 -0.530045
303.963 -0.521455
303.886 -0.512848
303.81 -0.504225
303.733 -0.495585
303.657 -0.486928
303.58 -0.478254
303.504 -0.469563
303.427 -0.460855
303.351 -0.45213
303.275 -0.443387
303.198 -0.434628
303.122 -0.425851
303.045 -0.417056
302.969 -0.408245
302.892 -0.399416
302.816 -0.390569
302.739 -0.381705
302.663 -0.372824
302.586 -0.363924
302.51 -0.355008
302.433 -0.346073
302.357 -0.33712
302.28 -0.32815
302.204 -0.319161
302.127 -0.310155
302.051 -0.301131
301.974 -0.292088
301.898 -0.283028
301.822 -0.273949
301.745 -0.264852
301.669 -0.255736
301.592 -0.246602
301.516 -0.23745
301.439 -0.228279
301.363 -0.21909
301.286 -0.209882
301.21 -0.200655
301.133 -0.19141
301.057 -0.182146
300.98 -0.172863
300.904 -0.163561
300.827 -0.15424
300.751 -0.1449
300.674 -0.135542
300.598 -0.126163
300.521 -0.116766
300.445 -0.10735
300.369 -0.0979137
300.292 -0.0884584
300.216 -0.0789837
300.139 -0.0694895
300.063 -0.0599757
299.986 -0.0504422
299.91 -0.0408891
299.833 -0.0313162
299.757 -0.0217235
299.68 -0.0121109
299.604 -0.00247842
299.527 0.0071741
299.451 0.0168467
299.374 0.0265394
299.298 0.0362523
299.221 0.0459855
299.145 0.055739
299.068 0.0655129
298.992 0.0753073
298.916 0.0851221
298.839 0.0949575
298.763 0.104814
298.686 0.11469
298.61 0.124588
298.533 0.134506
298.457 0.144446
298.38 0.154406
298.304 0.164387
298.227 0.17439
298.151 0.184413
298.074 0.194458
297.998 0.204524
297.921 0.214612
297.845 0.224721
297.768 0.234851
297.692 0.245004
297.615 0.255177
297.539 0.265373
297.463 0.27559
297.386 0.285829
297.31 0.29609
297.233 0.306373
297.157 0.316678
297.08 0.327005
297.004 0.337355
296.927 0.347726
296.851 0.35812
296.774 0.368537
296.698 0.378976
296.621 0.389437
296.545 0.399921
296.468 0.410428
296.392 0.420958
296.315 0.43151
296.239 0.442086
296.163 0.452684
296.086 0.463305
296.01 0.47395
295.933 0.484618
295.857 0.495309
295.78 0.506023
295.704 0.516761
295.627 0.527522
295.551 0.538307
295.474 0.549116
295.398 0.559948
295.321 0.570805
295.245 0.581685
295.168 0.592589
295.092 0.603517
295.015 0.614469
294.939 0.625445
294.862 0.636446
294.786 0.647471
294.71 0.658521
294.633 0.669595
294.557 0.680693
294.48 0.691816
294.404 0.702964
294.327 0.714137
294.251 0.725335
294.174 0.736557
294.098 0.747805
294.021 0.759078
293.945 0.770376
293.868 0.7817
293.792 0.793048
293.715 0.804423
293.639 0.815823
293.562 0.827248
293.486 0.838699
293.409 0.850176
293.333 0.861679
293.257 0.873208
293.18 0.884763
293.104 0.896344
293.027 0.907951
292.951 0.919584
292.874 0.931244
292.798 0.94293
292.721 0.954643
292.645 0.966383
292.568 0.978149
292.492 0.989942
292.415 1.00176
292.339 1.01361
292.262 1.02548
292.186 1.03738
292.109 1.04931
292.033 1.06127
291.956 1.07325
291.88 1.08526
291.804 1.0973
291.727 1.10937
291.651 1.12146
291.574 1.13358
291.498 1.14573
291.421 1.15791
291.345 1.17012
291.268 1.18235
291.192 1.19461
291.115 1.2069
291.039 1.21922
290.962 1.23157
290.886 1.24395
290.809 1.25635
290.733 1.26879
290.656 1.28125
290.58 1.29374
290.503 1.30626
290.427 1.31881
290.351 1.33139
290.274 1.344
290.198 1.35664
290.121 1.36931
290.045 1.38201
289.968 1.39474
289.892 1.40749
289.815 1.42028
289.739 1.4331
289.662 1.44595
289.586 1.45883
289.509 1.47174
289.433 1.48468
289.356 1.49765
289.28 1.51065
289.203 1.52368
289.127 1.53674
289.051 1.54984
288.974 1.56296
288.898 1.57612
288.821 1.5893
288.745 1.60252
288.668 1.61577
288.592 1.62905
288.515 1.64237
288.439 1.65571
288.362 1.66909
288.286 1.6825
288.209 1.69594
288.133 1.70941
288.056 1.72292
287.98 1.73646
287.903 1.75003
287.827 1.76363
287.75 1.77727
287.674 1.79094
287.598 1.80464
287.521 1.81838
287.445 1.83215
287.368 1.84595
287.292 1.85978
287.215 1.87365
287.139 1.88756
287.062 1.90149
286.986 1.91546
286.909 1.92947
286.833 1.9435
286.756 1.95758
286.68 1.97168
286.603 1.98582
286.527 2



T  log10(tauFit)                 
=================================
363 -4.50125
353 -4.01821
343 -3.49828
338 -3.24615
333 -2.92227
328 -2.62553
323 -2.24288
318 -1.87884
313 -1.42333



1000/T  log10(tauFit_fit)            
=================================
2.75482 -4.4893
2.7554 -4.48594
2.75598 -4.48258
2.75656 -4.47922
2.75714 -4.47585
2.75773 -4.47248
2.75831 -4.46911
2.75889 -4.46573
2.75947 -4.46236
2.76005 -4.45898
2.76064 -4.4556
2.76122 -4.45221
2.7618 -4.44883
2.76239 -4.44544
2.76297 -4.44205
2.76355 -4.43866
2.76414 -4.43526
2.76472 -4.43186
2.76531 -4.42846
2.76589 -4.42506
2.76648 -4.42166
2.76706 -4.41825
2.76765 -4.41484
2.76823 -4.41143
2.76882 -4.40801
2.76941 -4.4046
2.76999 -4.40118
2.77058 -4.39776
2.77117 -4.39433
2.77175 -4.3909
2.77234 -4.38748
2.77293 -4.38404
2.77352 -4.38061
2.77411 -4.37717
2.7747 -4.37373
2.77528 -4.37029
2.77587 -4.36685
2.77646 -4.3634
2.77705 -4.35995
2.77764 -4.3565
2.77823 -4.35305
2.77882 -4.34959
2.77941 -4.34613
2.78 -4.34267
2.7806 -4.33921
2.78119 -4.33574
2.78178 -4.33227
2.78237 -4.3288
2.78296 -4.32532
2.78356 -4.32185
2.78415 -4.31837
2.78474 -4.31489
2.78533 -4.3114
2.78593 -4.30792
2.78652 -4.30443
2.78711 -4.30093
2.78771 -4.29744
2.7883 -4.29394
2.7889 -4.29044
2.78949 -4.28694
2.79009 -4.28343
2.79068 -4.27993
2.79128 -4.27642
2.79188 -4.2729
2.79247 -4.26939
2.79307 -4.26587
2.79366 -4.26235
2.79426 -4.25883
2.79486 -4.2553
2.79546 -4.25177
2.79605 -4.24824
2.79665 -4.24471
2.79725 -4.24117
2.79785 -4.23763
2.79845 -4.23409
2.79905 -4.23054
2.79965 -4.22699
2.80025 -4.22344
2.80085 -4.21989
2.80145 -4.21634
2.80205 -4.21278
2.80265 -4.20922
2.80325 -4.20565
2.80385 -4.20209
2.80445 -4.19852
2.80505 -4.19495
2.80565 -4.19137
2.80625 -4.18779
2.80686 -4.18421
2.80746 -4.18063
2.80806 -4.17705
2.80867 -4.17346
2.80927 -4.16987
2.80987 -4.16627
2.81048 -4.16267
2.81108 -4.15908
2.81169 -4.15547
2.81229 -4.15187
2.81289 -4.14826
2.8135 -4.14465
2.81411 -4.14104
2.81471 -4.13742
2.81532 -4.1338
2.81592 -4.13018
2.81653 -4.12655
2.81714 -4.12292
2.81774 -4.11929
2.81835 -4.11566
2.81896 -4.11202
2.81957 -4.10838
2.82017 -4.10474
2.82078 -4.1011
2.82139 -4.09745
2.822 -4.0938
2.82261 -4.09015
2.82322 -4.08649
2.82383 -4.08283
2.82444 -4.07917
2.82505 -4.0755
2.82566 -4.07183
2.82627 -4.06816
2.82688 -4.06449
2.82749 -4.06081
2.8281 -4.05713
2.82872 -4.05345
2.82933 -4.04976
2.82994 -4.04607
2.83055 -4.04238
2.83117 -4.03868
2.83178 -4.03499
2.83239 -4.03128
2.83301 -4.02758
2.83362 -4.02387
2.83423 -4.02016
2.83485 -4.01645
2.83546 -4.01273
2.83608 -4.00901
2.83669 -4.00529
2.83731 -4.00157
2.83792 -3.99784
2.83854 -3.99411
2.83916 -3.99037
2.83977 -3.98664
2.84039 -3.98289
2.84101 -3.97915
2.84162 -3.9754
2.84224 -3.97165
2.84286 -3.9679
2.84348 -3.96414
2.8441 -3.96038
2.84472 -3.95662
2.84533 -3.95286
2.84595 -3.94909
2.84657 -3.94532
2.84719 -3.94154
2.84781 -3.93776
2.84843 -3.93398
2.84905 -3.9302
2.84967 -3.92641
2.8503 -3.92262
2.85092 -3.91882
2.85154 -3.91502
2.85216 -3.91122
2.85278 -3.90742
2.85341 -3.90361
2.85403 -3.8998
2.85465 -3.89599
2.85527 -3.89217
2.8559 -3.88835
2.85652 -3.88453
2.85715 -3.8807
2.85777 -3.87687
2.8584 -3.87304
2.85902 -3.8692
2.85965 -3.86536
2.86027 -3.86152
2.8609 -3.85767
2.86152 -3.85382
2.86215 -3.84997
2.86278 -3.84611
2.8634 -3.84225
2.86403 -3.83839
2.86466 -3.83452
2.86529 -3.83065
2.86591 -3.82678
2.86654 -3.8229
2.86717 -3.81902
2.8678 -3.81514
2.86843 -3.81125
2.86906 -3.80736
2.86969 -3.80347
2.87032 -3.79957
2.87095 -3.79567
2.87158 -3.79176
2.87221 -3.78786
2.87284 -3.78395
2.87347 -3.78003
2.8741 -3.77611
2.87473 -3.77219
2.87537 -3.76827
2.876 -3.76434
2.87663 -3.76041
2.87726 -3.75647
2.8779 -3.75253
2.87853 -3.74859
2.87916 -3.74464
2.8798 -3.74069
2.88043 -3.73674
2.88107 -3.73278
2.8817 -3.72882
2.88234 -3.72486
2.88297 -3.72089
2.88361 -3.71692
2.88424 -3.71294
2.88488 -3.70897
2.88552 -3.70498
2.88615 -3.701
2.88679 -3.69701
2.88743 -3.69302
2.88807 -3.68902
2.8887 -3.68502
2.88934 -3.68102
2.88998 -3.67701
2.89062 -3.673
2.89126 -3.66898
2.8919 -3.66496
2.89254 -3.66094
2.89318 -3.65691
2.89382 -3.65288
2.89446 -3.64885
2.8951 -3.64481
2.89574 -3.64077
2.89638 -3.63673
2.89702 -3.63268
2.89767 -3.62862
2.89831 -3.62457
2.89895 -3.62051
2.89959 -3.61644
2.90024 -3.61238
2.90088 -3.60831
2.90152 -3.60423
2.90217 -3.60015
2.90281 -3.59607
2.90346 -3.59198
2.9041 -3.58789
2.90475 -3.58379
2.90539 -3.5797
2.90604 -3.57559
2.90668 -3.57149
2.90733 -3.56738
2.90798 -3.56326
2.90862 -3.55914
2.90927 -3.55502
2.90992 -3.55089
2.91057 -3.54676
2.91121 -3.54263
2.91186 -3.53849
2.91251 -3.53435
2.91316 -3.5302
2.91381 -3.52605
2.91446 -3.5219
2.91511 -3.51774
2.91576 -3.51358
2.91641 -3.50941
2.91706 -3.50524
2.91771 -3.50107
2.91836 -3.49689
2.91901 -3.49271
2.91966 -3.48852
2.92032 -3.48433
2.92097 -3.48013
2.92162 -3.47593
2.92227 -3.47173
2.92293 -3.46752
2.92358 -3.46331
2.92423 -3.4591
2.92489 -3.45488
2.92554 -3.45065
2.9262 -3.44642
2.92685 -3.44219
2.92751 -3.43795
2.92816 -3.43371
2.92882 -3.42947
2.92947 -3.42522
2.93013 -3.42096
2.93079 -3.41671
2.93145 -3.41244
2.9321 -3.40818
2.93276 -3.40391
2.93342 -3.39963
2.93408 -3.39535
2.93473 -3.39107
2.93539 -3.38678
2.93605 -3.38249
2.93671 -3.37819
2.93737 -3.37389
2.93803 -3.36958
2.93869 -3.36527
2.93935 -3.36096
2.94001 -3.35664
2.94067 -3.35231
2.94134 -3.34799
2.942 -3.34365
2.94266 -3.33932
2.94332 -3.33498
2.94398 -3.33063
2.94465 -3.32628
2.94531 -3.32192
2.94597 -3.31756
2.94664 -3.3132
2.9473 -3.30883
2.94797 -3.30446
2.94863 -3.30008
2.9493 -3.2957
2.94996 -3.29131
2.95063 -3.28692
2.95129 -3.28253
2.95196 -3.27813
2.95263 -3.27372
2.95329 -3.26931
2.95396 -3.2649
2.95463 -3.26048
2.9553 -3.25605
2.95596 -3.25162
2.95663 -3.24719
2.9573 -3.24275
2.95797 -3.23831
2.95864 -3.23386
2.95931 -3.22941
2.95998 -3.22495
2.96065 -3.22049
2.96132 -3.21602
2.96199 -3.21155
2.96266 -3.20708
2.96333 -3.2026
2.964 -3.19811
2.96468 -3.19362
2.96535 -3.18912
2.96602 -3.18462
2.96669 -3.18012
2.96737 -3.17561
2.96804 -3.17109
2.96871 -3.16657
2.96939 -3.16205
2.97006 -3.15752
2.97074 -3.15298
2.97141 -3.14844
2.97209 -3.1439
2.97276 -3.13935
2.97344 -3.13479
2.97412 -3.13023
2.97479 -3.12567
2.97547 -3.1211
2.97615 -3.11652
2.97682 -3.11194
2.9775 -3.10736
2.97818 -3.10277
2.97886 -3.09817
2.97954 -3.09357
2.98022 -3.08897
2.9809 -3.08436
2.98157 -3.07974
2.98225 -3.07512
2.98294 -3.07049
2.98362 -3.06586
2.9843 -3.06122
2.98498 -3.05658
2.98566 -3.05193
2.98634 -3.04728
2.98702 -3.04262
2.98771 -3.03796
2.98839 -3.03329
2.98907 -3.02862
2.98976 -3.02394
2.99044 -3.01926
2.99112 -3.01457
2.99181 -3.00987
2.99249 -3.00517
2.99318 -3.00046
2.99386 -2.99575
2.99455 -2.99104
2.99523 -2.98631
2.99592 -2.98159
2.99661 -2.97685
2.99729 -2.97211
2.99798 -2.96737
2.99867 -2.96262
2.99936 -2.95787
3.00004 -2.95311
3.00073 -2.94834
3.00142 -2.94357
3.00211 -2.93879
3.0028 -2.93401
3.00349 -2.92922
3.00418 -2.92442
3.00487 -2.91962
3.00556 -2.91482
3.00625 -2.91001
3.00694 -2.90519
3.00763 -2.90037
3.00833 -2.89554
3.00902 -2.89071
3.00971 -2.88587
3.0104 -2.88102
3.0111 -2.87617
3.01179 -2.87131
3.01248 -2.86645
3.01318 -2.86158
3.01387 -2.85671
3.01457 -2.85183
3.01526 -2.84694
3.01596 -2.84205
3.01665 -2.83715
3.01735 -2.83225
3.01805 -2.82734
3.01874 -2.82242
3.01944 -2.8175
3.02014 -2.81257
3.02084 -2.80764
3.02153 -2.8027
3.02223 -2.79775
3.02293 -2.7928
3.02363 -2.78784
3.02433 -2.78288
3.02503 -2.77791
3.02573 -2.77293
3.02643 -2.76795
3.02713 -2.76296
3.02783 -2.75797
3.02853 -2.75297
3.02923 -2.74796
3.02993 -2.74295
3.03064 -2.73793
3.03134 -2.7329
3.03204 -2.72787
3.03275 -2.72283
3.03345 -2.71779
3.03415 -2.71274
3.03486 -2.70768
3.03556 -2.70262
3.03627 -2.69755
3.03697 -2.69247
3.03768 -2.68739
3.03838 -2.6823
3.03909 -2.6772
3.0398 -2.6721
3.0405 -2.66699
3.04121 -2.66188
3.04192 -2.65676
3.04262 -2.65163
3.04333 -2.6465
3.04404 -2.64135
3.04475 -2.63621
3.04546 -2.63105
3.04617 -2.62589
3.04688 -2.62073
3.04759 -2.61555
3.0483 -2.61037
3.04901 -2.60518
3.04972 -2.59999
3.05043 -2.59479
3.05114 -2.58958
3.05186 -2.58437
3.05257 -2.57915
3.05328 -2.57392
3.05399 -2.56869
3.05471 -2.56345
3.05542 -2.5582
3.05614 -2.55294
3.05685 -2.54768
3.05757 -2.54241
3.05828 -2.53714
3.059 -2.53185
3.05971 -2.52657
3.06043 -2.52127
3.06114 -2.51597
3.06186 -2.51066
3.06258 -2.50534
3.0633 -2.50001
3.06401 -2.49468
3.06473 -2.48934
3.06545 -2.484
3.06617 -2.47864
3.06689 -2.47328
3.06761 -2.46792
3.06833 -2.46254
3.06905 -2.45716
3.06977 -2.45177
3.07049 -2.44638
3.07121 -2.44097
3.07193 -2.43556
3.07265 -2.43015
3.07337 -2.42472
3.0741 -2.41929
3.07482 -2.41385
3.07554 -2.4084
3.07627 -2.40295
3.07699 -2.39748
3.07771 -2.39202
3.07844 -2.38654
3.07916 -2.38105
3.07989 -2.37556
3.08062 -2.37006
3.08134 -2.36456
3.08207 -2.35904
3.08279 -2.35352
3.08352 -2.34799
3.08425 -2.34245
3.08498 -2.33691
3.0857 -2.33135
3.08643 -2.32579
3.08716 -2.32022
3.08789 -2.31465
3.08862 -2.30907
3.08935 -2.30347
3.09008 -2.29787
3.09081 -2.29227
3.09154 -2.28665
3.09227 -2.28103
3.093 -2.2754
3.09373 -2.26976
3.09447 -2.26411
3.0952 -2.25846
3.09593 -2.2528
3.09666 -2.24713
3.0974 -2.24145
3.09813 -2.23576
3.09887 -2.23007
3.0996 -2.22436
3.10034 -2.21865
3.10107 -2.21293
3.10181 -2.20721
3.10254 -2.20147
3.10328 -2.19573
3.10402 -2.18997
3.10475 -2.18421
3.10549 -2.17845
3.10623 -2.17267
3.10697 -2.16688
3.1077 -2.16109
3.10844 -2.15529
3.10918 -2.14948
3.10992 -2.14366
3.11066 -2.13783
3.1114 -2.132
3.11214 -2.12615
3.11288 -2.1203
3.11362 -2.11444
3.11437 -2.10857
3.11511 -2.10269
3.11585 -2.09681
3.11659 -2.09091
3.11733 -2.08501
3.11808 -2.07909
3.11882 -2.07317
3.11957 -2.06724
3.12031 -2.0613
3.12105 -2.05535
3.1218 -2.0494
3.12255 -2.04343
3.12329 -2.03746
3.12404 -2.03147
3.12478 -2.02548
3.12553 -2.01948
3.12628 -2.01347
3.12703 -2.00745
3.12777 -2.00142
3.12852 -1.99539
3.12927 -1.98934
3.13002 -1.98329
3.13077 -1.97722
3.13152 -1.97115
3.13227 -1.96506
3.13302 -1.95897
3.13377 -1.95287
3.13452 -1.94676
3.13527 -1.94064
3.13602 -1.93451
3.13678 -1.92837
3.13753 -1.92223
3.13828 -1.91607
3.13904 -1.9099
3.13979 -1.90373
3.14054 -1.89754
3.1413 -1.89135
3.14205 -1.88514
3.14281 -1.87893
3.14356 -1.8727
3.14432 -1.86647
3.14508 -1.86023
3.14583 -1.85398
3.14659 -1.84771
3.14735 -1.84144
3.1481 -1.83516
3.14886 -1.82887
3.14962 -1.82257
3.15038 -1.81626
3.15114 -1.80993
3.1519 -1.8036
3.15266 -1.79726
3.15342 -1.79091
3.15418 -1.78455
3.15494 -1.77818
3.1557 -1.7718
3.15646 -1.76541
3.15723 -1.75901
3.15799 -1.7526
3.15875 -1.74618
3.15951 -1.73974
3.16028 -1.7333
3.16104 -1.72685
3.16181 -1.72039
3.16257 -1.71392
3.16334 -1.70743
3.1641 -1.70094
3.16487 -1.69444
3.16563 -1.68792
3.1664 -1.6814
3.16717 -1.67486
3.16793 -1.66832
3.1687 -1.66176
3.16947 -1.65519
3.17024 -1.64862
3.17101 -1.64203
3.17178 -1.63543
3.17255 -1.62882
3.17332 -1.6222
3.17409 -1.61557
3.17486 -1.60893
3.17563 -1.60228
3.1764 -1.59561
3.17717 -1.58894
3.17794 -1.58225
3.17872 -1.57556
3.17949 -1.56885
3.18026 -1.56213
3.18103 -1.5554
3.18181 -1.54866
3.18258 -1.54191
3.18336 -1.53515
3.18413 -1.52838
3.18491 -1.52159
3.18568 -1.5148
3.18646 -1.50799
3.18724 -1.50117
3.18801 -1.49434
3.18879 -1.4875
3.18957 -1.48064
3.19035 -1.47378
3.19113 -1.4669
3.19191 -1.46002
3.19268 -1.45312
3.19346 -1.44621
3.19424 -1.43929
3.19503 -1.43235
3.19581 -1.42541
3.19659 -1.41845
3.19737 -1.41148
3.19815 -1.4045
3.19893 -1.39751
3.19972 -1.3905
3.2005 -1.38348
3.20128 -1.37646
3.20207 -1.36942
3.20285 -1.36236
3.20364 -1.3553
3.20442 -1.34822
3.20521 -1.34113
3.20599 -1.33403
3.20678 -1.32692
3.20756 -1.31979
3.20835 -1.31266
3.20914 -1.30551
3.20993 -1.29834
3.21071 -1.29117
3.2115 -1.28398
3.21229 -1.27678
3.21308 -1.26957
3.21387 -1.26235
3.21466 -1.25511
3.21545 -1.24786
3.21624 -1.2406
3.21703 -1.23332
3.21783 -1.22604
3.21862 -1.21873
3.21941 -1.21142
3.2202 -1.2041
3.221 -1.19676
3.22179 -1.1894
3.22258 -1.18204
3.22338 -1.17466
3.22417 -1.16727
3.22497 -1.15987
3.22576 -1.15245
3.22656 -1.14502
3.22736 -1.13758
3.22815 -1.13012
3.22895 -1.12265
3.22975 -1.11517
3.23054 -1.10767
3.23134 -1.10016
3.23214 -1.09264
3.23294 -1.0851
3.23374 -1.07755
3.23454 -1.06998
3.23534 -1.06241
3.23614 -1.05482
3.23694 -1.04721
3.23774 -1.03959
3.23855 -1.03196
3.23935 -1.02431
3.24015 -1.01665
3.24095 -1.00898
3.24176 -1.00129
3.24256 -0.993591
3.24337 -0.985875
3.24417 -0.978145
3.24498 -0.970401
3.24578 -0.962643
3.24659 -0.954871
3.24739 -0.947085
3.2482 -0.939284
3.24901 -0.931469
3.24981 -0.923639
3.25062 -0.915795
3.25143 -0.907937
3.25224 -0.900064
3.25305 -0.892177
3.25386 -0.884275
3.25467 -0.876359
3.25548 -0.868427
3.25629 -0.860481
3.2571 -0.852521
3.25791 -0.844545
3.25872 -0.836555
3.25953 -0.82855
3.26035 -0.82053
3.26116 -0.812495
3.26197 -0.804444
3.26279 -0.796379
3.2636 -0.788299
3.26442 -0.780203
3.26523 -0.772092
3.26605 -0.763966
3.26686 -0.755825
3.26768 -0.747668
3.2685 -0.739496
3.26931 -0.731309
3.27013 -0.723106
3.27095 -0.714887
3.27177 -0.706653
3.27259 -0.698403
3.27341 -0.690137
3.27423 -0.681856
3.27505 -0.673559
3.27587 -0.665246
3.27669 -0.656917
3.27751 -0.648572
3.27833 -0.640212
3.27915 -0.631835
3.27997 -0.623442
3.2808 -0.615033
3.28162 -0.606608
3.28244 -0.598167
3.28327 -0.589709
3.28409 -0.581235
3.28492 -0.572744
3.28574 -0.564238
3.28657 -0.555714
3.2874 -0.547174
3.28822 -0.538618
3.28905 -0.530045
3.28988 -0.521455
3.2907 -0.512848
3.29153 -0.504225
3.29236 -0.495585
3.29319 -0.486928
3.29402 -0.478254
3.29485 -0.469563
3.29568 -0.460855
3.29651 -0.45213
3.29734 -0.443387
3.29817 -0.434628
3.29901 -0.425851
3.29984 -0.417056
3.30067 -0.408245
3.30151 -0.399416
3.30234 -0.390569
3.30317 -0.381705
3.30401 -0.372824
3.30484 -0.363924
3.30568 -0.355008
3.30651 -0.346073
3.30735 -0.33712
3.30819 -0.32815
3.30902 -0.319161
3.30986 -0.310155
3.3107 -0.301131
3.31154 -0.292088
3.31238 -0.283028
3.31322 -0.273949
3.31406 -0.264852
3.3149 -0.255736
3.31574 -0.246602
3.31658 -0.23745
3.31742 -0.228279
3.31826 -0.21909
3.3191 -0.209882
3.31995 -0.200655
3.32079 -0.19141
3.32163 -0.182146
3.32248 -0.172863
3.32332 -0.163561
3.32417 -0.15424
3.32501 -0.1449
3.32586 -0.135542
3.3267 -0.126163
3.32755 -0.116766
3.3284 -0.10735
3.32924 -0.0979137
3.33009 -0.0884584
3.33094 -0.0789837
3.33179 -0.0694895
3.33264 -0.0599757
3.33349 -0.0504422
3.33434 -0.0408891
3.33519 -0.0313162
3.33604 -0.0217235
3.33689 -0.0121109
3.33774 -0.00247842
3.33859 0.0071741
3.33945 0.0168467
3.3403 0.0265394
3.34115 0.0362523
3.34201 0.0459855
3.34286 0.055739
3.34372 0.0655129
3.34457 0.0753073
3.34543 0.0851221
3.34628 0.0949575
3.34714 0.104814
3.348 0.11469
3.34885 0.124588
3.34971 0.134506
3.35057 0.144446
3.35143 0.154406
3.35229 0.164387
3.35315 0.17439
3.35401 0.184413
3.35487 0.194458
3.35573 0.204524
3.35659 0.214612
3.35745 0.224721
3.35831 0.234851
3.35918 0.245004
3.36004 0.255177
3.3609 0.265373
3.36177 0.27559
3.36263 0.285829
3.3635 0.29609
3.36436 0.306373
3.36523 0.316678
3.36609 0.327005
3.36696 0.337355
3.36783 0.347726
3.3687 0.35812
3.36956 0.368537
3.37043 0.378976
3.3713 0.389437
3.37217 0.399921
3.37304 0.410428
3.37391 0.420958
3.37478 0.43151
3.37565 0.442086
3.37652 0.452684
3.3774 0.463305
3.37827 0.47395
3.37914 0.484618
3.38002 0.495309
3.38089 0.506023
3.38176 0.516761
3.38264 0.527522
3.38351 0.538307
3.38439 0.549116
3.38527 0.559948
3.38614 0.570805
3.38702 0.581685
3.3879 0.592589
3.38878 0.603517
3.38965 0.614469
3.39053 0.625445
3.39141 0.636446
3.39229 0.647471
3.39317 0.658521
3.39405 0.669595
3.39493 0.680693
3.39582 0.691816
3.3967 0.702964
3.39758 0.714137
3.39846 0.725335
3.39935 0.736557
3.40023 0.747805
3.40111 0.759078
3.402 0.770376
3.40288 0.7817
3.40377 0.793048
3.40466 0.804423
3.40554 0.815823
3.40643 0.827248
3.40732 0.838699
3.40821 0.850176
3.40909 0.861679
3.40998 0.873208
3.41087 0.884763
3.41176 0.896344
3.41265 0.907951
3.41354 0.919584
3.41444 0.931244
3.41533 0.94293
3.41622 0.954643
3.41711 0.966383
3.41801 0.978149
3.4189 0.989942
3.41979 1.00176
3.42069 1.01361
3.42158 1.02548
3.42248 1.03738
3.42337 1.04931
3.42427 1.06127
3.42517 1.07325
3.42607 1.08526
3.42696 1.0973
3.42786 1.10937
3.42876 1.12146
3.42966 1.13358
3.43056 1.14573
3.43146 1.15791
3.43236 1.17012
3.43326 1.18235
3.43416 1.19461
3.43507 1.2069
3.43597 1.21922
3.43687 1.23157
3.43777 1.24395
3.43868 1.25635
3.43958 1.26879
3.44049 1.28125
3.44139 1.29374
3.4423 1.30626
3.44321 1.31881
3.44411 1.33139
3.44502 1.344
3.44593 1.35664
3.44684 1.36931
3.44774 1.38201
3.44865 1.39474
3.44956 1.40749
3.45047 1.42028
3.45138 1.4331
3.4523 1.44595
3.45321 1.45883
3.45412 1.47174
3.45503 1.48468
3.45595 1.49765
3.45686 1.51065
3.45777 1.52368
3.45869 1.53674
3.4596 1.54984
3.46052 1.56296
3.46143 1.57612
3.46235 1.5893
3.46327 1.60252
3.46419 1.61577
3.4651 1.62905
3.46602 1.64237
3.46694 1.65571
3.46786 1.66909
3.46878 1.6825
3.4697 1.69594
3.47062 1.70941
3.47154 1.72292
3.47246 1.73646
3.47339 1.75003
3.47431 1.76363
3.47523 1.77727
3.47616 1.79094
3.47708 1.80464
3.47801 1.81838
3.47893 1.83215
3.47986 1.84595
3.48078 1.85978
3.48171 1.87365
3.48264 1.88756
3.48357 1.90149
3.48449 1.91546
3.48542 1.92947
3.48635 1.9435
3.48728 1.95758
3.48821 1.97168
3.48914 1.98582
3.49007 2


1000/T  log10(tauFit)                
=================================
2.75482 -4.50125
2.83286 -4.01821
2.91545 -3.49828
2.95858 -3.24615
3.003 -2.92227
3.04878 -2.62553
3.09598 -2.24288
3.14465 -1.87884
3.19489 -1.42333


