1e+07 6.28319e+07 -0.053308 1.6761
7.1969e+06 4.52195e+07 0.010278 1.6782
5.1795e+06 3.25438e+07 0.018927 1.6722
3.7276e+06 2.34212e+07 0.022928 1.6735
2.6827e+06 1.68559e+07 0.032616 1.6749
1.9307e+06 1.21309e+07 0.03977 1.6819
1.3895e+06 8.73049e+06 0.049445 1.6891
1e+06 6.28319e+06 0.056847 1.6997
719690 4.52195e+06 0.064627 1.7061
517950 3.25438e+06 0.071568 1.7184
372760 2.34212e+06 0.079602 1.7322
268270 1.68559e+06 0.088818 1.7477
193070 1.21309e+06 0.099424 1.7652
138950 873049 0.11161 1.785
100000 628319 0.12537 1.8076
71969 452195 0.14064 1.8335
51795 325438 0.15734 1.863
37276 234212 0.17521 1.8966
26827 168559 0.19387 1.9351
19307 121309 0.21268 1.9787
13895 87304.9 0.23088 2.0283
10000 62831.9 0.24717 2.0823
7196.9 45219.5 0.26048 2.1418
5179.5 32543.8 0.26919 2.2049
3727.6 23421.2 0.27226 2.2709
2682.7 16855.9 0.26867 2.3373
1930.7 12130.9 0.2583 2.4019
1389.5 8730.49 0.2417 2.4625
1000 6283.19 0.22028 2.5168
719.69 4521.95 0.19589 2.5636
517.95 3254.38 0.17035 2.6028
372.76 2342.12 0.14561 2.6343
268.27 1685.59 0.12298 2.6591
193.07 1213.09 0.10345 2.6782
138.95 873.049 0.08744 2.6927
100 628.319 0.075191 2.7037
71.969 452.195 0.066947 2.712
51.795 325.438 0.062876 2.7182
37.276 234.212 0.063319 2.723
26.827 168.559 0.068882 2.7265
19.307 121.309 0.080676 2.7293
13.895 87.3049 0.10034 2.7315
10 62.8319 0.13001 2.7336
7.1969 45.2195 0.17365 2.7354
5.1795 32.5438 0.23535 2.7375
3.7276 23.4212 0.32235 2.7397
2.6827 16.8559 0.44348 2.743
1.9307 12.1309 0.61334 2.7484
1.3895 8.73049 0.84694 2.7575
1 6.28319 1.1686 2.7717
0.71969 4.52195 1.6161 2.7925
0.51795 3.25438 2.2291 2.8242
0.37276 2.34212 3.0703 2.8677
0.26827 1.68559 4.2239 2.9276
0.19307 1.21309 5.8268 3.0252
0.13895 0.873049 8.0296 3.153
0.1 0.628319 11.055 3.3578
0.071969 0.452195 15.218 3.6537
0.051795 0.325438 20.886 4.0831
0.037276 0.234212 28.591 4.6834
0.026827 0.168559 39.19 5.5552

1e+07 6.28319e+07 -0.027498 1.7158
7.1969e+06 4.52195e+07 0.019621 1.7097
5.1795e+06 3.25438e+07 0.022642 1.7002
3.7276e+06 2.34212e+07 0.022479 1.702
2.6827e+06 1.68559e+07 0.030186 1.7019
1.9307e+06 1.21309e+07 0.035745 1.7075
1.3895e+06 8.73049e+06 0.044032 1.7138
1e+06 6.28319e+06 0.050087 1.723
719690 4.52195e+06 0.055996 1.7284
517950 3.25438e+06 0.061585 1.7389
372760 2.34212e+06 0.06805 1.7507
268270 1.68559e+06 0.075486 1.7638
193070 1.21309e+06 0.084065 1.7784
138950 873049 0.093983 1.7949
100000 628319 0.10528 1.8134
71969 452195 0.11807 1.8346
51795 325438 0.13227 1.8587
37276 234212 0.14798 1.8859
26827 168559 0.16488 1.9171
19307 121309 0.18279 1.9527
13895 87304.9 0.20122 1.9929
10000 62831.9 0.21961 2.0387
7196.9 45219.5 0.23709 2.0893
5179.5 32543.8 0.25248 2.1444
3727.6 23421.2 0.26467 2.2044
2682.7 16855.9 0.27239 2.268
1930.7 12130.9 0.27461 2.3338
1389.5 8730.49 0.27067 2.3998
1000 6283.19 0.26054 2.4638
719.69 4521.95 0.24482 2.5239
517.95 3254.38 0.22471 2.5784
372.76 2342.12 0.20175 2.6261
268.27 1685.59 0.17767 2.6665
193.07 1213.09 0.15406 2.6998
138.95 873.049 0.13219 2.7266
100 628.319 0.11299 2.7479
71.969 452.195 0.097016 2.7645
51.795 325.438 0.084716 2.7773
37.276 234.212 0.076387 2.7871
26.827 168.559 0.072365 2.7947
19.307 121.309 0.073102 2.8005
13.895 87.3049 0.079782 2.8049
10 62.8319 0.093137 2.8084
7.1969 45.2195 0.11548 2.8113
5.1795 32.5438 0.14868 2.8136
3.7276 23.4212 0.19782 2.8159
2.6827 16.8559 0.26748 2.8182
1.9307 12.1309 0.36584 2.8216
1.3895 8.73049 0.50261 2.8251
1 6.28319 0.692 2.8315
0.71969 4.52195 0.95387 2.8421
0.51795 3.25438 1.3144 2.8589
0.37276 2.34212 1.8082 2.8836
0.26827 1.68559 2.4845 2.919
0.19307 1.21309 3.4068 2.9681
0.13895 0.873049 4.6651 3.0342
0.1 0.628319 6.4065 3.1376
0.071969 0.452195 8.7923 3.2866
0.051795 0.325438 11.986 3.4992
0.037276 0.234212 16.404 3.8255
0.026827 0.168559 22.471 4.298

1e+07 6.28319e+07 -0.054208 1.7137
7.1969e+06 4.52195e+07 0.0046731 1.7121
5.1795e+06 3.25438e+07 0.011983 1.7033
3.7276e+06 2.34212e+07 0.014202 1.7054
2.6827e+06 1.68559e+07 0.022526 1.7049
1.9307e+06 1.21309e+07 0.028138 1.7097
1.3895e+06 8.73049e+06 0.036165 1.7149
1e+06 6.28319e+06 0.041533 1.7229
719690 4.52195e+06 0.046845 1.7273
517950 3.25438e+06 0.051138 1.7361
372760 2.34212e+06 0.056096 1.7459
268270 1.68559e+06 0.061781 1.7567
193070 1.21309e+06 0.068348 1.7686
138950 873049 0.075985 1.782
100000 628319 0.084752 1.7968
71969 452195 0.094769 1.8137
51795 325438 0.10606 1.8326
37276 234212 0.11875 1.854
26827 168559 0.13274 1.8784
19307 121309 0.14798 1.9061
13895 87304.9 0.16434 1.9375
10000 62831.9 0.18148 1.9729
7196.9 45219.5 0.19911 2.0127
5179.5 32543.8 0.21672 2.0586
3727.6 23421.2 0.23321 2.108
2682.7 16855.9 0.24782 2.1621
1930.7 12130.9 0.25947 2.2209
1389.5 8730.49 0.267 2.2821
1000 6283.19 0.26974 2.3457
719.69 4521.95 0.26717 2.4098
517.95 3254.38 0.25921 2.4723
372.76 2342.12 0.24628 2.5317
268.27 1685.59 0.22921 2.5866
193.07 1213.09 0.20924 2.6359
138.95 873.049 0.18769 2.6789
100 628.319 0.16603 2.7153
71.969 452.195 0.14527 2.7457
51.795 325.438 0.12647 2.7706
37.276 234.212 0.1103 2.7907
26.827 168.559 0.097442 2.8067
19.307 121.309 0.088305 2.8193
13.895 87.3049 0.083542 2.8292
10 62.8319 0.083575 2.8369
7.1969 45.2195 0.089635 2.843
5.1795 32.5438 0.10283 2.8477
3.7276 23.4212 0.12548 2.8515
2.6827 16.8559 0.16022 2.8547
1.9307 12.1309 0.21084 2.858
1.3895 8.73049 0.28369 2.8605
1 6.28319 0.38589 2.8645
0.71969 4.52195 0.52835 2.8683
0.51795 3.25438 0.72709 2.8769
0.37276 2.34212 1.0008 2.8891
0.26827 1.68559 1.376 2.907
0.19307 1.21309 1.8843 2.9341
0.13895 0.873049 2.5876 2.9721
0.1 0.628319 3.5348 3.0241
0.071969 0.452195 4.8501 3.0918
0.051795 0.325438 6.6539 3.1974
0.037276 0.234212 9.1187 3.3495
0.026827 0.168559 12.502 3.5781

1e+07 6.28319e+07 -0.062675 1.6973
7.1969e+06 4.52195e+07 0.01258 1.7101
5.1795e+06 3.25438e+07 0.012867 1.7083
3.7276e+06 2.34212e+07 0.0099031 1.7092
2.6827e+06 1.68559e+07 0.017331 1.7069
1.9307e+06 1.21309e+07 0.022358 1.7103
1.3895e+06 8.73049e+06 0.029601 1.7146
1e+06 6.28319e+06 0.034324 1.7213
719690 4.52195e+06 0.039238 1.7238
517950 3.25438e+06 0.042546 1.7311
372760 2.34212e+06 0.046308 1.7393
268270 1.68559e+06 0.050605 1.7482
193070 1.21309e+06 0.055582 1.7581
138950 873049 0.061323 1.7689
100000 628319 0.068453 1.7762
71969 452195 0.076251 1.7897
51795 325438 0.085084 1.8048
37276 234212 0.095135 1.8216
26827 168559 0.10637 1.8408
19307 121309 0.11886 1.8626
13895 87304.9 0.13254 1.8872
10000 62831.9 0.14726 1.9151
7196.9 45219.5 0.16286 1.9464
5179.5 32543.8 0.17916 1.9818
3727.6 23421.2 0.19567 2.022
2682.7 16855.9 0.21177 2.0658
1930.7 12130.9 0.2269 2.1143
1389.5 8730.49 0.24016 2.1661
1000 6283.19 0.25092 2.222
719.69 4521.95 0.25835 2.2809
517.95 3254.38 0.26177 2.3413
372.76 2342.12 0.26083 2.4025
268.27 1685.59 0.25543 2.4629
193.07 1213.09 0.24497 2.5222
138.95 873.049 0.2324 2.5758
100 628.319 0.21613 2.6262
71.969 452.195 0.19794 2.6717
51.795 325.438 0.17893 2.7117
37.276 234.212 0.1601 2.746
26.827 168.559 0.14233 2.7753
19.307 121.309 0.12643 2.7996
13.895 87.3049 0.11321 2.8197
10 62.8319 0.10328 2.8362
7.1969 45.2195 0.097522 2.8497
5.1795 32.5438 0.095514 2.8601
3.7276 23.4212 0.10097 2.8687
2.6827 16.8559 0.11308 2.8754
1.9307 12.1309 0.13448 2.8809
1.3895 8.73049 0.16871 2.8851
1 6.28319 0.21867 2.8898
0.71969 4.52195 0.29161 2.8926
0.51795 3.25438 0.39336 2.8979
0.37276 2.34212 0.53691 2.9049
0.26827 1.68559 0.7341 2.912
0.19307 1.21309 1.005 2.9249
0.13895 0.873049 1.3761 2.9444
0.1 0.628319 1.8823 2.9731
0.071969 0.452195 2.5802 3.0118
0.051795 0.325438 3.5415 3.0654
0.037276 0.234212 4.8685 3.1339
0.026827 0.168559 6.7269 3.2432

1e+07 6.28319e+07 -0.057717 1.722
7.1969e+06 4.52195e+07 -0.001343 1.7187
5.1795e+06 3.25438e+07 0.0034091 1.7073
3.7276e+06 2.34212e+07 0.0038296 1.7065
2.6827e+06 1.68559e+07 0.011399 1.7033
1.9307e+06 1.21309e+07 0.016499 1.7055
1.3895e+06 8.73049e+06 0.023777 1.7085
1e+06 6.28319e+06 0.028232 1.7141
719690 4.52195e+06 0.032392 1.7161
517950 3.25438e+06 0.035169 1.7223
372760 2.34212e+06 0.038249 1.7292
268270 1.68559e+06 0.041655 1.7367
193070 1.21309e+06 0.045495 1.7449
138950 873049 0.049956 1.7538
100000 628319 0.055064 1.7635
71969 452195 0.060938 1.7744
51795 325438 0.067658 1.7864
37276 234212 0.075334 1.7997
26827 168559 0.08398 1.8148
19307 121309 0.093682 1.8318
13895 87304.9 0.10444 1.8508
10000 62831.9 0.11628 1.8722
7196.9 45219.5 0.12913 1.8966
5179.5 32543.8 0.14287 1.9239
3727.6 23421.2 0.15736 1.9543
2682.7 16855.9 0.17229 1.9885
1930.7 12130.9 0.18739 2.027
1389.5 8730.49 0.202 2.0683
1000 6283.19 0.21581 2.114
719.69 4521.95 0.22812 2.1633
517.95 3254.38 0.23826 2.2156
372.76 2342.12 0.24572 2.2705
268.27 1685.59 0.25007 2.3274
193.07 1213.09 0.25093 2.385
138.95 873.049 0.2482 2.4424
100 628.319 0.24201 2.4987
71.969 452.195 0.23264 2.5526
51.795 325.438 0.22057 2.6036
37.276 234.212 0.20647 2.6507
26.827 168.559 0.19097 2.6938
19.307 121.309 0.17509 2.7321
13.895 87.3049 0.15931 2.7661
10 62.8319 0.14474 2.7952
7.1969 45.2195 0.13169 2.8205
5.1795 32.5438 0.12164 2.8417
3.7276 23.4212 0.11455 2.8594
2.6827 16.8559 0.11174 2.8739
1.9307 12.1309 0.11535 2.8859
1.3895 8.73049 0.12536 2.8958
1 6.28319 0.14532 2.9039
0.71969 4.52195 0.17707 2.9106
0.51795 3.25438 0.22582 2.9165
0.37276 2.34212 0.29561 2.9217
0.26827 1.68559 0.39481 2.9275
0.19307 1.21309 0.53479 2.9338
0.13895 0.873049 0.73073 2.9432
0.1 0.628319 0.99674 2.9579
0.071969 0.452195 1.3652 2.9771
0.051795 0.325438 1.8689 3.0061
0.037276 0.234212 2.551 3.0486
0.026827 0.168559 3.5092 3.0995

1e+07 6.28319e+07 -0.063701 1.7241
7.1969e+06 4.52195e+07 -0.0064623 1.7208
5.1795e+06 3.25438e+07 -0.00074648 1.7089
3.7276e+06 2.34212e+07 -7.9319e-05 1.7079
2.6827e+06 1.68559e+07 0.007428 1.7041
1.9307e+06 1.21309e+07 0.01232 1.7057
1.3895e+06 8.73049e+06 0.019383 1.7079
1e+06 6.28319e+06 0.023454 1.7127
719690 4.52195e+06 0.027177 1.7138
517950 3.25438e+06 0.02936 1.719
372760 2.34212e+06 0.031759 1.7248
268270 1.68559e+06 0.034344 1.731
193070 1.21309e+06 0.037218 1.7378
138950 873049 0.040543 1.7452
100000 628319 0.044363 1.7531
71969 452195 0.048719 1.7619
51795 325438 0.05374 1.7715
37276 234212 0.059481 1.782
26827 168559 0.06601 1.7939
19307 121309 0.073371 1.8071
13895 87304.9 0.081604 1.8219
10000 62831.9 0.090755 1.8385
7196.9 45219.5 0.10082 1.8572
5179.5 32543.8 0.11178 1.8781
3727.6 23421.2 0.12359 1.9014
2682.7 16855.9 0.13613 1.9277
1930.7 12130.9 0.1492 1.957
1389.5 8730.49 0.16261 1.9895
1000 6283.19 0.17609 2.0257
719.69 4521.95 0.18918 2.0648
517.95 3254.38 0.20151 2.1071
372.76 2342.12 0.21268 2.1526
268.27 1685.59 0.22217 2.2009
193.07 1213.09 0.22963 2.2514
138.95 873.049 0.23468 2.3035
100 628.319 0.2372 2.3569
71.969 452.195 0.23699 2.4105
51.795 325.438 0.23413 2.4636
37.276 234.212 0.22879 2.5155
26.827 168.559 0.22122 2.5656
19.307 121.309 0.21178 2.6133
13.895 87.3049 0.2009 2.6583
10 62.8319 0.18922 2.7
7.1969 45.2195 0.1767 2.7383
5.1795 32.5438 0.16457 2.7727
3.7276 23.4212 0.15318 2.8037
2.6827 16.8559 0.14344 2.8309
1.9307 12.1309 0.13575 2.8545
1.3895 8.73049 0.13227 2.8746
1 6.28319 0.1336 2.8923
0.71969 4.52195 0.14079 2.9061
0.51795 3.25438 0.15727 2.919
0.37276 2.34212 0.18583 2.9297
0.26827 1.68559 0.2284 2.9376
0.19307 1.21309 0.29226 2.9456
0.13895 0.873049 0.38378 2.953
0.1 0.628319 0.51274 2.9627
0.071969 0.452195 0.69566 2.9731
0.051795 0.325438 0.94467 2.9869
0.037276 0.234212 1.2927 3.0069
0.026827 0.168559 1.7726 3.0325

1e+07 6.28319e+07 -0.065293 1.7286
7.1969e+06 4.52195e+07 -0.0088896 1.724
5.1795e+06 3.25438e+07 -0.0033404 1.7116
3.7276e+06 2.34212e+07 -0.002872 1.71
2.6827e+06 1.68559e+07 0.0044275 1.7056
1.9307e+06 1.21309e+07 0.0090212 1.7066
1.3895e+06 8.73049e+06 0.015832 1.7081
1e+06 6.28319e+06 0.019527 1.7123
719690 4.52195e+06 0.022849 1.7126
517950 3.25438e+06 0.0246 1.7169
372760 2.34212e+06 0.026456 1.7218
268270 1.68559e+06 0.028421 1.727
193070 1.21309e+06 0.030621 1.7326
138950 873049 0.033087 1.7387
100000 628319 0.035901 1.7452
71969 452195 0.039134 1.7524
51795 325438 0.042836 1.7602
37276 234212 0.047126 1.7686
26827 168559 0.051974 1.7779
19307 121309 0.057459 1.7883
13895 87304.9 0.063627 1.7999
10000 62831.9 0.070537 1.8126
7196.9 45219.5 0.078222 1.8271
5179.5 32543.8 0.086609 1.8431
3727.6 23421.2 0.095811 1.8609
2682.7 16855.9 0.10569 1.8809
1930.7 12130.9 0.11624 1.9032
1389.5 8730.49 0.12736 1.9281
1000 6283.19 0.13891 1.9555
719.69 4521.95 0.15062 1.9856
517.95 3254.38 0.16229 2.0185
372.76 2342.12 0.1738 2.055
268.27 1685.59 0.18459 2.0936
193.07 1213.09 0.19446 2.135
138.95 873.049 0.20307 2.1785
100 628.319 0.21017 2.2243
71.969 452.195 0.21554 2.2714
51.795 325.438 0.21904 2.3194
37.276 234.212 0.22066 2.3682
26.827 168.559 0.22049 2.417
19.307 121.309 0.21851 2.4652
13.895 87.3049 0.21498 2.5129
10 62.8319 0.21022 2.5592
7.1969 45.2195 0.20397 2.6044
5.1795 32.5438 0.19696 2.6471
3.7276 23.4212 0.18906 2.688
2.6827 16.8559 0.18092 2.7269
1.9307 12.1309 0.17291 2.7627
1.3895 8.73049 0.16579 2.7957
1 6.28319 0.15991 2.826
0.71969 4.52195 0.15618 2.8531
0.51795 3.25438 0.15638 2.8771
0.37276 2.34212 0.16137 2.8983
0.26827 1.68559 0.17387 2.9167
0.19307 1.21309 0.19602 2.9334
0.13895 0.873049 0.23219 2.9454
0.1 0.628319 0.28758 2.957
0.071969 0.452195 0.3661 2.9696
0.051795 0.325438 0.47811 2.9804
0.037276 0.234212 0.63935 2.9924
0.026827 0.168559 0.87118 3.0074

1e+07 6.28319e+07 -0.069231 1.7325
7.1969e+06 4.52195e+07 -0.012018 1.7271
5.1795e+06 3.25438e+07 -0.0062041 1.7143
3.7276e+06 2.34212e+07 -0.0053651 1.7124
2.6827e+06 1.68559e+07 0.001785 1.7075
1.9307e+06 1.21309e+07 0.0062003 1.7081
1.3895e+06 8.73049e+06 0.01268 1.7091
1e+06 6.28319e+06 0.016182 1.7127
719690 4.52195e+06 0.01926 1.7119
517950 3.25438e+06 0.020675 1.7156
372760 2.34212e+06 0.022117 1.7197
268270 1.68559e+06 0.023615 1.7241
193070 1.21309e+06 0.025232 1.7289
138950 873049 0.027081 1.7339
100000 628319 0.029194 1.7392
71969 452195 0.031546 1.7451
51795 325438 0.034282 1.7514
37276 234212 0.037411 1.7581
26827 168559 0.04098 1.7656
19307 121309 0.045035 1.7738
13895 87304.9 0.049635 1.7829
10000 62831.9 0.054786 1.7928
7196.9 45219.5 0.060491 1.8039
5179.5 32543.8 0.066841 1.8163
3727.6 23421.2 0.073833 1.8299
2682.7 16855.9 0.08143 1.8453
1930.7 12130.9 0.089592 1.8622
1389.5 8730.49 0.098357 1.8811
1000 6283.19 0.10761 1.902
719.69 4521.95 0.11723 1.925
517.95 3254.38 0.12718 1.9502
372.76 2342.12 0.13718 1.9778
268.27 1685.59 0.14713 2.0078
193.07 1213.09 0.15684 2.041
138.95 873.049 0.16601 2.0757
100 628.319 0.17436 2.1124
71.969 452.195 0.18181 2.1513
51.795 325.438 0.18818 2.1917
37.276 234.212 0.19326 2.2335
26.827 168.559 0.19709 2.2762
19.307 121.309 0.19969 2.3195
13.895 87.3049 0.201 2.3632
10 62.8319 0.20139 2.4068
7.1969 45.2195 0.20055 2.4503
5.1795 32.5438 0.19905 2.493
3.7276 23.4212 0.19696 2.5351
2.6827 16.8559 0.194 2.5765
1.9307 12.1309 0.19089 2.6172
1.3895 8.73049 0.18781 2.6563
1 6.28319 0.18384 2.6956
0.71969 4.52195 0.18179 2.7298
0.51795 3.25438 0.17901 2.7662
0.37276 2.34212 0.17852 2.8003
0.26827 1.68559 0.17995 2.8301
0.19307 1.21309 0.18492 2.8585
0.13895 0.873049 0.19508 2.8847
0.1 0.628319 0.21253 2.9096
0.071969 0.452195 0.24471 2.9312
0.051795 0.325438 0.287 2.9506
0.037276 0.234212 0.35624 2.9642
0.026827 0.168559 0.45253 2.98

1e+07 6.28319e+07 -0.071034 1.7365
7.1969e+06 4.52195e+07 -0.013766 1.7311
5.1795e+06 3.25438e+07 -0.0080734 1.7179
3.7276e+06 2.34212e+07 -0.007356 1.7155
2.6827e+06 1.68559e+07 -0.00034903 1.7103
1.9307e+06 1.21309e+07 0.0038683 1.7103
1.3895e+06 8.73049e+06 0.010193 1.7109
1e+06 6.28319e+06 0.013463 1.7139
719690 4.52195e+06 0.016267 1.7126
517950 3.25438e+06 0.017439 1.7156
372760 2.34212e+06 0.018609 1.7192
268270 1.68559e+06 0.019759 1.7228
193070 1.21309e+06 0.020965 1.7268
138950 873049 0.022368 1.7311
100000 628319 0.023901 1.7355
71969 452195 0.025638 1.7403
51795 325438 0.027621 1.7455
37276 234212 0.029927 1.7509
26827 168559 0.032532 1.7569
19307 121309 0.035513 1.7634
13895 87304.9 0.038881 1.7706
10000 62831.9 0.042694 1.7783
7196.9 45219.5 0.046931 1.787
5179.5 32543.8 0.051627 1.7966
3727.6 23421.2 0.056857 1.807
2682.7 16855.9 0.062545 1.8187
1930.7 12130.9 0.068728 1.8317
1389.5 8730.49 0.075445 1.8461
1000 6283.19 0.082573 1.8619
719.69 4521.95 0.090108 1.8794
517.95 3254.38 0.098007 1.8986
372.76 2342.12 0.10618 1.9196
268.27 1685.59 0.11456 1.9426
193.07 1213.09 0.12289 1.9675
138.95 873.049 0.13112 1.9944
100 628.319 0.13905 2.0239
71.969 452.195 0.1465 2.0546
51.795 325.438 0.15333 2.0869
37.276 234.212 0.15937 2.1206
26.827 168.559 0.16458 2.1558
19.307 121.309 0.16891 2.1919
13.895 87.3049 0.1724 2.229
10 62.8319 0.17498 2.2663
7.1969 45.2195 0.17671 2.3041
5.1795 32.5438 0.17792 2.3419
3.7276 23.4212 0.17863 2.3795
2.6827 16.8559 0.17911 2.4168
1.9307 12.1309 0.17913 2.455
1.3895 8.73049 0.1796 2.4918
1 6.28319 0.17968 2.529
0.71969 4.52195 0.18025 2.5653
0.51795 3.25438 0.1809 2.6013
0.37276 2.34212 0.18204 2.6377
0.26827 1.68559 0.18435 2.6739
0.19307 1.21309 0.18814 2.7093
0.13895 0.873049 0.19145 2.7423
0.1 0.628319 0.19873 2.7735
0.071969 0.452195 0.21032 2.8084
0.051795 0.325438 0.22774 2.8395
0.037276 0.234212 0.25076 2.8728
0.026827 0.168559 0.29156 2.9005

1e+07 6.28319e+07 -0.072936 1.741
7.1969e+06 4.52195e+07 -0.01536 1.7354
5.1795e+06 3.25438e+07 -0.0097275 1.7218
3.7276e+06 2.34212e+07 -0.0091215 1.7191
2.6827e+06 1.68559e+07 -0.0022404 1.7134
1.9307e+06 1.21309e+07 0.0018658 1.7131
1.3895e+06 8.73049e+06 0.0080736 1.7133
1e+06 6.28319e+06 0.011198 1.7159
719690 4.52195e+06 0.013835 1.7141
517950 3.25438e+06 0.014811 1.7167
372760 2.34212e+06 0.015766 1.7196
268270 1.68559e+06 0.016669 1.7228
193070 1.21309e+06 0.017598 1.7261
138950 873049 0.01864 1.7297
100000 628319 0.019763 1.7335
71969 452195 0.021028 1.7375
51795 325438 0.022479 1.7418
37276 234212 0.024186 1.7462
26827 168559 0.026107 1.751
19307 121309 0.028268 1.7563
13895 87304.9 0.030743 1.762
10000 62831.9 0.033517 1.7681
7196.9 45219.5 0.036678 1.775
5179.5 32543.8 0.040162 1.7824
3727.6 23421.2 0.044022 1.7905
2682.7 16855.9 0.04829 1.7995
1930.7 12130.9 0.052922 1.8095
1389.5 8730.49 0.057973 1.8205
1000 6283.19 0.063371 1.8326
719.69 4521.95 0.069159 1.8459
517.95 3254.38 0.075296 1.8605
372.76 2342.12 0.081722 1.8765
268.27 1685.59 0.088375 1.894
193.07 1213.09 0.095169 1.9131
138.95 873.049 0.10201 1.9337
100 628.319 0.1088 1.9559
71.969 452.195 0.11536 1.9797
51.795 325.438 0.12173 2.0051
37.276 234.212 0.12762 2.0324
26.827 168.559 0.13293 2.0606
19.307 121.309 0.13765 2.0897
13.895 87.3049 0.14162 2.1199
10 62.8319 0.14483 2.1509
7.1969 45.2195 0.14749 2.1824
5.1795 32.5438 0.14954 2.2143
3.7276 23.4212 0.15098 2.2458
2.6827 16.8559 0.15223 2.2774
1.9307 12.1309 0.15251 2.3101
1.3895 8.73049 0.15353 2.3414
1 6.28319 0.15381 2.3741
0.71969 4.52195 0.15514 2.4043
0.51795 3.25438 0.15666 2.4365
0.37276 2.34212 0.16006 2.4679
0.26827 1.68559 0.16197 2.498
0.19307 1.21309 0.16528 2.5298
0.13895 0.873049 0.17012 2.5606
0.1 0.628319 0.17551 2.5934
0.071969 0.452195 0.18623 2.6246
0.051795 0.325438 0.19445 2.6546
0.037276 0.234212 0.21027 2.6859
0.026827 0.168559 0.2275 2.72

1e+07 6.28319e+07 -0.074482 1.7452
7.1969e+06 4.52195e+07 -0.016599 1.7399
5.1795e+06 3.25438e+07 -0.011044 1.726
3.7276e+06 2.34212e+07 -0.010563 1.7229
2.6827e+06 1.68559e+07 -0.0037638 1.717
1.9307e+06 1.21309e+07 0.00024654 1.7163
1.3895e+06 8.73049e+06 0.0063569 1.7162
1e+06 6.28319e+06 0.0093462 1.7184
719690 4.52195e+06 0.011879 1.7162
517950 3.25438e+06 0.012736 1.7184
372760 2.34212e+06 0.013521 1.721
268270 1.68559e+06 0.014255 1.7236
193070 1.21309e+06 0.014941 1.7266
138950 873049 0.015745 1.7296
100000 628319 0.016609 1.7328
71969 452195 0.017545 1.7362
51795 325438 0.0186 1.7398
37276 234212 0.01984 1.7434
26827 168559 0.021242 1.7475
19307 121309 0.022837 1.7517
13895 87304.9 0.024672 1.7563
10000 62831.9 0.026721 1.7612
7196.9 45219.5 0.029036 1.7667
5179.5 32543.8 0.031649 1.7726
3727.6 23421.2 0.034524 1.7789
2682.7 16855.9 0.037715 1.786
1930.7 12130.9 0.041222 1.7938
1389.5 8730.49 0.045022 1.8024
1000 6283.19 0.049129 1.8117
719.69 4521.95 0.053567 1.822
517.95 3254.38 0.058289 1.8332
372.76 2342.12 0.063287 1.8455
268.27 1685.59 0.068511 1.8589
193.07 1213.09 0.073915 1.8736
138.95 873.049 0.07945 1.8895
100 628.319 0.085095 1.9066
71.969 452.195 0.090657 1.9251
51.795 325.438 0.096138 1.9448
37.276 234.212 0.10141 1.9658
26.827 168.559 0.10637 1.988
19.307 121.309 0.11079 2.0113
13.895 87.3049 0.11509 2.0364
10 62.8319 0.11851 2.0617
7.1969 45.2195 0.12146 2.0876
5.1795 32.5438 0.12375 2.1137
3.7276 23.4212 0.12574 2.1406
2.6827 16.8559 0.12685 2.1673
1.9307 12.1309 0.12766 2.1945
1.3895 8.73049 0.12836 2.2209
1 6.28319 0.12813 2.2483
0.71969 4.52195 0.12895 2.2742
0.51795 3.25438 0.12923 2.3012
0.37276 2.34212 0.13077 2.3272
0.26827 1.68559 0.1321 2.3524
0.19307 1.21309 0.13324 2.3777
0.13895 0.873049 0.13549 2.4034
0.1 0.628319 0.13911 2.4287
0.071969 0.452195 0.14724 2.4541
0.051795 0.325438 0.15088 2.4777
0.037276 0.234212 0.1599 2.5034
0.026827 0.168559 0.1666 2.5297

1e+07 6.28319e+07 -0.075009 1.7504
7.1969e+06 4.52195e+07 -0.017649 1.7443
5.1795e+06 3.25438e+07 -0.012154 1.7301
3.7276e+06 2.34212e+07 -0.011756 1.7268
2.6827e+06 1.68559e+07 -0.0050027 1.7206
1.9307e+06 1.21309e+07 -0.0010488 1.7197
1.3895e+06 8.73049e+06 0.0049965 1.7193
1e+06 6.28319e+06 0.0079098 1.7212
719690 4.52195e+06 0.010342 1.7188
517950 3.25438e+06 0.011073 1.7206
372760 2.34212e+06 0.011773 1.7228
268270 1.68559e+06 0.012366 1.7252
193070 1.21309e+06 0.012948 1.7277
138950 873049 0.013549 1.7304
100000 628319 0.014216 1.7331
71969 452195 0.014915 1.7361
51795 325438 0.015713 1.7391
37276 234212 0.016616 1.7422
26827 168559 0.017656 1.7456
19307 121309 0.018829 1.7492
13895 87304.9 0.020197 1.753
10000 62831.9 0.021715 1.757
7196.9 45219.5 0.023463 1.7614
5179.5 32543.8 0.025403 1.7662
3727.6 23421.2 0.027604 1.7713
2682.7 16855.9 0.030023 1.7769
1930.7 12130.9 0.032687 1.7831
1389.5 8730.49 0.035596 1.7899
1000 6283.19 0.038769 1.7972
719.69 4521.95 0.042185 1.8053
517.95 3254.38 0.045857 1.8141
372.76 2342.12 0.049776 1.8237
268.27 1685.59 0.053903 1.8342
193.07 1213.09 0.058214 1.8457
138.95 873.049 0.062724 1.8581
100 628.319 0.067353 1.8716
71.969 452.195 0.072024 1.8861
51.795 325.438 0.076678 1.9016
37.276 234.212 0.081314 1.9182
26.827 168.559 0.085817 1.936
19.307 121.309 0.089959 1.9549
13.895 87.3049 0.094004 1.9747
10 62.8319 0.097592 1.9952
7.1969 45.2195 0.10061 2.0164
5.1795 32.5438 0.10345 2.0391
3.7276 23.4212 0.10563 2.0615
2.6827 16.8559 0.10709 2.0839
1.9307 12.1309 0.1082 2.1076
1.3895 8.73049 0.10914 2.1303
1 6.28319 0.10983 2.1538
0.71969 4.52195 0.10929 2.1765
0.51795 3.25438 0.11009 2.1994
0.37276 2.34212 0.10922 2.2214
0.26827 1.68559 0.10901 2.2433
0.19307 1.21309 0.10944 2.265
0.13895 0.873049 0.10995 2.2848
0.1 0.628319 0.11094 2.3044
0.071969 0.452195 0.11087 2.3266
0.051795 0.325438 0.11213 2.3468
0.037276 0.234212 0.11785 2.366
0.026827 0.168559 0.123 2.3854

1e+07 6.28319e+07 -0.078108 1.754
7.1969e+06 4.52195e+07 -0.018511 1.7485
5.1795e+06 3.25438e+07 -0.013001 1.7341
3.7276e+06 2.34212e+07 -0.012656 1.7306
2.6827e+06 1.68559e+07 -0.0059638 1.7241
1.9307e+06 1.21309e+07 -0.0020839 1.723
1.3895e+06 8.73049e+06 0.0039071 1.7223
1e+06 6.28319e+06 0.0067465 1.7241
719690 4.52195e+06 0.0091121 1.7214
517950 3.25438e+06 0.0097986 1.7229
372760 2.34212e+06 0.010405 1.7249
268270 1.68559e+06 0.010916 1.727
193070 1.21309e+06 0.01138 1.7292
138950 873049 0.011885 1.7316
100000 628319 0.0124 1.734
71969 452195 0.012936 1.7366
51795 325438 0.013531 1.7393
37276 234212 0.014231 1.7419
26827 168559 0.015005 1.7448
19307 121309 0.015893 1.7479
13895 87304.9 0.016891 1.7511
10000 62831.9 0.018051 1.7545
7196.9 45219.5 0.019361 1.7582
5179.5 32543.8 0.02084 1.7621
3727.6 23421.2 0.022539 1.7663
2682.7 16855.9 0.024402 1.7709
1930.7 12130.9 0.026448 1.7759
1389.5 8730.49 0.02873 1.7814
1000 6283.19 0.031171 1.7873
719.69 4521.95 0.033864 1.7937
517.95 3254.38 0.036733 1.8008
372.76 2342.12 0.039847 1.8085
268.27 1685.59 0.043159 1.8168
193.07 1213.09 0.046662 1.8259
138.95 873.049 0.050333 1.8358
100 628.319 0.054115 1.8465
71.969 452.195 0.058037 1.8581
51.795 325.438 0.062017 1.8706
37.276 234.212 0.066045 1.8839
26.827 168.559 0.070007 1.8983
19.307 121.309 0.073923 1.9135
13.895 87.3049 0.077534 1.9295
10 62.8319 0.081218 1.9465
7.1969 45.2195 0.084515 1.9644
5.1795 32.5438 0.087067 1.9829
3.7276 23.4212 0.089751 2.002
2.6827 16.8559 0.091787 2.0214
1.9307 12.1309 0.093291 2.0423
1.3895 8.73049 0.094523 2.0622
1 6.28319 0.095325 2.0833
0.71969 4.52195 0.095359 2.1027
0.51795 3.25438 0.095961 2.1236
0.37276 2.34212 0.0957 2.1427
0.26827 1.68559 0.095066 2.1618
0.19307 1.21309 0.094676 2.1813
0.13895 0.873049 0.095228 2.2003
0.1 0.628319 0.094208 2.219
0.071969 0.452195 0.09632 2.2355
0.051795 0.325438 0.097033 2.2523
0.037276 0.234212 0.095651 2.2705
0.026827 0.168559 0.098378 2.2834

1e+07 6.28319e+07 -0.074369 1.7465
7.1969e+06 4.52195e+07 -0.016756 1.741
5.1795e+06 3.25438e+07 -0.011207 1.727
3.7276e+06 2.34212e+07 -0.010801 1.7239
2.6827e+06 1.68559e+07 -0.004044 1.7179
1.9307e+06 1.21309e+07 -7.7507e-05 1.7172
1.3895e+06 8.73049e+06 0.0059845 1.7169
1e+06 6.28319e+06 0.0089267 1.719
719690 4.52195e+06 0.011384 1.7168
517950 3.25438e+06 0.012208 1.7189
372760 2.34212e+06 0.012975 1.7213
268270 1.68559e+06 0.013664 1.7239
193070 1.21309e+06 0.014328 1.7267
138950 873049 0.015089 1.7296
100000 628319 0.015892 1.7326
71969 452195 0.016773 1.7359
51795 325438 0.017755 1.7393
37276 234212 0.018927 1.7428
26827 168559 0.020252 1.7467
19307 121309 0.021748 1.7507
13895 87304.9 0.023461 1.7551
10000 62831.9 0.02542 1.7598
7196.9 45219.5 0.027577 1.765
5179.5 32543.8 0.030025 1.7707
3727.6 23421.2 0.032787 1.7767
2682.7 16855.9 0.035792 1.7835
1930.7 12130.9 0.039081 1.7909
1389.5 8730.49 0.042677 1.799
1000 6283.19 0.046585 1.8079
719.69 4521.95 0.050765 1.8177
517.95 3254.38 0.055208 1.8284
372.76 2342.12 0.059926 1.8401
268.27 1685.59 0.064877 1.8529
193.07 1213.09 0.070005 1.8668
138.95 873.049 0.075247 1.8819
100 628.319 0.080525 1.8983
71.969 452.195 0.085844 1.9158
51.795 325.438 0.090956 1.9346
37.276 234.212 0.09593 1.9546
26.827 168.559 0.1006 1.9758
19.307 121.309 0.10483 1.9981
13.895 87.3049 0.10863 2.0212
10 62.8319 0.11193 2.0461
7.1969 45.2195 0.1147 2.0708
5.1795 32.5438 0.11661 2.0956
3.7276 23.4212 0.11829 2.1216
2.6827 16.8559 0.11909 2.1469
1.9307 12.1309 0.11987 2.1731
1.3895 8.73049 0.11989 2.1986
1 6.28319 0.12011 2.2241
0.71969 4.52195 0.11987 2.2495
0.51795 3.25438 0.12064 2.2745
0.37276 2.34212 0.12024 2.2998
0.26827 1.68559 0.12069 2.325
0.19307 1.21309 0.1225 2.3505
0.13895 0.873049 0.12517 2.3759
0.1 0.628319 0.12965 2.4006
0.071969 0.452195 0.1332 2.429
0.051795 0.325438 0.13905 2.4559
0.037276 0.234212 0.14448 2.4843
0.026827 0.168559 0.16021 2.512

1e+07 6.28319e+07 -0.070842 1.7372
7.1969e+06 4.52195e+07 -0.013945 1.7316
5.1795e+06 3.25438e+07 -0.0082611 1.7183
3.7276e+06 2.34212e+07 -0.0076342 1.7159
2.6827e+06 1.68559e+07 -0.00065241 1.7106
1.9307e+06 1.21309e+07 0.0035519 1.7106
1.3895e+06 8.73049e+06 0.0098221 1.711
1e+06 6.28319e+06 0.013076 1.714
719690 4.52195e+06 0.015802 1.7126
517950 3.25438e+06 0.016915 1.7156
372760 2.34212e+06 0.018079 1.719
268270 1.68559e+06 0.019203 1.7225
193070 1.21309e+06 0.020371 1.7264
138950 873049 0.021703 1.7305
100000 628319 0.023188 1.7349
71969 452195 0.024875 1.7396
51795 325438 0.0268 1.7446
37276 234212 0.029017 1.7499
26827 168559 0.031545 1.7557
19307 121309 0.03443 1.762
13895 87304.9 0.037662 1.769
10000 62831.9 0.041336 1.7765
7196.9 45219.5 0.045424 1.785
5179.5 32543.8 0.049987 1.7942
3727.6 23421.2 0.05505 1.8044
2682.7 16855.9 0.060598 1.8158
1930.7 12130.9 0.066582 1.8284
1389.5 8730.49 0.073083 1.8424
1000 6283.19 0.08001 1.8578
719.69 4521.95 0.08735 1.8748
517.95 3254.38 0.095069 1.8935
372.76 2342.12 0.10307 1.9139
268.27 1685.59 0.11121 1.9363
193.07 1213.09 0.11941 1.9606
138.95 873.049 0.12748 1.9869
100 628.319 0.13525 2.015
71.969 452.195 0.14271 2.0458
51.795 325.438 0.14947 2.0774
37.276 234.212 0.15554 2.1106
26.827 168.559 0.16072 2.1451
19.307 121.309 0.16505 2.1806
13.895 87.3049 0.16851 2.2169
10 62.8319 0.17125 2.2536
7.1969 45.2195 0.17289 2.2908
5.1795 32.5438 0.17391 2.3282
3.7276 23.4212 0.17509 2.3658
2.6827 16.8559 0.17542 2.4032
1.9307 12.1309 0.17561 2.4405
1.3895 8.73049 0.17614 2.4777
1 6.28319 0.17628 2.5151
0.71969 4.52195 0.17715 2.5509
0.51795 3.25438 0.17829 2.5878
0.37276 2.34212 0.17976 2.6247
0.26827 1.68559 0.18209 2.6616
0.19307 1.21309 0.18531 2.6987
0.13895 0.873049 0.19023 2.7333
0.1 0.628319 0.19968 2.7677
0.071969 0.452195 0.20978 2.8035
0.051795 0.325438 0.22833 2.8367
0.037276 0.234212 0.25383 2.8666
0.026827 0.168559 0.29213 2.8985

1e+07 6.28319e+07 -0.067695 1.7277
7.1969e+06 4.52195e+07 -0.010038 1.7239
5.1795e+06 3.25438e+07 -0.0041054 1.7115
3.7276e+06 2.34212e+07 -0.0031701 1.71
2.6827e+06 1.68559e+07 0.0041266 1.7056
1.9307e+06 1.21309e+07 0.0086924 1.7066
1.3895e+06 8.73049e+06 0.015341 1.7082
1e+06 6.28319e+06 0.019053 1.7122
719690 4.52195e+06 0.022265 1.712
517950 3.25438e+06 0.023987 1.7163
372760 2.34212e+06 0.025786 1.7211
268270 1.68559e+06 0.02769 1.7261
193070 1.21309e+06 0.029779 1.7317
138950 873049 0.032187 1.7376
100000 628319 0.034941 1.7439
71969 452195 0.038048 1.7509
51795 325438 0.041642 1.7585
37276 234212 0.045792 1.7667
26827 168559 0.050495 1.7759
19307 121309 0.055807 1.786
13895 87304.9 0.061816 1.7973
10000 62831.9 0.068549 1.8097
7196.9 45219.5 0.075963 1.8237
5179.5 32543.8 0.084219 1.8394
3727.6 23421.2 0.093178 1.8568
2682.7 16855.9 0.10286 1.8763
1930.7 12130.9 0.11324 1.8981
1389.5 8730.49 0.12417 1.9224
1000 6283.19 0.13553 1.9492
719.69 4521.95 0.14718 1.9788
517.95 3254.38 0.1588 2.0111
372.76 2342.12 0.1703 2.0471
268.27 1685.59 0.18114 2.0851
193.07 1213.09 0.19117 2.126
138.95 873.049 0.19998 2.169
100 628.319 0.2073 2.214
71.969 452.195 0.21298 2.2607
51.795 325.438 0.21683 2.3085
37.276 234.212 0.21889 2.357
26.827 168.559 0.21918 2.4058
19.307 121.309 0.21764 2.4543
13.895 87.3049 0.21456 2.5019
10 62.8319 0.21009 2.5487
7.1969 45.2195 0.20413 2.5935
5.1795 32.5438 0.19776 2.6365
3.7276 23.4212 0.19034 2.6783
2.6827 16.8559 0.18246 2.7175
1.9307 12.1309 0.17441 2.7543
1.3895 8.73049 0.16778 2.7879
1 6.28319 0.16151 2.8198
0.71969 4.52195 0.15761 2.8468
0.51795 3.25438 0.15708 2.873
0.37276 2.34212 0.16251 2.8956
0.26827 1.68559 0.17386 2.9142
0.19307 1.21309 0.19585 2.9306
0.13895 0.873049 0.23187 2.9455
0.1 0.628319 0.28695 2.9586
0.071969 0.452195 0.3705 2.9709
0.051795 0.325438 0.48732 2.9807
0.037276 0.234212 0.65284 2.9911
0.026827 0.168559 0.88211 3.0093

1e+07 6.28319e+07 -0.061741 1.7224
7.1969e+06 4.52195e+07 -0.0048541 1.7181
5.1795e+06 3.25438e+07 0.0014734 1.7069
3.7276e+06 2.34212e+07 0.0028728 1.7066
2.6827e+06 1.68559e+07 0.010671 1.7035
1.9307e+06 1.21309e+07 0.015757 1.7058
1.3895e+06 8.73049e+06 0.023081 1.7087
1e+06 6.28319e+06 0.027508 1.7143
719690 4.52195e+06 0.031574 1.7158
517950 3.25438e+06 0.034295 1.7219
372760 2.34212e+06 0.03729 1.7286
268270 1.68559e+06 0.040586 1.7359
193070 1.21309e+06 0.044352 1.7439
138950 873049 0.048612 1.7526
100000 628319 0.053581 1.7621
71969 452195 0.059229 1.7727
51795 325438 0.065761 1.7844
37276 234212 0.073201 1.7974
26827 168559 0.081612 1.8121
19307 121309 0.091062 1.8286
13895 87304.9 0.10157 1.8472
10000 62831.9 0.11313 1.868
7196.9 45219.5 0.12573 1.8918
5179.5 32543.8 0.13926 1.9184
3727.6 23421.2 0.15354 1.9481
2682.7 16855.9 0.16836 1.9816
1930.7 12130.9 0.1833 2.0187
1389.5 8730.49 0.19811 2.0607
1000 6283.19 0.21204 2.1054
719.69 4521.95 0.22463 2.1539
517.95 3254.38 0.23527 2.2056
372.76 2342.12 0.24343 2.2604
268.27 1685.59 0.24844 2.3167
193.07 1213.09 0.25009 2.3742
138.95 873.049 0.24822 2.4318
100 628.319 0.24286 2.4884
71.969 452.195 0.23427 2.543
51.795 325.438 0.22287 2.5948
37.276 234.212 0.20938 2.6427
26.827 168.559 0.19439 2.6866
19.307 121.309 0.17862 2.7263
13.895 87.3049 0.16299 2.7613
10 62.8319 0.14806 2.7919
7.1969 45.2195 0.13498 2.818
5.1795 32.5438 0.12409 2.8404
3.7276 23.4212 0.11645 2.8588
2.6827 16.8559 0.11332 2.8743
1.9307 12.1309 0.11535 2.8869
1.3895 8.73049 0.12526 2.8974
1 6.28319 0.14307 2.9055
0.71969 4.52195 0.17452 2.9126
0.51795 3.25438 0.22036 2.9183
0.37276 2.34212 0.28855 2.9236
0.26827 1.68559 0.3879 2.9295
0.19307 1.21309 0.52732 2.9366
0.13895 0.873049 0.72248 2.9445
0.1 0.628319 0.99738 2.9558
0.071969 0.452195 1.3713 2.9783
0.051795 0.325438 1.8866 3.0107
0.037276 0.234212 2.5955 3.0517
0.026827 0.168559 3.5543 3.1111

1e+07 6.28319e+07 -0.053825 1.7194
7.1969e+06 4.52195e+07 0.0030779 1.7165
5.1795e+06 3.25438e+07 0.0095529 1.7067
3.7276e+06 2.34212e+07 0.011104 1.7078
2.6827e+06 1.68559e+07 0.019596 1.7062
1.9307e+06 1.21309e+07 0.025616 1.7102
1.3895e+06 8.73049e+06 0.034066 1.7149
1e+06 6.28319e+06 0.039699 1.7226
719690 4.52195e+06 0.04524 1.7268
517950 3.25438e+06 0.049651 1.7354
372760 2.34212e+06 0.05469 1.745
268270 1.68559e+06 0.06037 1.7556
193070 1.21309e+06 0.066867 1.7673
138950 873049 0.074421 1.7804
100000 628319 0.08311 1.795
71969 452195 0.092979 1.8116
51795 325438 0.10419 1.8302
37276 234212 0.11677 1.8512
26827 168559 0.13073 1.8752
19307 121309 0.14601 1.9026
13895 87304.9 0.16236 1.9336
10000 62831.9 0.17956 1.9687
7196.9 45219.5 0.19727 2.0083
5179.5 32543.8 0.21491 2.0535
3727.6 23421.2 0.23155 2.1026
2682.7 16855.9 0.24639 2.1563
1930.7 12130.9 0.25853 2.2147
1389.5 8730.49 0.26681 2.2757
1000 6283.19 0.27053 2.3393
719.69 4521.95 0.2691 2.4037
517.95 3254.38 0.26227 2.4672
372.76 2342.12 0.2504 2.5278
268.27 1685.59 0.23421 2.5841
193.07 1213.09 0.21486 2.635
138.95 873.049 0.19354 2.6798
100 628.319 0.1717 2.7182
71.969 452.195 0.15066 2.7503
51.795 325.438 0.13133 2.7766
37.276 234.212 0.11451 2.798
26.827 168.559 0.10085 2.815
19.307 121.309 0.090965 2.8284
13.895 87.3049 0.085175 2.8391
10 62.8319 0.084451 2.8473
7.1969 45.2195 0.089574 2.8536
5.1795 32.5438 0.10178 2.8588
3.7276 23.4212 0.12278 2.8629
2.6827 16.8559 0.15588 2.8662
1.9307 12.1309 0.20439 2.869
1.3895 8.73049 0.27486 2.8717
1 6.28319 0.37362 2.8756
0.71969 4.52195 0.51291 2.8792
0.51795 3.25438 0.70572 2.8871
0.37276 2.34212 0.97422 2.8993
0.26827 1.68559 1.3465 2.9163
0.19307 1.21309 1.8575 2.9427
0.13895 0.873049 2.5653 2.9798
0.1 0.628319 3.5366 3.032
0.071969 0.452195 4.875 3.1006
0.051795 0.325438 6.7197 3.2068
0.037276 0.234212 9.2632 3.3602
0.026827 0.168559 12.691 3.5921

1e+07 6.28319e+07 -0.050956 1.7068
7.1969e+06 4.52195e+07 0.022746 1.7191
5.1795e+06 3.25438e+07 0.024313 1.7184
3.7276e+06 2.34212e+07 0.022837 1.7213
2.6827e+06 1.68559e+07 0.032156 1.7211
1.9307e+06 1.21309e+07 0.039543 1.7271
1.3895e+06 8.73049e+06 0.049521 1.7348
1e+06 6.28319e+06 0.057368 1.7452
719690 4.52195e+06 0.065752 1.7522
517950 3.25438e+06 0.073083 1.7647
372760 2.34212e+06 0.0815 1.7788
268270 1.68559e+06 0.091101 1.7947
193070 1.21309e+06 0.10216 1.8126
138950 873049 0.11473 1.8329
100000 628319 0.12897 1.8559
71969 452195 0.14484 1.8825
51795 325438 0.16225 1.9128
37276 234212 0.181 1.9473
26827 168559 0.20057 1.9869
19307 121309 0.22053 2.0332
13895 87304.9 0.23967 2.0835
10000 62831.9 0.25703 2.1395
7196.9 45219.5 0.2713 2.2012
5179.5 32543.8 0.28099 2.2668
3727.6 23421.2 0.28482 2.3355
2682.7 16855.9 0.28192 2.4049
1930.7 12130.9 0.27199 2.4726
1389.5 8730.49 0.25553 2.5366
1000 6283.19 0.23386 2.5942
719.69 4521.95 0.20874 2.6444
517.95 3254.38 0.18235 2.6863
372.76 2342.12 0.15634 2.7204
268.27 1685.59 0.13233 2.7472
193.07 1213.09 0.11144 2.768
138.95 873.049 0.094108 2.7839
100 628.319 0.080753 2.7958
71.969 452.195 0.071547 2.8048
51.795 325.438 0.066664 2.8116
37.276 234.212 0.066475 2.8167
26.827 168.559 0.071654 2.8204
19.307 121.309 0.083184 2.8233
13.895 87.3049 0.10271 2.8257
10 62.8319 0.13263 2.8276
7.1969 45.2195 0.17632 2.8293
5.1795 32.5438 0.23893 2.8312
3.7276 23.4212 0.32705 2.8335
2.6827 16.8559 0.45044 2.8366
1.9307 12.1309 0.62196 2.8423
1.3895 8.73049 0.86073 2.8499
1 6.28319 1.19 2.8633
0.71969 4.52195 1.6429 2.8842
0.51795 3.25438 2.2677 2.9151
0.37276 2.34212 3.1262 2.9567
0.26827 1.68559 4.3085 3.0137
0.19307 1.21309 5.9494 3.1052
0.13895 0.873049 8.1991 3.2346
0.1 0.628319 11.318 3.4418
0.071969 0.452195 15.59 3.7515
0.051795 0.325438 21.502 4.2026
0.037276 0.234212 29.462 4.8468
0.026827 0.168559 40.374 5.7773

1e+07 6.28319e+07 -0.013649 1.7739
7.1969e+06 4.52195e+07 0.038711 1.7727
5.1795e+06 3.25438e+07 0.043335 1.7662
3.7276e+06 2.34212e+07 0.045082 1.7717
2.6827e+06 1.68559e+07 0.055563 1.7757
1.9307e+06 1.21309e+07 0.064409 1.786
1.3895e+06 8.73049e+06 0.072466 1.8002
1e+06 6.28319e+06 0.087332 1.8133
719690 4.52195e+06 0.098693 1.826
517950 3.25438e+06 0.11043 1.8449
372760 2.34212e+06 0.12399 1.8667
268270 1.68559e+06 0.13936 1.8914
193070 1.21309e+06 0.1566 1.9199
138950 873049 0.17572 1.9527
100000 628319 0.19628 1.9904
71969 452195 0.21793 2.0349
51795 325438 0.23954 2.0843
37276 234212 0.25994 2.1405
26827 168559 0.27759 2.2028
19307 121309 0.29072 2.2712
13895 87304.9 0.29744 2.3431
10000 62831.9 0.29644 2.4169
7196.9 45219.5 0.28701 2.4901
5179.5 32543.8 0.26945 2.5594
3727.6 23421.2 0.24525 2.6214
2682.7 16855.9 0.21653 2.6748
1930.7 12130.9 0.18617 2.7184
1389.5 8730.49 0.15651 2.7526
1000 6283.19 0.12948 2.7786
719.69 4521.95 0.10624 2.7978
517.95 3254.38 0.087292 2.8118
372.76 2342.12 0.072839 2.8219
268.27 1685.59 0.062744 2.8292
193.07 1213.09 0.056975 2.8345
138.95 873.049 0.055666 2.8384
100 628.319 0.059136 2.8414
71.969 452.195 0.068111 2.8436
51.795 325.438 0.083832 2.8453
37.276 234.212 0.1082 2.8468
26.827 168.559 0.14384 2.8482
19.307 121.309 0.1949 2.8495
13.895 87.3049 0.26695 2.8511
10 62.8319 0.36824 2.8533
7.1969 45.2195 0.50877 2.8565
5.1795 32.5438 0.70432 2.8619
3.7276 23.4212 0.97518 2.8706
2.6827 16.8559 1.3505 2.8847
1.9307 12.1309 1.8652 2.906
1.3895 8.73049 2.5802 2.9379
1 6.28319 3.5534 2.9833
0.71969 4.52195 4.9004 3.0469
0.51795 3.25438 6.7695 3.1483
0.37276 2.34212 9.3196 3.3008
0.26827 1.68559 12.839 3.5373
0.19307 1.21309 17.698 3.8757
0.13895 0.873049 24.315 4.3552
0.1 0.628319 33.46 5.0674
0.071969 0.452195 45.972 6.0744
0.051795 0.325438 63.046 7.4355
0.037276 0.234212 86.649 9.2617
0.026827 0.168559 118.83 11.534

1e+07 6.28319e+07 0.0065174 1.9072
7.1969e+06 4.52195e+07 0.06102 1.9045
5.1795e+06 3.25438e+07 0.06779 1.9005
3.7276e+06 2.34212e+07 0.072506 1.9099
2.6827e+06 1.68559e+07 0.086689 1.9184
1.9307e+06 1.21309e+07 0.099937 1.9346
1.3895e+06 8.73049e+06 0.11319 1.9558
1e+06 6.28319e+06 0.13419 1.9772
719690 4.52195e+06 0.15222 1.9996
517950 3.25438e+06 0.17107 2.0314
372760 2.34212e+06 0.19217 2.0675
268270 1.68559e+06 0.2149 2.1085
193070 1.21309e+06 0.23893 2.1568
138950 873049 0.26303 2.2112
100000 628319 0.28567 2.2733
71969 452195 0.30496 2.3433
51795 325438 0.3185 2.4192
37276 234212 0.32404 2.5006
26827 168559 0.31975 2.5829
19307 121309 0.30507 2.6628
13895 87304.9 0.28092 2.7364
10000 62831.9 0.24976 2.8006
7196.9 45219.5 0.21478 2.8532
5179.5 32543.8 0.17954 2.8944
3727.6 23421.2 0.14683 2.925
2682.7 16855.9 0.11836 2.947
1930.7 12130.9 0.095022 2.9626
1389.5 8730.49 0.076924 2.9735
1000 6283.19 0.063765 2.9814
719.69 4521.95 0.055326 2.9868
517.95 3254.38 0.051356 2.991
372.76 2342.12 0.051911 2.9939
268.27 1685.59 0.057365 2.9962
193.07 1213.09 0.068542 2.9981
138.95 873.049 0.086753 2.9997
100 628.319 0.11414 3.0014
71.969 452.195 0.15373 3.0028
51.795 325.438 0.20971 3.0046
37.276 234.212 0.28859 3.0065
26.827 168.559 0.39843 3.0089
19.307 121.309 0.55138 3.0123
13.895 87.3049 0.76391 3.0177
10 62.8319 1.0585 3.0268
7.1969 45.2195 1.4656 3.0405
5.1795 32.5438 2.027 3.0618
3.7276 23.4212 2.8029 3.0942
2.6827 16.8559 3.8684 3.1403
1.9307 12.1309 5.3436 3.2108
1.3895 8.73049 7.3787 3.3157
1 6.28319 10.175 3.4821
0.71969 4.52195 14.024 3.7232
0.51795 3.25438 19.273 4.0771
0.37276 2.34212 26.407 4.539
0.26827 1.68559 36.294 5.2419
0.19307 1.21309 49.852 6.1579
0.13895 0.873049 68.44 7.334
0.1 0.628319 94.387 8.8215
0.071969 0.452195 129.97 10.549
0.051795 0.325438 180.63 12.44
0.037276 0.234212 250.86 14.457
0.026827 0.168559 348.41 16.735
